
CASCADE Topology V1, (c) Matra-Datavision
Locations 19
1
1.000000000000000 0.000000000000000 0.000000000000000 0.000000000000000 
0.000000000000000 1.000000000000000 0.000000000000000 0.000000000000000 
0.000000000000000 0.000000000000000 1.000000000000000 0.000000000000000 
1
1.000000000000000 0.000000000000000 0.000000000000000 0.000000000000000 
0.000000000000000 1.000000000000000 0.000000000000000 0.000000000000000 
0.000000000000000 0.000000000000000 1.000000000000000 0.000000000000000 
1
1.000000000000000 0.000000000000000 0.000000000000000 0.000000000000000 
0.000000000000000 1.000000000000000 0.000000000000000 0.000000000000000 
0.000000000000000 0.000000000000000 1.000000000000000 0.000000000000000 
1
1.000000000000000 0.000000000000000 0.000000000000000 0.000000000000000 
0.000000000000000 1.000000000000000 0.000000000000000 0.000000000000000 
0.000000000000000 0.000000000000000 1.000000000000000 0.000000000000000 
1
1.000000000000000 0.000000000000000 0.000000000000000 0.000000000000000 
0.000000000000000 1.000000000000000 0.000000000000000 0.000000000000000 
0.000000000000000 0.000000000000000 1.000000000000000 0.000000000000000 
1
1.000000000000000 0.000000000000000 0.000000000000000 0.000000000000000 
0.000000000000000 1.000000000000000 0.000000000000000 0.000000000000000 
0.000000000000000 0.000000000000000 1.000000000000000 0.000000000000000 
1
1.000000000000000 0.000000000000000 0.000000000000000 0.000000000000000 
0.000000000000000 1.000000000000000 0.000000000000000 0.000000000000000 
0.000000000000000 0.000000000000000 1.000000000000000 0.000000000000000 
2  2 1 3 -1 4 -1 5 -1 6 -1 7 -1 1 -1 0
1
1.000000000000000 0.000000000000000 0.000000000000000 0.000000000000000 
0.000000000000000 1.000000000000000 0.000000000000000 0.000000000000000 
0.000000000000000 0.000000000000000 1.000000000000000 3.000000000000000 
2  9 -1 2 1 3 -1 4 -1 5 -1 6 -1 7 -1 1 -1 0
2  5 -1 6 -1 7 -1 1 -1 0
1
-0.500000000000001 -0.866025403784439 0.000000000000000 0.000000000000085 
0.866025403784439 -0.500000000000001 0.000000000000000 -0.000000000000028 
0.000000000000000 0.000000000000000 1.000000000000001 0.000000000000000 
2  2 1 3 -1 4 -1 5 -1 12 -1 7 -1 1 -1 0
2  9 -1 2 1 3 -1 4 -1 5 -1 12 -1 7 -1 1 -1 0
1
-0.500000000000000 0.866025403784439 0.000000000000000 0.000000000000021 
-0.866025403784439 -0.500000000000000 0.000000000000000 0.000000000000099 
0.000000000000000 0.000000000000000 1.000000000000000 0.000000000000000 
2  2 1 3 -1 4 -1 5 -1 15 -1 7 -1 1 -1 0
2  9 -1 2 1 3 -1 4 -1 5 -1 15 -1 7 -1 1 -1 0
2  5 -1 12 -1 7 -1 1 -1 0
2  5 -1 15 -1 7 -1 1 -1 0
Curve2ds 21
1 0.00000000000000000 0.00000000000000000 1.00000000000000000 0.00000000000000000 
1 0.00000000000000000 -3.00000000000000000 1.00000000000000000 0.00000000000000000 
2 -0.00000000000001316 0.00000000000002677 1.00000000000000000 0.00000000000000000 -0.00000000000000000 1.00000000000000000 354.17021174407386752
1 0.00000000000000000 0.00000000000000000 1.00000000000000000 0.00000000000000000 
1 0.00000000000000000 -3.00000000000000000 1.00000000000000000 0.00000000000000000 
1 0.00000000000000000 0.00000000000000000 1.00000000000000000 0.00000000000000000 
1 0.00000000000000000 -3.00000000000000000 1.00000000000000000 0.00000000000000000 
1 0.00000000000000000 0.00000000000000000 1.00000000000000000 0.00000000000000000 
1 0.00000000000000000 -3.00000000000000000 1.00000000000000000 0.00000000000000000 
2 255.70454913011639064 161.93962032611540280 1.00000000000000000 0.00000000000000000 -0.00000000000000000 1.00000000000000000 51.50000000000000000
2 -268.09609964668106841 140.47682524686908323 -0.50000000000000056 0.86602540378443837 -0.86602540378443837 -0.50000000000000056 51.50000000000002132
2 12.39155051656448769 -302.41644557298451446 -0.50000000000000033 -0.86602540378443860 0.86602540378443860 -0.50000000000000033 51.50000000000000000
1 0.00000000000000000 0.00000000000000000 1.00000000000000000 0.00000000000000000 
1 0.00000000000000000 -3.00000000000000000 1.00000000000000000 0.00000000000000000 
1 0.00000000000000000 0.00000000000000000 1.00000000000000000 0.00000000000000000 
1 0.00000000000000000 -3.00000000000000000 1.00000000000000000 0.00000000000000000 
1 0.00000000000000000 0.00000000000000000 1.00000000000000000 0.00000000000000000 
1 0.00000000000000000 -3.00000000000000000 1.00000000000000000 0.00000000000000000 
2 -0.00000000000001316 -549.44557738923845136 1.00000000000000000 0.00000000000000000 -0.00000000000000000 1.00000000000000000 807.44557738923845136
2 475.83382801608934187 274.72278869461956674 -0.50000000000000056 0.86602540378443837 -0.86602540378443837 -0.50000000000000056 807.44557738923867873
2 -475.83382801608922819 274.72278869461950990 -0.50000000000000033 -0.86602540378443860 0.86602540378443860 -0.50000000000000033 807.44557738923856505
Curves 3
2 0.00000000000000000 0.00000000000000000 0.00000000000000000 0.00000000000000000 0.00000000000000000 1.00000000000000000 1.00000000000000000 0.00000000000000000 -0.00000000000000000 -0.00000000000000000 1.00000000000000000 0.00000000000000000 354.17021174407386752
2 255.70454913011639064 161.93962032611537438 0.00000000000000000 0.00000000000000000 0.00000000000000000 1.00000000000000000 1.00000000000000000 0.00000000000000000 -0.00000000000000000 -0.00000000000000000 1.00000000000000000 0.00000000000000000 51.50000000000000000
2 0.00000000000000000 -549.44557738923845136 0.00000000000000000 0.00000000000000000 0.00000000000000000 1.00000000000000000 1.00000000000000000 0.00000000000000000 -0.00000000000000000 -0.00000000000000000 1.00000000000000000 0.00000000000000000 807.44557738923845136
Polygon3D 0
PolygonOnTriangulations 0
Surfaces 8
2 0.00000000000000000 0.00000000000000000 0.00000000000000000 -0.00000000000000000 -0.00000000000000000 -1.00000000000000000 1.00000000000000000 0.00000000000000000 0.00000000000000000 -0.00000000000000000 1.00000000000000000 -0.00000000000000000 354.17021174407386752
1 0.00000000000001316 -0.00000000000002677 0.00000000000000000 0.00000000000000000 0.00000000000000000 1.00000000000000000 1.00000000000000000 0.00000000000000000 -0.00000000000000000 -0.00000000000000000 1.00000000000000000 0.00000000000000000 
2 255.70454913011639064 161.93962032611537438 0.00000000000000000 -0.00000000000000000 -0.00000000000000000 -1.00000000000000000 1.00000000000000000 0.00000000000000000 0.00000000000000000 -0.00000000000000000 1.00000000000000000 -0.00000000000000000 51.50000000000000000
2 -268.09609964668106841 140.47682524686905481 0.00000000000000000 -0.00000000000000000 -0.00000000000000000 -1.00000000000000000 -0.50000000000000056 0.86602540378443837 0.00000000000000000 -0.86602540378443837 -0.50000000000000056 0.00000000000000000 51.50000000000001421
2 12.39155051656450013 -302.41644557298451446 0.00000000000000000 -0.00000000000000000 -0.00000000000000000 -1.00000000000000000 -0.50000000000000033 -0.86602540378443860 0.00000000000000000 0.86602540378443860 -0.50000000000000033 -0.00000000000000000 51.50000000000000000
2 0.00000000000000000 -549.44557738923845136 0.00000000000000000 -0.00000000000000000 -0.00000000000000000 -1.00000000000000000 1.00000000000000000 0.00000000000000000 0.00000000000000000 -0.00000000000000000 1.00000000000000000 -0.00000000000000000 807.44557738923845136
2 475.83382801608934187 274.72278869461956674 0.00000000000000000 -0.00000000000000000 -0.00000000000000000 -1.00000000000000000 -0.50000000000000056 0.86602540378443837 0.00000000000000000 -0.86602540378443837 -0.50000000000000056 0.00000000000000000 807.44557738923867873
2 -475.83382801608922819 274.72278869461950990 0.00000000000000000 -0.00000000000000000 -0.00000000000000000 -1.00000000000000000 -0.50000000000000033 -0.86602540378443860 0.00000000000000000 0.86602540378443860 -0.50000000000000033 -0.00000000000000000 807.44557738923845136
Triangulations 0

TShapes 8
Ve
0.000000100000619
306.720400634081898 177.085105872036706 0.000000000000000
0 0

0101101
*
Ve
0.000000100000028
299.213238684726434 189.494001706225646 0.000000000000000
0 0

0101101
*
Ed
 0.000000100000000 1 1 0
1  1 0 0.523598775598299 0.564550988021803
2  1 1 8 0.523598775598299 0.564550988021803
2  2 1 10 0.523598775598299 0.564550988021803
2  3 2 11 0.523598775598299 0.564550988021803
0

0101000
+8 0 -7 0 *
Ve
0.000000100000080
273.124829999648341 210.403873280500363 0.000000000000000
0 0

0101101
*
Ed
 0.000000100000000 1 1 0
1  2 0 0.564550988021803 1.225731290108291
2  4 3 8 0.564550988021803 1.225731290108291
2  5 3 10 0.564550988021803 1.225731290108291
2  6 4 13 0.564550988021803 1.225731290108291
2  7 4 14 0.564550988021803 1.225731290108291
2  8 5 16 0.564550988021803 1.225731290108291
2  9 5 17 0.564550988021803 1.225731290108291
2  10 2 11 0.564550988021803 1.225731290108291
2  11 2 18 0.564550988021803 1.225731290108291
2  12 2 19 0.564550988021803 1.225731290108291
0

0101000
+7 0 -5 0 *
Ve
0.000000100000130
0.000000000000012 258.000000000000227 0.000000000000000
0 0

0101101
*
Ed
 0.000000100000000 1 1 0
1  3 0 1.225731290108291 1.570796326794897
2  13 6 8 1.225731290108291 1.570796326794897
2  14 6 10 1.225731290108291 1.570796326794897
2  15 7 13 1.225731290108291 1.570796326794897
2  16 7 14 1.225731290108291 1.570796326794897
2  17 8 16 1.225731290108291 1.570796326794897
2  18 8 17 1.225731290108291 1.570796326794897
2  19 2 11 1.225731290108291 1.570796326794897
2  20 2 18 1.225731290108291 1.570796326794897
2  21 2 19 1.225731290108291 1.570796326794897
0

0101000
+5 0 -3 0 *
Wi

0101000
+6 0 +4 0 +2 0 *

+1 1 