
CASCADE Topology V1, (c) Matra-Datavision
Locations 22
1
1.000000000000000 0.000000000000000 0.000000000000000 0.000000000000000 
0.000000000000000 1.000000000000000 0.000000000000000 0.000000000000000 
0.000000000000000 0.000000000000000 1.000000000000000 0.000000000000000 
1
1.000000000000000 0.000000000000000 0.000000000000000 0.000000000000000 
0.000000000000000 1.000000000000000 0.000000000000000 0.000000000000000 
0.000000000000000 0.000000000000000 1.000000000000000 0.000000000000000 
1
1.000000000000000 0.000000000000000 0.000000000000000 0.000000000000000 
0.000000000000000 1.000000000000000 0.000000000000000 0.000000000000000 
0.000000000000000 0.000000000000000 1.000000000000000 0.000000000000000 
2  2 1 3 1 0
1
1.000000000000000 0.000000000000000 0.000000000000000 0.000000000000000 
0.000000000000000 1.000000000000000 0.000000000000000 0.000000000000000 
0.000000000000000 0.000000000000000 1.000000000000000 0.000000000000000 
1
1.000000000000000 0.000000000000000 0.000000000000000 0.000000000000000 
0.000000000000000 1.000000000000000 0.000000000000000 0.000000000000000 
0.000000000000000 0.000000000000000 1.000000000000000 0.000000000000000 
2  5 -1 6 -1 0
1
1.000000000000000 0.000000000000000 0.000000000000000 0.000000000000000 
0.000000000000000 1.000000000000000 0.000000000000000 0.000000000000000 
0.000000000000000 0.000000000000000 1.000000000000000 0.000000000000000 
1
1.000000000000000 0.000000000000000 0.000000000000000 0.000000000000000 
0.000000000000000 1.000000000000000 0.000000000000000 0.000000000000000 
0.000000000000000 0.000000000000000 1.000000000000000 0.000000000000000 
1
1.000000000000000 0.000000000000000 0.000000000000000 0.000000000000000 
0.000000000000000 1.000000000000000 0.000000000000000 0.000000000000000 
0.000000000000000 0.000000000000000 1.000000000000000 0.000000000000000 
1
1.000000000000000 0.000000000000000 0.000000000000000 0.000000000000000 
0.000000000000000 1.000000000000000 0.000000000000000 0.000000000000000 
0.000000000000000 0.000000000000000 1.000000000000000 0.000000000000000 
1
1.000000000000000 0.000000000000000 0.000000000000000 0.000000000000000 
0.000000000000000 1.000000000000000 0.000000000000000 0.000000000000000 
0.000000000000000 0.000000000000000 1.000000000000000 0.000000000000000 
2  8 -1 9 -1 10 -1 11 -1 12 -1 1 -1 3 -1 2 -1 0
1
1.000000000000000 0.000000000000000 0.000000000000000 0.000000000000000 
0.000000000000000 1.000000000000000 0.000000000000000 0.000000000000000 
0.000000000000000 0.000000000000000 1.000000000000000 1200.000000000000000 
2  14 -1 8 -1 9 -1 10 -1 11 -1 12 -1 1 -1 3 -1 2 -1 0
1
1.000000000000000 0.000000000000000 0.000000000000000 0.000000000000000 
0.000000000000000 1.000000000000000 0.000000000000000 0.000000000000000 
0.000000000000000 0.000000000000000 1.000000000000000 0.000000000000000 
2  6 1 16 1 0
2  8 -1 9 -1 10 -1 11 -1 12 -1 1 -1 16 -1 6 -1 0
2  14 -1 8 -1 9 -1 10 -1 11 -1 12 -1 1 -1 16 -1 6 -1 0
1
1.000000000000000 0.000000000000000 0.000000000000000 0.000000000000000 
0.000000000000000 1.000000000000000 0.000000000000000 0.000000000000000 
0.000000000000000 0.000000000000000 1.000000000000000 0.000000000000000 
1
-0.500000000000000 0.866025403784439 0.000000000000000 0.000000000000000 
-0.866025403784439 -0.500000000000000 0.000000000000000 0.000000000000000 
0.000000000000000 0.000000000000000 1.000000000000000 0.000000000000000 
2  20 1 21 1 0
Curve2ds 6
1 0.00000000000000000 0.00000000000000000 1.00000000000000000 0.00000000000000000 
1 0.00000000000000000 -1200.00000000000000000 1.00000000000000000 0.00000000000000000 
1 0.00000000000000000 0.00000000000000000 1.00000000000000000 0.00000000000000000 
1 0.00000000000000000 -1200.00000000000000000 1.00000000000000000 0.00000000000000000 
1 0.00000000000000000 0.00000000000000000 1.00000000000000000 0.00000000000000000 
1 0.00000000000000000 -1200.00000000000000000 1.00000000000000000 0.00000000000000000 
Curves 7
1 333.41978045700881239 -192.50000000000005684 0.00000000000000000 0.50000000000000011 0.86602540378443860 -0.00000000000000000 
2 89.01234850337893079 -34.64814556312744287 0.00000000000000000 -0.00000000000000000 0.00000000000000000 -1.00000000000000000 0.50000000000000011 0.86602540378443860 0.00000000000000000 0.86602540378443860 -0.50000000000000011 -0.00000000000000000 290.58897216399640229
2 -106.02589953727515137 -61.21408163891801024 0.00000000000000000 -0.00000000000000000 0.00000000000000000 -1.00000000000000000 0.50000000000000011 0.86602540378443860 0.00000000000000000 0.86602540378443860 -0.50000000000000011 -0.00000000000000000 487.42816327783606312
1 0.00000000000000000 384.99999999999994316 0.00000000000000000 1.00000000000000000 0.00000000000000000 0.00000000000000000 
2 14.50000000000003553 94.41102783600362613 0.00000000000000000 0.00000000000000000 0.00000000000000000 1.00000000000000000 1.00000000000000000 0.00000000000000000 -0.00000000000000000 -0.00000000000000000 1.00000000000000000 0.00000000000000000 290.58897216399640229
2 -106.02589953727515137 -61.21408163891801735 0.00000000000000000 0.00000000000000000 0.00000000000000000 1.00000000000000000 1.00000000000000000 0.00000000000000000 -0.00000000000000000 -0.00000000000000000 1.00000000000000000 0.00000000000000000 487.42816327783606312
1 0.00000000000000000 385.00000000000000000 0.00000000000000000 1.00000000000000000 0.00000000000000000 0.00000000000000000 
Polygon3D 0
PolygonOnTriangulations 0
Surfaces 3
2 89.01234850337893079 -34.64814556312744287 0.00000000000000000 0.00000000000000000 0.00000000000000000 -1.00000000000000000 0.50000000000000011 0.86602540378443860 0.00000000000000000 0.86602540378443860 -0.50000000000000011 0.00000000000000000 290.58897216399640229
2 14.50000000000003553 94.41102783600362613 0.00000000000000000 -0.00000000000000000 -0.00000000000000000 -1.00000000000000000 1.00000000000000000 0.00000000000000000 0.00000000000000000 -0.00000000000000000 1.00000000000000000 -0.00000000000000000 290.58897216399640229
2 -106.02589953727515137 -61.21408163891801735 0.00000000000000000 -0.00000000000000000 -0.00000000000000000 -1.00000000000000000 1.00000000000000000 0.00000000000000000 0.00000000000000000 -0.00000000000000000 1.00000000000000000 -0.00000000000000000 487.42816327783606312
Triangulations 0

TShapes 21
Ve
0.000000100000134
333.419780457008926 -192.500000000000000 0.000000000000000
0 0

0101101
*
Ve
0.000000100000791
340.669780457009267 -179.942631645125061 0.000000000000000
0 0

0101101
*
Ed
 0.000000100000000 1 1 0
1  1 0 0.000000000000000 14.500000000001570
0

0101000
+21 7 -20 7 *
Ve
0.000000100000028
376.942631645125687 4.570508075688679 0.000000000000000
0 0

0101101
*
Ed
 0.000000100000000 1 1 0
1  2 0 0.911821797966777 1.570796326794897
2  1 1 13 0.911821797966777 1.570796326794897
2  2 1 15 0.911821797966777 1.570796326794897
0

0101000
+18 7 -20 7 *
Ve
0.000000100000000
316.099272381320134 182.499999999999943 0.000000000000000
0 0

0101101
*
Ed
 0.000000100000000 1 1 0
1  3 0 0.523598775598299 0.911821797966777
0

0101000
+16 7 -18 7 *
Wi

0101000
+19 0 -17 0 -15 0 *
Ve
0.000000100000000
0.000000000000000 384.999999999999943 0.000000000000000
0 0

0101101
*
Ve
0.000000100000791
14.500000000000780 385.000000000000000 0.000000000000000
0 0

0101101
*
Ed
 0.000000100000000 1 1 0
1  4 0 0.000000000000000 14.500000000001570
0

0101000
+13 0 -12 0 *
Ve
0.000000100000028
192.429491924311236 324.156640736194504 0.000000000000000
0 0

0101101
*
Ed
 0.000000100000000 1 1 0
1  5 0 0.911821797966777 1.570796326794897
2  3 2 18 0.911821797966777 1.570796326794897
2  4 2 19 0.911821797966777 1.570796326794897
0

0101000
+10 0 -12 0 *
Ve
0.000000100000028
316.099272381320134 182.499999999999972 0.000000000000000
0 0

0101101
*
Ed
 0.000000100000000 1 1 0
1  6 0 0.523598775598299 0.911821797966777
2  5 3 18 0.523598775598299 0.911821797966777
2  6 3 19 0.523598775598299 0.911821797966777
0

0101000
+8 0 -10 0 *
Wi

0101000
+11 0 -9 0 -7 0 *
Ve
0.000000100000000
0.000000000000000 385.000000000000000 0.000000000000000
0 0

0101101
*
Ve
0.000000100000000
14.300000000000001 385.000000000000000 0.000000000000000
0 0

0101101
*
Ed
 0.000000100000000 1 1 0
1  7 0 0.000000000000000 14.300000000000001
0

0101000
+5 0 -4 0 *
Wi

0101000
+3 0 *
Co

0100000
+14 4 +6 17 +2 22 *

+1 1 