
CASCADE Topology V1, (c) Matra-Datavision
Locations 183
1
-0.000000000000001 0.993288078374917 0.115666734017457 0.000000000000000 
-1.000000000000000 -0.000000000000001 -0.000000000000000 0.000000000000000 
0.000000000000000 -0.115666734017457 0.993288078374917 0.000000000000000 
1
1.000000000000000 0.000000000000000 0.000000000000000 0.000000000000000 
0.000000000000000 1.000000000000000 0.000000000000000 0.000000000000000 
0.000000000000000 0.000000000000000 1.000000000000000 0.000000000000000 
1
0.722169641273486 -0.416944836789821 -0.551931166267347 2.792035267998170 
-0.532611570807278 0.173942993736566 -0.828292671446612 4.774106202409300 
0.441356912107569 0.892132746851202 -0.096453295073839 0.531057340045771 
1
1.000000000000000 0.000000000000000 0.000000000000000 -1.868535785803650 
0.000000000000000 1.000000000000000 0.000000000000000 -3.193099804440148 
0.000000000000000 0.000000000000000 1.000000000000000 -0.371831127154602 
2  2 1 3 1 4 1 0
1
1.000000000000000 0.000000000000000 0.000000000000000 0.000000000000000 
0.000000000000000 1.000000000000000 0.000000000000000 0.000000000000000 
0.000000000000000 0.000000000000000 1.000000000000000 0.000000000000000 
1
1.000000000000000 0.000000000000000 0.000000000000000 0.000000000000000 
0.000000000000000 1.000000000000000 0.000000000000000 0.000000000000000 
0.000000000000000 0.000000000000000 1.000000000000000 0.000000000000000 
1
1.000000000000000 0.000000000000000 0.000000000000000 0.000000000000000 
0.000000000000000 1.000000000000000 0.000000000000000 0.000000000000000 
0.000000000000000 0.000000000000000 1.000000000000000 0.000000000000000 
1
1.000000000000000 0.000000000000000 0.000000000000000 0.000000000000000 
0.000000000000000 1.000000000000000 0.000000000000000 0.000000000000000 
0.000000000000000 0.000000000000000 1.000000000000000 0.000000000000000 
1
1.000000000000000 0.000000000000000 0.000000000000000 0.000000000000000 
0.000000000000000 1.000000000000000 0.000000000000000 0.000000000000000 
0.000000000000000 0.000000000000000 1.000000000000000 0.000000000000000 
1
1.000000000000000 0.000000000000000 0.000000000000000 0.000000000000000 
0.000000000000000 1.000000000000000 0.000000000000000 0.000000000000000 
0.000000000000000 0.000000000000000 1.000000000000000 0.000000000000000 
1
1.000000000000000 0.000000000000000 0.000000000000000 0.000000000000000 
0.000000000000000 1.000000000000000 0.000000000000000 0.000000000000000 
0.000000000000000 0.000000000000000 1.000000000000000 0.000000000000000 
1
1.000000000000000 0.000000000000000 0.000000000000000 0.000000000000000 
0.000000000000000 1.000000000000000 0.000000000000000 0.000000000000000 
0.000000000000000 0.000000000000000 1.000000000000000 0.000000000000000 
1
1.000000000000000 0.000000000000000 0.000000000000000 0.000000000000000 
0.000000000000000 1.000000000000000 0.000000000000000 0.000000000000000 
0.000000000000000 0.000000000000000 1.000000000000000 0.000000000000000 
1
1.000000000000000 0.000000000000000 0.000000000000000 0.000000000000000 
0.000000000000000 1.000000000000000 0.000000000000000 0.000000000000000 
0.000000000000000 0.000000000000000 1.000000000000000 0.000000000000000 
1
1.000000000000000 0.000000000000000 0.000000000000000 0.000000000000000 
0.000000000000000 1.000000000000000 0.000000000000000 0.000000000000000 
0.000000000000000 0.000000000000000 1.000000000000000 0.000000000000000 
2  6 1 7 -1 8 1 9 -1 10 1 11 -1 12 1 13 -1 14 1 15 -1 16 1 0
2  4 -1 3 -1 2 -1 0
1
1.000000000000000 0.000000000000000 0.000000000000000 0.000000000000000 
0.000000000000000 1.000000000000000 0.000000000000000 0.000000000000000 
0.000000000000000 0.000000000000000 1.000000000000000 0.000000000000000 
1
0.722169641273486 -0.416944836789821 -0.551931166267347 2.792035267998170 
-0.532611570807278 0.173942993736566 -0.828292671446612 4.774106202409300 
0.441356912107569 0.892132746851202 -0.096453295073839 0.531057340045771 
1
1.000000000000000 0.000000000000000 0.000000000000000 -1.868535785803650 
0.000000000000000 1.000000000000000 0.000000000000000 -3.193099804440148 
0.000000000000000 0.000000000000000 1.000000000000000 -0.371831127154602 
2  19 1 6 1 7 -1 8 1 9 -1 10 1 11 -1 12 1 13 -1 14 1 15 -1 16 1 2 1 20 1 21 1 0
2  6 1 7 -1 8 1 9 -1 10 1 11 -1 12 1 13 -1 14 1 15 -1 16 1 2 1 3 1 4 1 0
1
0.722169641273486 -0.416944836789821 -0.551931166267347 2.792035267998170 
-0.532611570807278 0.173942993736566 -0.828292671446612 4.774106202409300 
0.441356912107569 0.892132746851202 -0.096453295073839 0.531057340045771 
1
1.000000000000000 0.000000000000000 0.000000000000000 -1.868535785803650 
0.000000000000000 1.000000000000000 0.000000000000000 -3.193099804440148 
0.000000000000000 0.000000000000000 1.000000000000000 -0.371831127154602 
2  19 1 6 1 7 -1 8 1 9 -1 10 1 11 -1 12 1 13 -1 14 1 15 -1 16 1 2 1 24 1 25 1 0
1
1.000000000000000 0.000000000000000 0.000000000000000 0.000000000000000 
0.000000000000000 1.000000000000000 0.000000000000000 0.000000000000000 
0.000000000000000 0.000000000000000 1.000000000000000 0.000000000000000 
1
0.722169641273486 -0.416944836789821 -0.551931166267347 2.792035267998170 
-0.532611570807278 0.173942993736566 -0.828292671446612 4.774106202409300 
0.441356912107569 0.892132746851202 -0.096453295073839 0.531057340045771 
1
1.000000000000000 0.000000000000000 0.000000000000000 -1.868535785803650 
0.000000000000000 1.000000000000000 0.000000000000000 -3.193099804440148 
0.000000000000000 0.000000000000000 1.000000000000000 -0.371831127154602 
2  27 1 2 1 28 1 29 1 0
2  2 1 28 1 29 1 0
2  29 -1 28 -1 2 -1 0
1
0.722169641273486 -0.416944836789821 -0.551931166267347 2.792035267998170 
-0.532611570807278 0.173942993736566 -0.828292671446612 4.774106202409300 
0.441356912107569 0.892132746851202 -0.096453295073839 0.531057340045771 
1
1.000000000000000 0.000000000000000 0.000000000000000 -1.868535785803650 
0.000000000000000 1.000000000000000 0.000000000000000 -3.193099804440148 
0.000000000000000 0.000000000000000 1.000000000000000 -0.371831127154602 
2  27 1 2 1 33 1 34 1 0
2  2 1 33 1 34 1 0
2  34 -1 33 -1 2 -1 0
1
0.722169641273486 -0.416944836789821 -0.551931166267347 2.792035267998170 
-0.532611570807278 0.173942993736566 -0.828292671446612 4.774106202409300 
0.441356912107569 0.892132746851202 -0.096453295073839 0.531057340045771 
1
1.000000000000000 0.000000000000000 0.000000000000000 -1.868535785803650 
0.000000000000000 1.000000000000000 0.000000000000000 -3.193099804440148 
0.000000000000000 0.000000000000000 1.000000000000000 -0.371831127154602 
2  27 1 2 1 38 1 39 1 0
2  2 1 38 1 39 1 0
2  39 -1 38 -1 2 -1 0
1
0.722169641273486 -0.532611570807279 0.441356912107569 0.292035267998169 
-0.416944836789821 0.173942993736566 0.892132746851202 -0.140071279646988 
-0.551931166267348 -0.828292671446612 -0.096453295073839 5.546590692209795 
1
1.000000000000000 0.000000000000000 0.000000000000000 0.000000000000000 
0.000000000000000 1.000000000000000 0.000000000000000 0.000000000000000 
0.000000000000000 0.000000000000000 1.000000000000000 0.000000000000000 
1
0.722169641273486 -0.416944836789821 -0.551931166267347 2.792035267998170 
-0.532611570807278 0.173942993736566 -0.828292671446612 4.774106202409300 
0.441356912107569 0.892132746851202 -0.096453295073839 0.531057340045771 
1
1.000000000000000 0.000000000000000 0.000000000000000 -1.868535785803650 
0.000000000000000 1.000000000000000 0.000000000000000 -3.193099804440148 
0.000000000000000 0.000000000000000 1.000000000000000 -0.371831127154602 
2  43 1 44 1 19 1 6 1 7 -1 8 1 9 -1 10 1 11 -1 12 1 13 -1 14 1 15 -1 16 1 2 1 45 1 46 1 0
2  2 1 45 1 46 1 0
2  43 1 44 1 19 1 6 1 7 -1 8 1 9 -1 10 1 11 -1 12 1 13 -1 14 1 15 -1 16 1 0
2  46 -1 45 -1 2 -1 0
1
1.000000000000000 0.000000000000000 0.000000000000000 0.000000000000000 
0.000000000000000 1.000000000000000 0.000000000000000 0.000000000000000 
0.000000000000000 0.000000000000000 1.000000000000000 0.000000000000000 
1
0.722169641273486 -0.416944836789821 -0.551931166267347 2.792035267998170 
-0.532611570807278 0.173942993736566 -0.828292671446612 4.774106202409300 
0.441356912107569 0.892132746851202 -0.096453295073839 0.531057340045771 
1
1.000000000000000 0.000000000000000 0.000000000000000 -1.868535785803650 
0.000000000000000 1.000000000000000 0.000000000000000 -3.193099804440148 
0.000000000000000 0.000000000000000 1.000000000000000 -0.371831127154602 
2  51 1 2 1 52 1 53 1 0
2  2 1 52 1 53 1 0
2  53 -1 52 -1 2 -1 0
1
0.722169641273486 -0.416944836789821 -0.551931166267347 2.792035267998170 
-0.532611570807278 0.173942993736566 -0.828292671446612 4.774106202409300 
0.441356912107569 0.892132746851202 -0.096453295073839 0.531057340045771 
1
1.000000000000000 0.000000000000000 0.000000000000000 -1.868535785803650 
0.000000000000000 1.000000000000000 0.000000000000000 -3.193099804440148 
0.000000000000000 0.000000000000000 1.000000000000000 -0.371831127154602 
2  51 1 2 1 57 1 58 1 0
2  2 1 57 1 58 1 0
2  58 -1 57 -1 2 -1 0
1
0.722169641273486 -0.416944836789821 -0.551931166267347 2.792035267998170 
-0.532611570807278 0.173942993736566 -0.828292671446612 4.774106202409300 
0.441356912107569 0.892132746851202 -0.096453295073839 0.531057340045771 
1
1.000000000000000 0.000000000000000 0.000000000000000 -1.868535785803650 
0.000000000000000 1.000000000000000 0.000000000000000 -3.193099804440148 
0.000000000000000 0.000000000000000 1.000000000000000 -0.371831127154602 
2  51 1 2 1 62 1 63 1 0
2  2 1 62 1 63 1 0
2  63 -1 62 -1 2 -1 0
1
0.722169641273486 -0.416944836789821 -0.551931166267347 2.792035267998170 
-0.532611570807278 0.173942993736566 -0.828292671446612 4.774106202409300 
0.441356912107569 0.892132746851202 -0.096453295073839 0.531057340045771 
1
1.000000000000000 0.000000000000000 0.000000000000000 -1.868535785803650 
0.000000000000000 1.000000000000000 0.000000000000000 -3.193099804440148 
0.000000000000000 0.000000000000000 1.000000000000000 -0.371831127154602 
2  51 1 2 1 67 1 68 1 0
2  2 1 67 1 68 1 0
2  68 -1 67 -1 2 -1 0
1
0.722169641273486 -0.416944836789821 -0.551931166267347 2.792035267998170 
-0.532611570807278 0.173942993736566 -0.828292671446612 4.774106202409300 
0.441356912107569 0.892132746851202 -0.096453295073839 0.531057340045771 
1
1.000000000000000 0.000000000000000 0.000000000000000 -1.868535785803650 
0.000000000000000 1.000000000000000 0.000000000000000 -3.193099804440148 
0.000000000000000 0.000000000000000 1.000000000000000 -0.371831127154602 
2  2 1 72 1 73 1 0
2  6 1 7 -1 8 1 9 -1 10 1 11 -1 12 1 13 -1 14 1 15 -1 16 1 2 1 0
2  2 -1 16 -1 15 1 14 -1 13 1 12 -1 11 1 10 -1 9 1 8 -1 7 1 6 -1 0
1
1.000000000000000 0.000000000000000 0.000000000000000 0.000000000000000 
0.000000000000000 0.993288078374917 -0.115666734017457 0.000000000000000 
0.000000000000000 0.115666734017457 0.993288078374917 0.000000000000000 
1
1.000000000000000 0.000000000000000 0.000000000000000 0.000000000000000 
0.000000000000000 0.993288078374917 -0.115666734017457 0.000000000000000 
0.000000000000000 0.115666734017457 0.993288078374917 0.000000000000000 
2  77 -1 78 1 44 1 19 1 6 1 7 -1 8 1 9 -1 10 1 11 -1 12 1 13 -1 14 1 15 -1 16 1 2 1 0
1
1.000000000000000 0.000000000000000 0.000000000000000 0.000000000000000 
0.000000000000000 1.000000000000000 0.000000000000000 -0.000000000000000 
0.000000000000000 0.000000000000000 1.000000000000000 0.500000000000000 
2  77 -1 80 1 78 1 44 1 19 1 6 1 7 -1 8 1 9 -1 10 1 11 -1 12 1 13 -1 14 1 15 -1 16 1 2 1 0
1
0.722169641273486 0.416944836789821 0.551931166267347 -2.792035267998157 
0.532611570807278 0.173942993736566 -0.828292671446612 4.774106202409278 
-0.441356912107569 0.892132746851202 -0.096453295073839 0.531057340045790 
1
1.000000000000000 0.000000000000000 0.000000000000000 1.868535785803649 
0.000000000000000 1.000000000000000 0.000000000000000 -3.193099804440143 
0.000000000000000 0.000000000000000 1.000000000000000 -0.371831127154601 
2  6 1 7 -1 8 1 9 -1 10 1 11 -1 12 1 13 -1 14 1 15 -1 16 1 2 1 82 1 83 1 0
1
1.000000000000000 0.000000000000000 0.000000000000000 0.000000000000000 
0.000000000000000 1.000000000000000 0.000000000000000 0.000000000000000 
0.000000000000000 0.000000000000000 1.000000000000000 0.000000000000000 
2  85 1 2 1 0
2  78 1 44 1 19 1 6 1 7 -1 8 1 9 -1 10 1 11 -1 12 1 13 -1 14 1 15 -1 16 1 2 1 0
2  16 1 2 1 0
1
0.722169641273486 0.416944836789821 0.551931166267347 -2.792035267998157 
0.532611570807278 0.173942993736566 -0.828292671446612 4.774106202409278 
-0.441356912107569 0.892132746851202 -0.096453295073839 0.531057340045790 
1
1.000000000000000 0.000000000000000 0.000000000000000 1.868535785803649 
0.000000000000000 1.000000000000000 0.000000000000000 -3.193099804440143 
0.000000000000000 0.000000000000000 1.000000000000000 -0.371831127154601 
2  19 1 6 1 7 -1 8 1 9 -1 10 1 11 -1 12 1 13 -1 14 1 15 -1 16 1 2 1 89 1 90 1 0
1
0.722169641273486 0.416944836789821 0.551931166267347 -2.792035267998157 
0.532611570807278 0.173942993736566 -0.828292671446612 4.774106202409278 
-0.441356912107569 0.892132746851202 -0.096453295073839 0.531057340045790 
1
1.000000000000000 0.000000000000000 0.000000000000000 1.868535785803649 
0.000000000000000 1.000000000000000 0.000000000000000 -3.193099804440143 
0.000000000000000 0.000000000000000 1.000000000000000 -0.371831127154601 
2  12 1 13 -1 14 1 15 -1 16 1 2 1 92 1 93 1 0
1
0.722169641273486 0.416944836789821 0.551931166267347 -2.792035267998157 
0.532611570807278 0.173942993736566 -0.828292671446612 4.774106202409278 
-0.441356912107569 0.892132746851202 -0.096453295073839 0.531057340045790 
1
1.000000000000000 0.000000000000000 0.000000000000000 1.868535785803649 
0.000000000000000 1.000000000000000 0.000000000000000 -3.193099804440143 
0.000000000000000 0.000000000000000 1.000000000000000 -0.371831127154601 
2  12 1 13 -1 14 1 15 -1 16 1 2 1 95 1 96 1 0
1
0.722169641273486 0.416944836789821 0.551931166267347 -2.792035267998157 
0.532611570807278 0.173942993736566 -0.828292671446612 4.774106202409278 
-0.441356912107569 0.892132746851202 -0.096453295073839 0.531057340045790 
1
1.000000000000000 0.000000000000000 0.000000000000000 1.868535785803649 
0.000000000000000 1.000000000000000 0.000000000000000 -3.193099804440143 
0.000000000000000 0.000000000000000 1.000000000000000 -0.371831127154601 
2  12 1 13 -1 14 1 15 -1 16 1 2 1 98 1 99 1 0
1
0.722169641273486 0.416944836789821 0.551931166267347 -2.792035267998157 
0.532611570807278 0.173942993736566 -0.828292671446612 4.774106202409278 
-0.441356912107569 0.892132746851202 -0.096453295073839 0.531057340045790 
1
1.000000000000000 0.000000000000000 0.000000000000000 1.868535785803649 
0.000000000000000 1.000000000000000 0.000000000000000 -3.193099804440143 
0.000000000000000 0.000000000000000 1.000000000000000 -0.371831127154601 
2  12 1 13 -1 14 1 15 -1 16 1 2 1 101 1 102 1 0
1
0.722169641273486 0.532611570807279 -0.441356912107569 -0.292035267998157 
0.416944836789821 0.173942993736566 0.892132746851202 -0.140071279647005 
0.551931166267348 -0.828292671446612 -0.096453295073839 5.546590692209772 
1
0.722169641273486 0.416944836789821 0.551931166267347 -2.792035267998157 
0.532611570807278 0.173942993736566 -0.828292671446612 4.774106202409278 
-0.441356912107569 0.892132746851202 -0.096453295073839 0.531057340045790 
1
1.000000000000000 0.000000000000000 0.000000000000000 1.868535785803649 
0.000000000000000 1.000000000000000 0.000000000000000 -3.193099804440143 
0.000000000000000 0.000000000000000 1.000000000000000 -0.371831127154601 
2  104 1 44 1 19 1 6 1 7 -1 8 1 9 -1 10 1 11 -1 12 1 13 -1 14 1 15 -1 16 1 2 1 105 1 106 1 0
1
0.722169641273486 0.416944836789821 0.551931166267347 -2.792035267998157 
0.532611570807278 0.173942993736566 -0.828292671446612 4.774106202409278 
-0.441356912107569 0.892132746851202 -0.096453295073839 0.531057340045790 
1
1.000000000000000 0.000000000000000 0.000000000000000 1.868535785803649 
0.000000000000000 1.000000000000000 0.000000000000000 -3.193099804440143 
0.000000000000000 0.000000000000000 1.000000000000000 -0.371831127154601 
2  8 1 9 -1 10 1 11 -1 12 1 13 -1 14 1 15 -1 16 1 2 1 108 1 109 1 0
1
0.722169641273486 0.416944836789821 0.551931166267347 -2.792035267998157 
0.532611570807278 0.173942993736566 -0.828292671446612 4.774106202409278 
-0.441356912107569 0.892132746851202 -0.096453295073839 0.531057340045790 
1
1.000000000000000 0.000000000000000 0.000000000000000 1.868535785803649 
0.000000000000000 1.000000000000000 0.000000000000000 -3.193099804440143 
0.000000000000000 0.000000000000000 1.000000000000000 -0.371831127154601 
2  8 1 9 -1 10 1 11 -1 12 1 13 -1 14 1 15 -1 16 1 2 1 111 1 112 1 0
1
0.722169641273486 0.416944836789821 0.551931166267347 -2.792035267998157 
0.532611570807278 0.173942993736566 -0.828292671446612 4.774106202409278 
-0.441356912107569 0.892132746851202 -0.096453295073839 0.531057340045790 
1
1.000000000000000 0.000000000000000 0.000000000000000 1.868535785803649 
0.000000000000000 1.000000000000000 0.000000000000000 -3.193099804440143 
0.000000000000000 0.000000000000000 1.000000000000000 -0.371831127154601 
2  8 1 9 -1 10 1 11 -1 12 1 13 -1 14 1 15 -1 16 1 2 1 114 1 115 1 0
1
0.722169641273486 0.416944836789821 0.551931166267347 -2.792035267998157 
0.532611570807278 0.173942993736566 -0.828292671446612 4.774106202409278 
-0.441356912107569 0.892132746851202 -0.096453295073839 0.531057340045790 
1
1.000000000000000 0.000000000000000 0.000000000000000 1.868535785803649 
0.000000000000000 1.000000000000000 0.000000000000000 -3.193099804440143 
0.000000000000000 0.000000000000000 1.000000000000000 -0.371831127154601 
2  6 1 7 -1 8 1 9 -1 10 1 11 -1 12 1 13 -1 14 1 15 -1 16 1 2 1 117 1 118 1 0
2  10 1 11 -1 12 1 13 -1 14 1 15 -1 16 1 2 1 0
1
1.000000000000000 0.000000000000000 0.000000000000000 0.000000000000000 
0.000000000000000 1.000000000000000 0.000000000000000 0.000000000000000 
0.000000000000000 0.000000000000000 1.000000000000000 0.000000000000000 
1
0.722169641273486 -0.416944836789821 -0.551931166267347 2.792035267998170 
-0.532611570807278 0.173942993736566 -0.828292671446612 4.774106202409300 
0.441356912107569 0.892132746851202 -0.096453295073839 0.531057340045771 
1
1.000000000000000 0.000000000000000 0.000000000000000 -1.868535785803650 
0.000000000000000 1.000000000000000 0.000000000000000 -3.193099804440148 
0.000000000000000 0.000000000000000 1.000000000000000 -0.371831127154602 
2  121 1 2 1 122 1 123 1 0
1
0.722169641273486 0.416944836789821 0.551931166267347 -2.792035267998157 
0.532611570807278 0.173942993736566 -0.828292671446612 4.774106202409278 
-0.441356912107569 0.892132746851202 -0.096453295073839 0.531057340045790 
1
1.000000000000000 0.000000000000000 0.000000000000000 1.868535785803649 
0.000000000000000 1.000000000000000 0.000000000000000 -3.193099804440143 
0.000000000000000 0.000000000000000 1.000000000000000 -0.371831127154601 
2  14 1 15 -1 16 1 2 1 125 1 126 1 0
1
0.722169641273486 -0.416944836789821 -0.551931166267347 2.792035267998170 
-0.532611570807278 0.173942993736566 -0.828292671446612 4.774106202409300 
0.441356912107569 0.892132746851202 -0.096453295073839 0.531057340045771 
1
1.000000000000000 0.000000000000000 0.000000000000000 -1.868535785803650 
0.000000000000000 1.000000000000000 0.000000000000000 -3.193099804440148 
0.000000000000000 0.000000000000000 1.000000000000000 -0.371831127154602 
2  121 1 2 1 128 1 129 1 0
1
0.722169641273486 0.416944836789821 0.551931166267347 -2.792035267998157 
0.532611570807278 0.173942993736566 -0.828292671446612 4.774106202409278 
-0.441356912107569 0.892132746851202 -0.096453295073839 0.531057340045790 
1
1.000000000000000 0.000000000000000 0.000000000000000 1.868535785803649 
0.000000000000000 1.000000000000000 0.000000000000000 -3.193099804440143 
0.000000000000000 0.000000000000000 1.000000000000000 -0.371831127154601 
2  14 1 15 -1 16 1 2 1 131 1 132 1 0
1
0.722169641273486 -0.416944836789821 -0.551931166267347 2.792035267998170 
-0.532611570807278 0.173942993736566 -0.828292671446612 4.774106202409300 
0.441356912107569 0.892132746851202 -0.096453295073839 0.531057340045771 
1
1.000000000000000 0.000000000000000 0.000000000000000 -1.868535785803650 
0.000000000000000 1.000000000000000 0.000000000000000 -3.193099804440148 
0.000000000000000 0.000000000000000 1.000000000000000 -0.371831127154602 
2  121 1 2 1 134 1 135 1 0
1
0.722169641273486 0.416944836789821 0.551931166267347 -2.792035267998157 
0.532611570807278 0.173942993736566 -0.828292671446612 4.774106202409278 
-0.441356912107569 0.892132746851202 -0.096453295073839 0.531057340045790 
1
1.000000000000000 0.000000000000000 0.000000000000000 1.868535785803649 
0.000000000000000 1.000000000000000 0.000000000000000 -3.193099804440143 
0.000000000000000 0.000000000000000 1.000000000000000 -0.371831127154601 
2  14 1 15 -1 16 1 2 1 137 1 138 1 0
1
0.722169641273486 -0.416944836789821 -0.551931166267347 2.792035267998170 
-0.532611570807278 0.173942993736566 -0.828292671446612 4.774106202409300 
0.441356912107569 0.892132746851202 -0.096453295073839 0.531057340045771 
1
1.000000000000000 0.000000000000000 0.000000000000000 -1.868535785803650 
0.000000000000000 1.000000000000000 0.000000000000000 -3.193099804440148 
0.000000000000000 0.000000000000000 1.000000000000000 -0.371831127154602 
2  121 1 2 1 140 1 141 1 0
1
0.722169641273486 0.416944836789821 0.551931166267347 -2.792035267998157 
0.532611570807278 0.173942993736566 -0.828292671446612 4.774106202409278 
-0.441356912107569 0.892132746851202 -0.096453295073839 0.531057340045790 
1
1.000000000000000 0.000000000000000 0.000000000000000 1.868535785803649 
0.000000000000000 1.000000000000000 0.000000000000000 -3.193099804440143 
0.000000000000000 0.000000000000000 1.000000000000000 -0.371831127154601 
2  14 1 15 -1 16 1 2 1 143 1 144 1 0
2  2 -1 0
2  78 1 44 1 19 1 6 1 7 -1 8 1 9 -1 10 1 11 -1 12 1 13 -1 14 1 15 -1 16 1 0
2  2 -1 16 -1 15 1 14 -1 13 1 12 -1 11 1 10 -1 9 1 8 -1 7 1 6 -1 19 -1 44 -1 78 -1 0
2  78 1 44 1 19 1 6 1 7 -1 8 1 9 -1 10 1 11 -1 12 1 13 -1 14 1 15 -1 0
2  2 -1 16 -1 0
2  93 -1 92 -1 2 -1 16 -1 15 1 14 -1 13 1 12 -1 0
1
0.722169641273486 0.416944836789821 0.551931166267347 -2.792035267998157 
0.532611570807278 0.173942993736566 -0.828292671446612 4.774106202409278 
-0.441356912107569 0.892132746851202 -0.096453295073839 0.531057340045790 
1
1.000000000000000 0.000000000000000 0.000000000000000 1.868535785803649 
0.000000000000000 1.000000000000000 0.000000000000000 -3.193099804440143 
0.000000000000000 0.000000000000000 1.000000000000000 -0.371831127154601 
2  19 1 6 1 7 -1 8 1 9 -1 10 1 11 -1 12 1 13 -1 14 1 15 -1 16 1 2 1 152 1 153 1 0
1
0.722169641273486 0.416944836789821 0.551931166267347 -2.792035267998157 
0.532611570807278 0.173942993736566 -0.828292671446612 4.774106202409278 
-0.441356912107569 0.892132746851202 -0.096453295073839 0.531057340045790 
1
1.000000000000000 0.000000000000000 0.000000000000000 1.868535785803649 
0.000000000000000 1.000000000000000 0.000000000000000 -3.193099804440143 
0.000000000000000 0.000000000000000 1.000000000000000 -0.371831127154601 
2  2 1 155 1 156 1 0
2  96 -1 95 -1 2 -1 16 -1 15 1 14 -1 13 1 12 -1 0
2  99 -1 98 -1 2 -1 16 -1 15 1 14 -1 13 1 12 -1 0
2  102 -1 101 -1 2 -1 16 -1 15 1 14 -1 13 1 12 -1 0
2  12 1 13 -1 14 1 15 -1 16 1 2 1 105 1 106 1 0
2  104 1 44 1 19 1 6 1 7 -1 8 1 9 -1 10 1 11 -1 0
2  106 -1 105 -1 2 -1 16 -1 15 1 14 -1 13 1 12 -1 0
2  115 -1 114 -1 2 -1 16 -1 15 1 14 -1 13 1 12 -1 11 1 10 -1 9 1 8 -1 0
2  112 -1 111 -1 2 -1 16 -1 15 1 14 -1 13 1 12 -1 11 1 10 -1 9 1 8 -1 0
2  109 -1 108 -1 2 -1 16 -1 15 1 14 -1 13 1 12 -1 11 1 10 -1 9 1 8 -1 0
2  2 -1 16 -1 15 1 14 -1 13 1 12 -1 11 1 10 -1 0
2  2 1 122 1 123 1 0
2  123 -1 122 -1 2 -1 0
2  123 -1 122 -1 2 -1 121 -1 0
2  126 -1 125 -1 2 -1 16 -1 15 1 14 -1 0
2  2 1 128 1 129 1 0
2  129 -1 128 -1 2 -1 0
2  129 -1 128 -1 2 -1 121 -1 0
2  132 -1 131 -1 2 -1 16 -1 15 1 14 -1 0
2  2 1 134 1 135 1 0
2  135 -1 134 -1 2 -1 0
2  135 -1 134 -1 2 -1 121 -1 0
2  138 -1 137 -1 2 -1 16 -1 15 1 14 -1 0
2  2 1 140 1 141 1 0
2  141 -1 140 -1 2 -1 0
2  141 -1 140 -1 2 -1 121 -1 0
2  144 -1 143 -1 2 -1 16 -1 15 1 14 -1 0
Curve2ds 242
2 -173.94820923628057585 60.53316470255657578 -0.83388967357964416 0.55193116626734784 -0.55193116626734784 -0.83388967357964416 6.00000000000000000
1 0.00000000000000000 0.00000000000000000 1.00000000000000000 0.00000000000000000 
7 0 0  1 2 2  3.34940666864918679 0.00000000000000000  3.34940666864918679 -0.49999999999999994 
 0.00000000000000000 2 1.00000000000000000 2
7 0 0  3 4 2  -1.85913761802739441 -0.24999635849336055  -1.85913761802736532 -0.08333112043248588  -1.85913761802733757 0.08333830624813011  -1.85913761802730870 0.25000364117698493 
 0.00000000000000000 4 1.00000000000000000 4
2 173.94820923628054743 60.53316470255657578 0.83388967357964416 0.55193116626734784 0.55193116626734784 -0.83388967357964416 6.00000000000000000
1 0.00000000000000000 -0.49999999999999994 1.00000000000000000 0.00000000000000000 
8 -0.50000060000028124 0.00000060000028310
1 2.87192358775817835 -0.00000000000000056 0.00000000000000000 1.00000000000000000 
8 -0.50000060000028124 0.00000060000028310
1 15.65391530077443605 -0.22471234748418750 0.00000000000000203 1.00000000000000000 
8 20.17719720457269617 38.14792764210763920
1 -170.00794435995439358 20.17719720457268551 -0.00000000000000008 1.00000000000000000 
8 20.17719720457269617 38.14792764210763920
1 -20.17719720457269617 -0.22471234748412203 1.00000000000000000 -0.00000000000000181 
8 -38.14792764210763920 -20.17719720457269617
1 170.00794435995433673 20.17719720457268551 -0.00000000000000008 -1.00000000000000000 
8 -38.14792764210763920 -20.17719720457269617
1 -20.17719720457269617 -0.72471234748409274 -1.00000000000000000 0.00000000000000195 
1 0.00000000000000000 -0.00000000000000000 0.00000000000000009 -1.00000000000000000 
1 -0.00000000000000100 0.00000000000000000 0.00000000000000000 -1.00000000000000000 
2 -174.07779935995552023 40.35439440914537812 1.00000000000000000 0.00000000000000008 -0.00000000000000008 1.00000000000000000 4.06985500000114619
1 6.28318530717958623 -0.22471234748416091 -1.00000000000000000 0.00000000000000000 
1 1.04719755119659808 0.00000000000000000 0.00000000000000000 -1.00000000000000000 
1 4.18879020478639141 0.00000000000000000 0.00000000000000000 -1.00000000000000000 
2 174.07779935995546339 40.35439440914537812 -1.00000000000000000 0.00000000000000008 0.00000000000000008 1.00000000000000000 4.06985500000114619
1 6.28318530717958623 -0.72471234748412416 -1.00000000000000000 0.00000000000000000 
2 170.00794435995430831 33.30519876970515725 -1.00000000000000000 0.00000000000000008 0.00000000000000008 1.00000000000000000 4.06985500000114619
1 6.28318530717958623 -0.72471234748411373 -1.00000000000000000 0.00000000000000000 
8 -0.77471234748465334 -0.17471234748464382
1 24.67403249964819878 0.22471234748465191 0.00000000000000201 1.00000000000000000 
8 -0.77471234748465334 -0.17471234748464382
1 3.30821272181923920 0.00000000000049536 0.00000000000000000 1.00000000000000000 
2 -170.00794435995433673 33.30519876970515725 1.00000000000000000 0.00000000000000008 -0.00000000000000008 1.00000000000000000 4.06985500000114619
1 6.28318530717958623 -0.22471234748415084 -1.00000000000000000 0.00000000000000000 
1 -174.02143577930675633 58.65421745278147370 -0.00000000000000134 -1.00000000000000000 
1 -0.00000000000000000 0.00000000000000000 1.00000000000000000 -0.00000000000000001 
8 -0.57471234748415989 0.00000059999987692
1 86.27947522351635712 0.02471234748415754 0.00000000000000201 1.00000000000000000 
8 -0.57471234748415989 0.00000059999987692
1 3.06709399070304878 0.00000000000012305 0.00000000000000000 1.00000000000000000 
1 174.02143577930678475 58.65421745278148080 0.00000000000000134 -1.00000000000000000 
1 -0.00000000000000969 -0.49999999999999989 1.00000000000000000 -0.00000000000000001 
2 -173.02420952146928812 -27.55082800062101001 1.00000000000000000 0.00000000000000008 -0.00000000000000008 1.00000000000000000 1.00000000000000000
1 6.28318530717958623 -0.02471234748403909 -1.00000000000000000 0.00000000000000000 
2 173.02420952146923128 -27.55082800062101001 -1.00000000000000000 0.00000000000000008 0.00000000000000008 1.00000000000000000 1.00000000000000000
1 6.28318530717958623 -0.52471234748399254 -1.00000000000000000 0.00000000000000000 
1 1.57079632679489567 0.00000000000000000 0.00000000000000000 -1.00000000000000000 
1 336.50000000000005684 -0.00000000000002842 -0.00000000000000011 -1.00000000000000000 
8 -81.73789523926552647 254.76210476073464406
1 81.73789523926538436 -28.55082800062099579 -1.00000000000000000 -0.00000000000000008 
8 -81.73789523926552647 254.76210476073464406
1 81.73789523926541278 -0.02471234748420414 1.00000000000000000 0.00000000000000067 
8 -254.76210476073464406 81.73789523926552647
1 -81.73789523926541278 -28.55082800062098158 -1.00000000000000000 0.00000000000000008 
8 -254.76210476073464406 81.73789523926552647
1 81.73789523926541278 -0.52471234748419704 -1.00000000000000000 -0.00000000000000083 
1 0.00000000000000000 -0.00000000000000000 -0.00000000000000011 -1.00000000000000000 
1 1.57079632679488657 0.00000000000000000 0.00000000000000000 -1.00000000000000000 
2 163.47579047853079715 -26.05082800062098158 1.00000000000000000 0.00000000000000008 -0.00000000000000008 1.00000000000000000 2.50000000000000000
1 6.28318530717958623 -0.02471234748428568 -1.00000000000000000 0.00000000000000000 
2 -163.47579047853082557 -26.05082800062098158 -1.00000000000000000 0.00000000000000008 0.00000000000000008 1.00000000000000000 2.50000000000000000
1 6.28318530717958623 -0.52471234748427753 -1.00000000000000000 0.00000000000000000 
1 -0.00000000000000089 0.00000000000000000 0.00000000000000000 -1.00000000000000000 
1 64.87575284651892105 0.00000000000000494 -0.00000000000000009 -1.00000000000000000 
8 -19.41246242294896618 45.46329042356997263
1 165.97579047853085399 19.41246242294897684 0.00000000000000008 -1.00000000000000000 
8 -19.41246242294896618 45.46329042356997263
1 19.41246242294896618 -0.02471234748434080 1.00000000000000000 0.00000000000000181 
8 -45.46329042356997263 19.41246242294896618
1 -165.97579047853088241 19.41246242294897684 0.00000000000000008 1.00000000000000000 
8 -45.46329042356997263 19.41246242294896618
1 19.41246242294896618 -0.52471234748438189 -1.00000000000000000 -0.00000000000000195 
1 0.00000000000000000 -0.00000000000000000 -0.00000000000000009 -1.00000000000000000 
1 1.27468304917637321 1.45850902769333546 -1.00000000000000000 -0.00000000000000112 
7 0 0  3 15 13  82.53670782509074400 -145.69782352527221292  82.60621746941484389 -145.61892050538162380  82.74945511282061261 -145.46487369054204919  82.97635102128921858 -145.24567398362592030  83.21462107128070329 -145.03901263760258189  83.46359007109899153 -144.84547002517382452  83.72255642201788817 -144.66559296981256466  83.99078928628229335 -144.49988879101576345  84.26753194708157935 -144.34882508248216482  84.55200357401002975 -144.21282795226841245  84.84340162603366764 -144.09228135972801965  85.14090370719742396 -143.98752430571087757  85.44367133924637869 -143.89885624057237123  85.64842040028747761 -143.85063523214807901  85.75138428598638995 -143.82928773946849788 
 0.00000000000000000 4 0.31542277759369047 1 0.63074988904131124 1 0.94599910344858440 1 1.26118910011956875 1 1.57633923698271206 1 1.89146932899066211 1 2.20659942099860862 1 2.52174955786175392 1 2.83693955453273405 1 3.15218876894000433 1 3.46751588038761982 1 3.78293865798141837 4
7 0 0  7 8 2  1.85913761802785871 -0.24999635849335286  1.34640647669992153 -0.25000257170181889  0.81556162134785848 -0.25000678779433261  0.27281786598203778 -0.25000892090669941  -0.27281786600781083 -0.25000892090672611  -0.81556162130152432 -0.25000678779437485  -1.34640647672364788 -0.25000257170170825  -1.85913761802791533 -0.24999635849336035 
 0.00000000000000000 8 3.78293865798141837 8
7 0 0  3 15 13  -85.75138567270428780 -143.82929012521324807  -85.64838595368728136 -143.85065814685270880  -85.44357731033390735 -143.89891776474641460  -85.14077045566006063 -143.98762333974750049  -84.84328532790209465 -144.09235394911485173  -84.55194651127601446 -144.21286059425381154  -84.26751964846999954 -144.34883443455044016  -83.99079139978375963 -144.49989242713760973  -83.72257063530351218 -144.66558691179855600  -83.46364667693191564 -144.84543659712460340  -83.21474170617491950 -145.03894750929282509  -82.97650302556138513 -145.24560721227132376  -82.74955511104978712 -145.46482243613257879  -82.60625442945503494 -145.61890191486338608  -82.53670921180855657 -145.69782591101699154 
 0.00000000000000000 4 0.31554011133825322 1 0.63095101934911879 1 0.94614512589121169 1 1.26123362004537842 1 1.57632953092217409 1 1.89146369729204045 1 2.20659786366190680 1 2.52169377453870425 1 2.83678226869287453 1 3.15197637523497143 1 3.46738728324583922 1 3.78292739458390814 4
7 0 0  7 8 2  -1.85913761802796107 0.25000364117698465  -1.34638547495266758 0.24999743023727855  -0.81556699471302052 0.24999321266304644  -0.27280709681119092 0.24999107783589061  0.27280709681524967 0.24999107783592206  0.81556699470556082 0.24999321266308921  1.34638547495663596 0.24999743023716553  1.85913761802790689 0.25000364117699270 
 0.00000000000000000 8 3.78292739458390814 8
1 3.98681827655194354 0.00000000000000000 0.00000000000000000 -1.00000000000000000 
7 0 0  3 4 2  1.85913761802785893 -0.24999635849335283  1.85913761802787336 -0.08333112043265205  1.85913761802789157 0.08333830624820884  1.85913761802790689 0.25000364117699264 
 0.00000000000000000 4 0.50000000000000000 4
1 5.43795968421742604 0.00000000000000000 0.00000000000000000 -1.00000000000000000 
7 0 0  3 4 2  1.85913761802791000 -0.24999635849334800  1.85913761802788602 -0.08333112043263974  1.85913761802786182 0.08333830624790346  1.85913761802783850 0.25000364117699397 
 0.00000000000000000 4 0.50000000000000000 4
2 -149.40417910811910929 -0.00000000000005123 0.00000000000000000 -1.00000000000000000 -1.00000000000000000 -0.00000000000000000 6.00000000000000000
1 0.00000000000000000 0.00000000000000000 1.00000000000000000 0.00000000000000000 
2 -149.40417910811910929 -0.00000000000005123 0.00000000000000000 -1.00000000000000000 -1.00000000000000000 -0.00000000000000000 6.00000000000000000
1 0.00000000000000000 -0.49999999999999989 1.00000000000000000 0.00000000000000000 
7 0 0  3 15 13  85.75138428598640417 143.82928773946852630  85.64842040028746339 143.85063523214810743  85.44367133924633606 143.89885624057239966  85.14090370719735290 143.98752430571090599  84.84340162603356816 144.09228135972807650  84.55200357400991606 144.21282795226846929  84.26753194708146566 144.34882508248222166  83.99078928628215124 144.49988879101582029  83.72255642201774606 144.66559296981262150  83.46359007109883521 144.84547002517388137  83.21462107128054697 145.03901263760266716  82.97635102128904805 145.24567398362600557  82.74945511282045629 145.46487369054210603  82.60621746941474441 145.61892050538168064  82.53670782509067294 145.69782352527224134 
 0.00000000000000000 4 0.31542277759388188 1 0.63074988904151053 1 0.94599910344879579 1 1.26118910011978880 1 1.57633923698294764 1 1.89146932899090769 1 2.20659942099886708 1 2.52174955786202393 1 2.83693955453301916 1 3.15218876894030409 1 3.46751588038793557 1 3.78293865798151741 4
7 0 0  7 8 2  -1.85913761802794908 -0.24999635849335544  -1.34640647673378178 -0.25000257170177392  -0.81556162127616361 -0.25000678779437113  -0.27281786603651453 -0.25000892090671312  0.27281786599655822 -0.25000892090668680  0.81556162134786392 -0.25000678779435925  1.34640647669744928 -0.25000257170181300  1.85913761802790978 -0.24999635849334806 
 0.00000000000000000 8 3.78293865798151741 8
7 0 0  3 15 13  85.75138567270421674 143.82929012521313439  85.64838595368738083 143.85065814685245300  85.44357731033413472 143.89891776474601670  85.14077045566035906 143.98762333974715943  84.84328532790220834 144.09235394911459593  84.55194651127595762 144.21286059425364101  84.26751964846982901 144.34883443455029806  83.99079139978358910 144.49989242713746762  83.72257063530339849 144.66558691179841389  83.46364667693184458 144.84543659712443286  83.21474170617486266 145.03894750929268298  82.97650302556132829 145.24560721227118165  82.74955511104971606 145.46482243613243668  82.60625442945500652 145.61890191486321555  82.53670921180857079 145.69782591101682101 
 0.00000000000000000 4 0.31554011133768972 1 0.63095101934864450 1 0.94614512589101885 1 1.26123362004542061 1 1.57632953092231221 1 1.89146369729214925 1 2.20659786366193789 1 2.52169377453867982 1 2.83678226869285099 1 3.15197637523498919 1 3.46738728324589474 1 3.78292739458384908 4
7 0 0  7 8 2  -1.85913761802793265 0.25000364117698975  -1.34638547501126649 0.24999743023720633  -0.81556699456779091 0.24999321266304300  -0.27280709697559297 0.24999107783592120  0.27280709689888499 0.24999107783592328  0.81556699470486815 0.24999321266306698  1.34638547494170124 0.24999743023716531  1.85913761802783806 0.25000364117699714 
 0.00000000000000000 8 3.78292739458384908 8
7 0 0  1 2 2  -0.20781401505938213 0.00000000000000000  -0.20781401505938213 -0.49999999999999983 
 0.00000000000000000 2 1.00000000000000000 2
7 0 0  3 4 2  -1.85913761802733468 -0.24999635849335511  -1.85913761802730249 -0.08333112043251310  -1.85913761802727073 0.08333830624832463  -1.85913761802723876 0.25000364117698975 
 0.00000000000000000 4 1.00000000000000000 4
7 0 0  1 2 2  -0.20781401505937946 0.00000000000002898  -0.20781401505938568 -0.49999999999997635 
 0.00000000000000000 2 1.00000000000000000 2
2 24.38005556803620522 292.28857275333865573 0.00000000000000019 1.00000000000000000 1.00000000000000000 -0.00000000000000019 1.50000000000000000
1 0.00000000000000000 0.00000000000000000 1.00000000000000000 0.00000000000000000 
2 -3.77784494146529637 246.79810519257358692 0.00000000000000000 -1.00000000000000000 1.00000000000000000 0.00000000000000000 54.99999999999997158
1 0.00000000000000000 0.00000000000000000 1.00000000000000000 0.00000000000000000 
2 -779.31879615018499408 0.00000000000000561 0.00000000000000000 -1.00000000000000000 1.00000000000000000 0.00000000000000000 868.86305465254429237
1 0.00000000000000000 0.00000000000000000 1.00000000000000000 0.00000000000000000 
2 -3.77784494146529592 -246.79810519257358692 0.00000000000000000 -1.00000000000000000 1.00000000000000000 0.00000000000000000 55.00000000000000000
1 0.00000000000000000 0.00000000000000000 1.00000000000000000 0.00000000000000000 
2 24.38005556803611995 -292.28857275333871257 0.00000000000000000 -1.00000000000000000 1.00000000000000000 0.00000000000000000 1.50000000000000000
1 0.00000000000000000 0.00000000000000000 1.00000000000000000 0.00000000000000000 
8 -19.41246242294895197 45.46329042356998684
1 -165.97579047853059819 19.41246242294893420 0.00000000000000011 -1.00000000000000000 
8 -19.41246242294895197 45.46329042356998684
1 19.41246242294895197 -0.02471234748403566 1.00000000000000000 0.00000000000000206 
2 -163.47579047853059819 -26.05082800062104553 -1.00000000000000000 -0.00000000000000011 0.00000000000000011 -1.00000000000000000 2.50000000000000000
1 0.00000000000000000 -0.02471234748392966 1.00000000000000000 0.00000000000000000 
8 -81.73789523926534173 254.76210476073478617
1 -81.73789523926528489 -28.55082800062103132 1.00000000000000000 0.00000000000000011 
8 -81.73789523926534173 254.76210476073478617
1 81.73789523926532752 -0.02471234748393414 1.00000000000000000 -0.00000000000000028 
2 173.02420952146945865 -27.55082800062100290 -1.00000000000000000 -0.00000000000000011 0.00000000000000011 -1.00000000000000000 1.00000000000000000
1 0.00000000000000000 -0.02471234748399542 1.00000000000000000 0.00000000000000000 
1 174.02143577930695528 58.65421745278150212 -0.00000000000000001 -1.00000000000000000 
1 0.00000000000000000 0.00000000000000000 1.00000000000000000 -0.00000000000000001 
