
CASCADE Topology V1, (c) Matra-Datavision
Locations 80
1
1.000000000000000 0.000000000000000 0.000000000000000 0.000000000000000 
0.000000000000000 1.000000000000000 0.000000000000000 0.000000000000000 
0.000000000000000 0.000000000000000 1.000000000000000 0.000000000000000 
1
1.000000000000000 0.000000000000000 0.000000000000000 0.000000000000000 
0.000000000000000 1.000000000000000 0.000000000000000 0.000000000000000 
0.000000000000000 0.000000000000000 1.000000000000000 0.000000000000000 
1
1.000000000000000 0.000000000000000 0.000000000000000 0.000000000000000 
0.000000000000000 1.000000000000000 0.000000000000000 0.000000000000000 
0.000000000000000 0.000000000000000 1.000000000000000 0.000000000000000 
2  2 1 3 -1 0
1
1.000000000000000 0.000000000000000 0.000000000000000 0.000000000000000 
0.000000000000000 1.000000000000000 0.000000000000000 0.000000000000000 
0.000000000000000 0.000000000000000 1.000000000000000 0.000000000000000 
1
-0.500000000000001 0.866025403784439 0.000000000000000 0.000000000000000 
-0.866025403784439 -0.500000000000001 0.000000000000000 0.000000000000000 
0.000000000000000 0.000000000000000 1.000000000000001 0.000000000000000 
1
1.000000000000000 0.000000000000000 0.000000000000000 0.000000000000000 
0.000000000000000 1.000000000000000 0.000000000000000 0.000000000000000 
0.000000000000000 0.000000000000000 1.000000000000000 0.000000000000000 
1
1.000000000000000 0.000000000000000 0.000000000000000 0.000000000000000 
0.000000000000000 1.000000000000000 0.000000000000000 0.000000000000000 
0.000000000000000 0.000000000000000 1.000000000000000 0.000000000000000 
1
1.000000000000000 0.000000000000000 0.000000000000000 0.000000000000000 
0.000000000000000 1.000000000000000 0.000000000000000 0.000000000000000 
0.000000000000000 0.000000000000000 1.000000000000000 0.000000000000000 
1
1.000000000000000 0.000000000000000 0.000000000000000 0.000000000000000 
0.000000000000000 1.000000000000000 0.000000000000000 0.000000000000000 
0.000000000000000 0.000000000000000 1.000000000000000 0.000000000000000 
1
1.000000000000000 0.000000000000000 0.000000000000000 0.000000000000000 
0.000000000000000 1.000000000000000 0.000000000000000 0.000000000000000 
0.000000000000000 0.000000000000000 1.000000000000000 0.000000000000000 
1
1.000000000000000 0.000000000000000 0.000000000000000 0.000000000000000 
0.000000000000000 1.000000000000000 0.000000000000000 0.000000000000000 
0.000000000000000 0.000000000000000 1.000000000000000 0.000000000000000 
2  5 1 6 1 7 1 8 1 9 1 10 1 11 1 12 -1 0
1
1.000000000000000 0.000000000000000 0.000000000000000 0.000000000000000 
0.000000000000000 1.000000000000000 0.000000000000000 0.000000000000000 
0.000000000000000 0.000000000000000 1.000000000000000 0.300000000000000 
2  5 1 6 1 7 1 8 1 9 1 10 1 11 1 12 -1 14 1 0
1
1.000000000000000 0.000000000000000 0.000000000000000 0.000000000000000 
0.000000000000000 1.000000000000000 0.000000000000000 0.000000000000000 
0.000000000000000 0.000000000000000 1.000000000000000 0.000000000000000 
1
1.000000000000000 0.000000000000000 0.000000000000000 0.000000000000000 
0.000000000000000 1.000000000000000 0.000000000000000 0.000000000000000 
0.000000000000000 0.000000000000000 1.000000000000000 0.000000000000000 
1
1.000000000000000 0.000000000000000 0.000000000000000 0.000000000000000 
0.000000000000000 1.000000000000000 0.000000000000000 0.000000000000000 
0.000000000000000 0.000000000000000 1.000000000000000 0.000000000000000 
2  16 1 17 1 18 1 5 1 6 1 7 1 8 1 9 1 10 1 11 1 12 -1 0
2  9 -1 8 -1 7 -1 6 -1 5 -1 18 -1 17 -1 16 -1 0
1
1.000000000000000 0.000000000000000 0.000000000000000 0.000000000000000 
0.000000000000000 1.000000000000000 0.000000000000000 0.000000000000000 
0.000000000000000 0.000000000000000 1.000000000000000 0.000000000000000 
2  9 -1 8 -1 7 -1 21 -1 5 -1 18 -1 17 -1 16 -1 0
1
-0.500000000000000 -0.866025403784439 0.000000000000000 0.000000000000000 
0.866025403784439 -0.500000000000000 0.000000000000000 0.000000000000000 
0.000000000000000 0.000000000000000 1.000000000000000 0.000000000000000 
2  9 -1 8 -1 7 -1 23 -1 5 -1 18 -1 17 -1 16 -1 0
2  12 1 11 -1 10 -1 9 -1 8 -1 7 -1 6 -1 5 -1 18 -1 17 -1 16 -1 0
2  14 -1 12 1 11 -1 10 -1 9 -1 8 -1 7 -1 6 -1 5 -1 18 -1 17 -1 16 -1 0
2  12 1 11 -1 10 -1 9 -1 8 -1 7 -1 23 -1 5 -1 18 -1 17 -1 16 -1 0
2  14 -1 12 1 11 -1 10 -1 9 -1 8 -1 7 -1 23 -1 5 -1 18 -1 17 -1 16 -1 0
2  12 1 11 -1 10 -1 9 -1 8 -1 7 -1 21 -1 5 -1 18 -1 17 -1 16 -1 0
2  14 -1 12 1 11 -1 10 -1 9 -1 8 -1 7 -1 21 -1 5 -1 18 -1 17 -1 16 -1 0
2  18 -1 17 -1 16 -1 0
2  16 1 17 1 18 1 5 1 6 1 7 1 8 1 9 1 10 1 11 1 12 -1 14 1 0
2  10 1 11 1 12 -1 14 1 0
2  10 1 11 1 12 -1 0
2  10 1 11 1 12 -1 2 1 3 -1 0
1
1.000000000000000 0.000000000000000 0.000000000000000 0.000000000000000 
0.000000000000000 1.000000000000000 0.000000000000000 0.000000000000000 
0.000000000000000 0.000000000000000 1.000000000000000 0.000000000000000 
1
1.000000000000000 0.000000000000000 0.000000000000000 0.000000000000000 
0.000000000000000 1.000000000000000 0.000000000000000 0.000000000000000 
0.000000000000000 0.000000000000000 1.000000000000000 0.000000000000000 
2  36 1 37 1 18 1 5 1 6 1 7 1 8 1 9 1 10 1 11 1 12 -1 2 1 3 -1 0
2  9 -1 8 -1 7 -1 21 -1 5 -1 18 -1 37 -1 36 -1 0
2  9 -1 8 -1 7 -1 23 -1 5 -1 18 -1 37 -1 36 -1 0
2  9 -1 8 -1 7 -1 6 -1 5 -1 18 -1 37 -1 36 -1 0
2  12 1 11 -1 10 -1 9 -1 8 -1 7 -1 6 -1 5 -1 18 -1 37 -1 36 -1 0
2  14 -1 12 1 11 -1 10 -1 9 -1 8 -1 7 -1 6 -1 5 -1 18 -1 37 -1 36 -1 0
2  12 1 11 -1 10 -1 9 -1 8 -1 7 -1 23 -1 5 -1 18 -1 37 -1 36 -1 0
2  14 -1 12 1 11 -1 10 -1 9 -1 8 -1 7 -1 23 -1 5 -1 18 -1 37 -1 36 -1 0
2  12 1 11 -1 10 -1 9 -1 8 -1 7 -1 21 -1 5 -1 18 -1 37 -1 36 -1 0
2  14 -1 12 1 11 -1 10 -1 9 -1 8 -1 7 -1 21 -1 5 -1 18 -1 37 -1 36 -1 0
2  18 -1 37 -1 36 -1 0
2  16 1 17 1 18 1 5 1 6 1 7 1 8 1 9 1 10 1 11 1 12 -1 2 1 3 -1 0
2  5 1 23 1 7 1 8 1 9 1 10 1 11 1 12 -1 0
2  5 1 21 1 7 1 8 1 9 1 10 1 11 1 12 -1 0
2  16 1 17 1 18 1 5 1 23 1 7 1 8 1 9 1 10 1 11 1 12 -1 2 1 3 -1 0
2  36 1 37 1 18 1 5 1 21 1 7 1 8 1 9 1 10 1 11 1 12 -1 2 1 3 -1 0
2  36 1 37 1 18 1 5 1 23 1 7 1 8 1 9 1 10 1 11 1 12 -1 2 1 3 -1 0
2  16 1 17 1 18 1 5 1 21 1 7 1 8 1 9 1 10 1 11 1 12 -1 2 1 3 -1 0
1
1.000000000000000 0.000000000000000 0.000000000000000 0.000000000000000 
0.000000000000000 1.000000000000000 0.000000000000000 322.000000000000000 
0.000000000000000 0.000000000000000 1.000000000000000 0.000000000000000 
2  10 1 11 1 12 -1 2 1 3 -1 56 -1 0
1
1.000000000000000 0.000000000000000 0.000000000000000 0.000000000000000 
0.000000000000000 1.000000000000000 0.000000000000000 352.000000000000000 
0.000000000000000 0.000000000000000 1.000000000000000 0.000000000000000 
2  10 1 11 1 12 -1 2 1 3 -1 58 -1 0
2  10 1 11 1 12 -1 14 1 2 1 3 -1 0
2  16 1 17 1 18 1 5 1 6 1 7 1 8 1 9 1 10 1 11 1 12 -1 14 1 2 1 3 -1 0
2  36 1 37 1 18 1 5 1 6 1 7 1 8 1 9 1 10 1 11 1 12 -1 14 1 2 1 3 -1 0
2  5 1 21 1 7 1 8 1 9 1 10 1 11 1 12 -1 14 1 0
2  36 1 37 1 18 1 5 1 21 1 7 1 8 1 9 1 10 1 11 1 12 -1 14 1 2 1 3 -1 0
2  5 1 23 1 7 1 8 1 9 1 10 1 11 1 12 -1 14 1 0
2  16 1 17 1 18 1 5 1 23 1 7 1 8 1 9 1 10 1 11 1 12 -1 14 1 2 1 3 -1 0
2  16 1 17 1 18 1 5 1 21 1 7 1 8 1 9 1 10 1 11 1 12 -1 14 1 2 1 3 -1 0
2  36 1 37 1 18 1 5 1 23 1 7 1 8 1 9 1 10 1 11 1 12 -1 14 1 2 1 3 -1 0
2  36 1 37 1 18 1 5 1 6 1 7 1 8 1 9 1 10 1 11 1 12 -1 0
2  36 1 37 1 18 1 5 1 6 1 7 1 8 1 9 1 10 1 11 1 12 -1 14 1 0
2  16 1 17 1 18 1 5 1 23 1 7 1 8 1 9 1 10 1 11 1 12 -1 0
2  16 1 17 1 18 1 5 1 23 1 7 1 8 1 9 1 10 1 11 1 12 -1 14 1 0
2  36 1 37 1 18 1 5 1 21 1 7 1 8 1 9 1 10 1 11 1 12 -1 0
2  36 1 37 1 18 1 5 1 21 1 7 1 8 1 9 1 10 1 11 1 12 -1 14 1 0
2  36 1 37 1 18 1 5 1 23 1 7 1 8 1 9 1 10 1 11 1 12 -1 0
2  36 1 37 1 18 1 5 1 23 1 7 1 8 1 9 1 10 1 11 1 12 -1 14 1 0
2  16 1 17 1 18 1 5 1 21 1 7 1 8 1 9 1 10 1 11 1 12 -1 0
2  16 1 17 1 18 1 5 1 21 1 7 1 8 1 9 1 10 1 11 1 12 -1 14 1 0
2  56 -1 0
2  58 -1 0
Curve2ds 106
1 0.00000000000000000 0.00000000000000000 0.00000000000000000 -1.00000000000000000 
1 14.29999999999998472 -0.15000000000000002 0.00000000000000000 1.00000000000000000 
1 3.14159265358979312 0.00000000000000000 0.00000000000000000 -1.00000000000000000 
1 59.99999999999997158 0.00000000000000000 0.00000000000000000 -1.00000000000000000 
1 334.16119246900399276 -176.41583672588279796 -0.86602540378443837 0.50000000000000067 
1 -14.29999999999995453 377.60000000000007958 0.00000000000000000 -1.00000000000000000 
1 -319.86119246900415192 -201.18416327411731004 0.86602540378443882 0.49999999999999978 
1 0.00000000000000000 0.00000000000000000 1.00000000000000000 0.00000000000000000 
1 0.00000000000000000 -0.29999999999999999 1.00000000000000000 0.00000000000000000 
1 0.00000000000000000 0.00000000000000000 1.00000000000000000 0.00000000000000000 
1 0.00000000000000000 -0.29999999999999999 1.00000000000000000 0.00000000000000000 
1 0.00000000000000000 0.00000000000000000 1.00000000000000000 0.00000000000000000 
1 0.00000000000000000 -0.29999999999999999 1.00000000000000000 0.00000000000000000 
1 327.01119246900401549 -188.80000000000023874 -0.50000000000000067 -0.86602540378443837 
1 0.00000000000002461 0.14999999999999997 -1.00000000000000000 0.00000000000000000 
1 0.00000000000000000 0.00000000000000000 0.00000000000000000 -1.00000000000000000 
1 -14.29999999999996163 -0.15000000000000002 0.00000000000000000 1.00000000000000000 
1 327.01119246900401549 -188.80000000000023874 0.50000000000000067 0.86602540378443837 
1 0.00000000000002461 -0.15000000000000002 1.00000000000000000 0.00000000000000000 
1 3.66519142918809182 0.00000000000000000 0.00000000000000000 -1.00000000000000000 
1 -10.00000000000009948 -0.14999999999999999 0.00000000000000000 1.00000000000000000 
1 0.00000000000000000 0.00000000000000000 1.00000000000000000 0.00000000000000000 
1 0.00000000000000000 -0.29999999999999999 1.00000000000000000 0.00000000000000000 
1 0.00000000000000000 0.00000000000000000 1.00000000000000000 0.00000000000000000 
1 0.00000000000000000 -0.29999999999999999 1.00000000000000000 0.00000000000000000 
1 0.00000000000000000 0.00000000000000000 1.00000000000000000 0.00000000000000000 
1 0.00000000000000000 -0.29999999999999999 1.00000000000000000 0.00000000000000000 
2 540.09933648387595895 300.27949192431128722 0.50000000000000067 0.86602540378443837 0.86602540378443837 -0.50000000000000067 515.79933648387600442
2 -530.09933648387573157 317.60000000000007958 -1.00000000000000000 0.00000000000000000 0.00000000000000000 1.00000000000000000 515.79933648387577705
2 -10.00000000000005684 -617.87949192431142365 0.49999999999999978 -0.86602540378443882 -0.86602540378443882 -0.49999999999999978 515.79933648387589074
1 14.29999999999995453 377.60000000000007958 0.00000000000000000 -1.00000000000000000 
1 -334.16119246900410644 -176.41583672588242848 0.86602540378443882 0.49999999999999978 
1 319.86119246900403823 -201.18416327411770794 -0.86602540378443837 0.50000000000000067 
1 0.00000000000000000 0.00000000000000000 1.00000000000000000 0.00000000000000000 
1 0.00000000000000000 -0.29999999999999999 1.00000000000000000 0.00000000000000000 
1 0.00000000000000000 0.00000000000000000 1.00000000000000000 0.00000000000000000 
1 0.00000000000000000 -0.29999999999999999 1.00000000000000000 0.00000000000000000 
1 0.00000000000000000 0.00000000000000000 1.00000000000000000 0.00000000000000000 
1 0.00000000000000000 -0.29999999999999999 1.00000000000000000 0.00000000000000000 
1 0.00000000000000000 0.00000000000000000 1.00000000000000000 0.00000000000000000 
1 0.00000000000000000 -0.29999999999999999 1.00000000000000000 0.00000000000000000 
1 0.00000000000000000 0.00000000000000000 1.00000000000000000 0.00000000000000000 
1 0.00000000000000000 -0.29999999999999999 1.00000000000000000 0.00000000000000000 
1 0.00000000000000000 0.00000000000000000 1.00000000000000000 0.00000000000000000 
1 0.00000000000000000 -0.29999999999999999 1.00000000000000000 0.00000000000000000 
2 530.09933648387573157 317.60000000000007958 1.00000000000000000 0.00000000000000000 -0.00000000000000000 1.00000000000000000 515.79933648387577705
2 -540.09933648387550420 300.27949192431168512 -0.49999999999999978 0.86602540378443882 -0.86602540378443882 -0.49999999999999978 515.79933648387577705
2 9.99999999999943334 -617.87949192431153733 -0.50000000000000067 -0.86602540378443837 0.86602540378443837 -0.50000000000000067 515.79933648387611811
1 -0.00000000000008548 -102.08015544043574607 1.00000000000000000 0.00000000000000167 
1 0.00000000000003276 0.15000000000000002 -1.00000000000000000 0.00000000000000000 
1 88.40400783368164639 51.04007772021792277 -0.50000000000000211 0.86602540378443749 
1 0.00000000000001941 -0.14999999999999999 1.00000000000000000 0.00000000000000000 
1 -327.01119246900412918 -188.79999999999986926 0.49999999999999978 -0.86602540378443882 
1 -0.00000000000002461 -0.15000000000000002 1.00000000000000000 0.00000000000000000 
1 -0.00000000000000021 377.60000000000007958 -1.00000000000000000 0.00000000000000000 
1 -0.14999999999999999 0.00000000000000000 0.00000000000000000 -1.00000000000000000 
1 -88.40400783368161797 51.04007772021796541 -0.49999999999999811 -0.86602540378443971 
1 -0.00000000000002557 -0.14999999999999999 1.00000000000000000 0.00000000000000000 
2 0.00000000000000000 0.00000000000000000 -1.00000000000000000 0.00000000000000000 0.00000000000000000 1.00000000000000000 1.69999999999999996
1 0.00000000000000000 0.00000000000000000 1.00000000000000000 0.00000000000000000 
2 -0.00000000000000021 322.00000000000005684 -1.00000000000000000 0.00000000000000000 0.00000000000000000 1.00000000000000000 1.69999999999999996
2 -0.00000000000000021 352.00000000000005684 -1.00000000000000000 0.00000000000000000 0.00000000000000000 1.00000000000000000 1.69999999999999996
1 88.40400783368168902 51.04007772021790856 0.49999999999999734 -0.86602540378444026 
1 -0.00000000000001941 0.14999999999999999 -1.00000000000000000 0.00000000000000000 
1 -0.00000000000001442 -102.08015544043570344 -1.00000000000000000 0.00000000000000266 
1 -0.00000000000003829 -0.14999999999999997 1.00000000000000000 -0.00000000000000000 
1 -0.00000000000000021 377.60000000000007958 1.00000000000000000 0.00000000000000000 
1 0.14999999999999999 0.00000000000000000 0.00000000000000000 1.00000000000000000 
1 -327.01119246900412918 -188.79999999999986926 -0.49999999999999978 0.86602540378443882 
1 -0.00000000000002461 0.14999999999999997 -1.00000000000000000 0.00000000000000000 
1 -88.40400783368164639 51.04007772021792277 0.50000000000000211 0.86602540378443749 
1 0.00000000000002557 0.14999999999999999 -1.00000000000000000 0.00000000000000000 
2 -0.00000000000000021 322.00000000000005684 -1.00000000000000000 0.00000000000000000 -0.00000000000000000 -1.00000000000000000 1.69999999999999996
1 6.28318530717958623 0.29999999999999999 -1.00000000000000000 0.00000000000000000 
2 -0.00000000000000021 352.00000000000005684 -1.00000000000000000 0.00000000000000000 -0.00000000000000000 -1.00000000000000000 1.69999999999999996
1 6.28318530717958623 0.29999999999999999 -1.00000000000000000 0.00000000000000000 
1 3.14159265358979312 0.00000000000000000 0.00000000000000000 -1.00000000000000000 
1 59.99999999999997158 0.00000000000000000 0.00000000000000000 -1.00000000000000000 
1 3.66519142918809182 0.00000000000000000 0.00000000000000000 -1.00000000000000000 
1 10.00000000000009948 -0.14999999999999999 0.00000000000000000 1.00000000000000000 
1 3.66519142918809182 0.00000000000000000 0.00000000000000000 -1.00000000000000000 
1 -10.00000000000004796 0.15000000000000002 0.00000000000000000 -1.00000000000000000 
1 3.66519142918809182 0.00000000000000000 0.00000000000000000 -1.00000000000000000 
1 10.00000000000003908 0.15000000000000002 0.00000000000000000 -1.00000000000000000 
1 3.14159265358979312 0.00000000000000000 0.00000000000000000 -1.00000000000000000 
1 59.99999999999992895 0.00000000000000000 0.00000000000000000 -1.00000000000000000 
1 3.14159265358979312 0.00000000000000000 0.00000000000000000 -1.00000000000000000 
1 59.99999999999994316 0.00000000000000000 0.00000000000000000 -1.00000000000000000 
1 0.00000000000000000 0.00000000000000000 0.00000000000000000 -1.00000000000000000 
1 14.29999999999993676 -0.15000000000000002 0.00000000000000000 1.00000000000000000 
1 0.00000000000000000 0.00000000000000000 0.00000000000000000 -1.00000000000000000 
1 -0.14999999999999999 14.29999999999995453 1.00000000000000000 0.00000000000000000 
1 0.00000000000000000 0.00000000000000000 0.00000000000000000 -1.00000000000000000 
1 -14.29999999999998650 -0.15000000000000002 0.00000000000000000 1.00000000000000000 
1 0.00000000000000000 0.00000000000000000 0.00000000000000000 -1.00000000000000000 
1 -0.14999999999999999 -14.29999999999995453 1.00000000000000000 0.00000000000000000 
1 3.14159265358979312 0.00000000000000000 0.00000000000000000 -1.00000000000000000 
1 59.99999999999992895 0.00000000000000000 0.00000000000000000 -1.00000000000000000 
1 3.14159265358979312 0.00000000000000000 0.00000000000000000 -1.00000000000000000 
1 59.99999999999994316 0.00000000000000000 0.00000000000000000 -1.00000000000000000 
1 3.66519142918809182 0.00000000000000000 0.00000000000000000 -1.00000000000000000 
1 10.00000000000004796 -0.14999999999999999 0.00000000000000000 1.00000000000000000 
1 3.66519142918809182 0.00000000000000000 0.00000000000000000 -1.00000000000000000 
1 -10.00000000000004796 -0.14999999999999999 0.00000000000000000 1.00000000000000000 
1 6.28318530717958623 0.00000000000000000 0.00000000000000000 1.00000000000000000 
1 0.00000000000000000 0.00000000000000000 0.00000000000000000 1.00000000000000000 
Curves 38
1 334.16119246900399276 -176.41583672588285481 0.00000000000000000 0.00000000000000000 0.00000000000000000 1.00000000000000000 
1 282.19966824193772936 -146.41583672588282639 0.00000000000000000 0.00000000000000000 0.00000000000000000 1.00000000000000000 
1 -14.29999999999995453 377.60000000000002274 0.00000000000000000 -0.00000000000000000 -1.00000000000000000 -0.00000000000000000 
1 327.01119246900401549 -188.80000000000029559 0.29999999999999999 -0.50000000000000067 -0.86602540378443837 0.00000000000000000 
1 319.86119246900403823 -201.18416327411776479 0.00000000000000000 0.00000000000000000 0.00000000000000000 1.00000000000000000 
1 327.01119246900401549 -188.80000000000029559 0.00000000000000000 0.50000000000000067 0.86602540378443837 -0.00000000000000000 
1 93.40400783368170323 42.37982368237337738 0.00000000000000000 0.00000000000000000 0.00000000000000000 1.00000000000000000 
2 -530.09933648387573157 317.60000000000002274 0.00000000000000000 0.00000000000000000 0.00000000000000000 -1.00000000000000000 -1.00000000000000000 -0.00000000000000000 -0.00000000000000000 -0.00000000000000000 1.00000000000000000 0.00000000000000000 515.79933648387577705
1 14.29999999999995453 377.60000000000002274 0.00000000000000000 0.00000000000000000 -1.00000000000000000 0.00000000000000000 
2 530.09933648387573157 317.60000000000002274 0.00000000000000000 0.00000000000000000 0.00000000000000000 1.00000000000000000 1.00000000000000000 0.00000000000000000 -0.00000000000000000 -0.00000000000000000 1.00000000000000000 0.00000000000000000 515.79933648387577705
1 -0.00000000000008527 -102.08015544043580292 0.00000000000000000 1.00000000000000000 0.00000000000000167 0.00000000000000000 
1 88.40400783368164639 51.04007772021786593 0.00000000000000000 -0.50000000000000211 0.86602540378443749 0.00000000000000000 
1 -327.01119246900412918 -188.79999999999992610 0.00000000000000000 0.49999999999999978 -0.86602540378443882 -0.00000000000000000 
1 0.00000000000000000 377.60000000000002274 0.00000000000000000 -1.00000000000000000 -0.00000000000000000 -0.00000000000000000 
1 -88.40400783368161797 51.04007772021790856 0.00000000000000000 -0.49999999999999811 -0.86602540378443971 0.00000000000000000 
2 0.00000000000000000 0.00000000000000000 0.00000000000000000 -0.00000000000000000 -0.00000000000000000 -1.00000000000000000 -1.00000000000000000 0.00000000000000000 0.00000000000000000 0.00000000000000000 1.00000000000000000 -0.00000000000000000 1.69999999999999996
1 88.40400783368168902 51.04007772021785172 0.29999999999999999 0.49999999999999734 -0.86602540378444026 0.00000000000000000 
1 -0.00000000000001421 -102.08015544043576028 0.29999999999999999 -1.00000000000000000 0.00000000000000266 0.00000000000000000 
1 0.00000000000000000 377.60000000000002274 0.29999999999999999 1.00000000000000000 0.00000000000000000 0.00000000000000000 
1 -327.01119246900412918 -188.79999999999992610 0.29999999999999999 -0.49999999999999978 0.86602540378443882 0.00000000000000000 
1 -88.40400783368164639 51.04007772021786593 0.29999999999999999 0.50000000000000211 0.86602540378443749 0.00000000000000000 
2 0.00000000000000000 322.00000000000000000 0.29999999999999999 0.00000000000000000 0.00000000000000000 1.00000000000000000 -1.00000000000000000 0.00000000000000000 0.00000000000000000 0.00000000000000000 -1.00000000000000000 0.00000000000000000 1.69999999999999996
2 0.00000000000000000 352.00000000000000000 0.29999999999999999 0.00000000000000000 0.00000000000000000 1.00000000000000000 -1.00000000000000000 0.00000000000000000 0.00000000000000000 0.00000000000000000 -1.00000000000000000 0.00000000000000000 1.69999999999999996
1 267.89966824193777484 -171.18416327411770794 0.00000000000000000 0.00000000000000000 0.00000000000000000 1.00000000000000000 
1 83.40400783368161797 59.70033175806232606 0.00000000000000000 0.00000000000000000 0.00000000000000000 1.00000000000000000 
1 9.99999999999999467 -102.08015544043581713 0.00000000000000000 0.00000000000000000 0.00000000000000000 1.00000000000000000 
1 -10.00000000000009237 -102.08015544043573186 0.00000000000000000 0.00000000000000000 0.00000000000000000 1.00000000000000000 
1 -267.89966824193788852 -171.18416327411742373 0.00000000000000000 0.00000000000000000 0.00000000000000000 1.00000000000000000 
1 14.29999999999995453 317.60000000000007958 0.00000000000000000 0.00000000000000000 0.00000000000000000 1.00000000000000000 
1 -319.86119246900415192 -201.18416327411736688 0.00000000000000000 0.00000000000000000 0.00000000000000000 1.00000000000000000 
1 14.29999999999995453 377.60000000000002274 0.00000000000000000 0.00000000000000000 0.00000000000000000 1.00000000000000000 
1 -334.16119246900410644 -176.41583672588248533 0.00000000000000000 0.00000000000000000 0.00000000000000000 1.00000000000000000 
1 -14.29999999999995453 377.60000000000002274 0.00000000000000000 0.00000000000000000 0.00000000000000000 1.00000000000000000 
1 -282.19966824193784305 -146.41583672588254217 0.00000000000000000 0.00000000000000000 0.00000000000000000 1.00000000000000000 
1 -14.29999999999995453 317.60000000000007958 0.00000000000000000 0.00000000000000000 0.00000000000000000 1.00000000000000000 
1 -93.40400783368167481 42.37982368237346975 0.00000000000000000 0.00000000000000000 0.00000000000000000 1.00000000000000000 
1 -83.40400783368158955 59.70033175806230474 0.00000000000000000 0.00000000000000000 0.00000000000000000 1.00000000000000000 
1 -1.69999999999999996 0.00000000000000000 0.00000000000000000 0.00000000000000006 0.00000000000000000 1.00000000000000000 
Polygon3D 0
PolygonOnTriangulations 0
Surfaces 27
1 334.16119246900399276 -176.41583672588285481 0.00000000000000000 -0.50000000000000067 -0.86602540378443837 0.00000000000000000 -0.86602540378443837 0.50000000000000067 0.00000000000000000 -0.00000000000000000 0.00000000000000000 -1.00000000000000000 
1 327.01119246900407234 -188.80000000000035243 0.15000000000000002 0.86602540378443893 -0.49999999999999950 0.00000000000000000 0.49999999999999950 0.86602540378443893 0.00000000000000000 -0.00000000000000000 0.00000000000000000 1.00000000000000000 
2 540.09933648387595895 300.27949192431123038 0.00000000000000000 0.00000000000000000 -0.00000000000000000 -1.00000000000000000 0.50000000000000067 0.86602540378443837 0.00000000000000000 0.86602540378443837 -0.50000000000000067 0.00000000000000000 515.79933648387589074
1 0.00000000000000021 -0.00000000000006016 0.00000000000000000 0.00000000000000000 0.00000000000000000 1.00000000000000000 1.00000000000000000 0.00000000000000000 -0.00000000000000000 -0.00000000000000000 1.00000000000000000 0.00000000000000000 
1 -319.86119246900415192 -201.18416327411736688 0.00000000000000000 -0.49999999999999978 0.86602540378443882 0.00000000000000000 0.86602540378443882 0.49999999999999978 -0.00000000000000000 -0.00000000000000000 0.00000000000000000 -1.00000000000000000 
1 -14.29999999999995453 377.60000000000002274 0.00000000000000000 1.00000000000000000 0.00000000000000000 0.00000000000000000 0.00000000000000000 -1.00000000000000000 0.00000000000000000 0.00000000000000000 0.00000000000000000 -1.00000000000000000 
1 319.86119246900403823 -201.18416327411776479 0.00000000000000000 -0.50000000000000067 -0.86602540378443837 0.00000000000000000 -0.86602540378443837 0.50000000000000067 0.00000000000000000 -0.00000000000000000 0.00000000000000000 -1.00000000000000000 
1 88.40400783368168902 51.04007772021785172 0.00000000000000000 0.86602540378444026 0.49999999999999734 -0.00000000000000000 0.49999999999999734 -0.86602540378444026 0.00000000000000000 0.00000000000000000 -0.00000000000000000 -1.00000000000000000 
1 88.40400783368166060 51.04007772021785172 0.14999999999999999 0.86602540378443815 0.50000000000000089 0.00000000000000000 -0.50000000000000089 0.86602540378443815 0.00000000000000000 0.00000000000000000 -0.00000000000000000 1.00000000000000000 
2 -530.09933648387573157 317.60000000000002274 0.00000000000000000 0.00000000000000000 0.00000000000000000 -1.00000000000000000 -1.00000000000000000 -0.00000000000000000 -0.00000000000000000 -0.00000000000000000 1.00000000000000000 0.00000000000000000 515.79933648387577705
2 -10.00000000000005684 -617.87949192431153733 0.00000000000000000 -0.00000000000000000 0.00000000000000000 -1.00000000000000000 0.49999999999999978 -0.86602540378443882 -0.00000000000000000 -0.86602540378443882 -0.49999999999999978 0.00000000000000000 515.79933648387577705
1 -334.16119246900410644 -176.41583672588248533 0.00000000000000000 -0.49999999999999978 0.86602540378443882 0.00000000000000000 0.86602540378443882 0.49999999999999978 0.00000000000000000 0.00000000000000000 0.00000000000000000 -1.00000000000000000 
1 14.29999999999995453 377.60000000000002274 0.00000000000000000 1.00000000000000000 0.00000000000000000 -0.00000000000000000 0.00000000000000000 -1.00000000000000000 0.00000000000000000 0.00000000000000000 -0.00000000000000000 -1.00000000000000000 
2 530.09933648387573157 317.60000000000002274 0.00000000000000000 -0.00000000000000000 -0.00000000000000000 -1.00000000000000000 1.00000000000000000 0.00000000000000000 0.00000000000000000 -0.00000000000000000 1.00000000000000000 -0.00000000000000000 515.79933648387577705
2 -540.09933648387550420 300.27949192431162828 0.00000000000000000 -0.00000000000000000 -0.00000000000000000 -1.00000000000000000 -0.49999999999999978 0.86602540378443882 0.00000000000000000 -0.86602540378443882 -0.49999999999999978 0.00000000000000000 515.79933648387577705
2 9.99999999999943334 -617.87949192431165102 0.00000000000000000 -0.00000000000000000 -0.00000000000000000 -1.00000000000000000 -0.50000000000000067 -0.86602540378443837 0.00000000000000000 0.86602540378443837 -0.50000000000000067 -0.00000000000000000 515.79933648387589074
1 -0.00000000000005250 -102.08015544043580292 0.15000000000000002 -0.00000000000000288 -1.00000000000000000 -0.00000000000000000 -1.00000000000000000 0.00000000000000288 0.00000000000000000 0.00000000000000000 0.00000000000000000 -1.00000000000000000 
1 -327.01119246900418602 -188.79999999999998295 0.15000000000000002 -0.86602540378443882 -0.49999999999999983 -0.00000000000000000 0.49999999999999983 -0.86602540378443882 0.00000000000000000 -0.00000000000000000 0.00000000000000000 1.00000000000000000 
1 0.00000000000000000 377.60000000000007958 0.14999999999999999 0.00000000000000000 1.00000000000000000 0.00000000000000000 0.00000000000000000 -0.00000000000000000 1.00000000000000000 1.00000000000000000 0.00000000000000000 -0.00000000000000000 
1 -88.40400783368163218 51.04007772021788725 0.14999999999999999 -0.86602540378443837 0.50000000000000044 -0.00000000000000000 -0.50000000000000044 -0.86602540378443837 0.00000000000000000 0.00000000000000000 0.00000000000000000 1.00000000000000000 
1 0.00000000000000000 0.00000000000000000 0.00000000000000000 -0.00000000000000000 -0.00000000000000000 -1.00000000000000000 1.00000000000000000 -0.00000000000000000 0.00000000000000000 0.00000000000000000 1.00000000000000000 -0.00000000000000000 
2 0.00000000000000000 0.00000000000000000 0.00000000000000000 0.00000000000000000 0.00000000000000000 1.00000000000000000 -1.00000000000000000 0.00000000000000000 0.00000000000000000 -0.00000000000000000 1.00000000000000000 -0.00000000000000000 1.69999999999999996
1 88.40400783368164639 51.04007772021786593 0.00000000000000000 -0.86602540378443749 -0.50000000000000211 0.00000000000000000 -0.50000000000000211 0.86602540378443749 0.00000000000000000 -0.00000000000000000 0.00000000000000000 -1.00000000000000000 
1 -0.00000000000008527 -102.08015544043580292 0.00000000000000000 -0.00000000000000167 1.00000000000000000 0.00000000000000000 1.00000000000000000 0.00000000000000167 0.00000000000000000 0.00000000000000000 0.00000000000000000 -1.00000000000000000 
1 -0.00000000000001421 -102.08015544043576028 0.00000000000000000 -0.00000000000000266 -1.00000000000000000 0.00000000000000000 -1.00000000000000000 0.00000000000000266 0.00000000000000000 -0.00000000000000000 0.00000000000000000 -1.00000000000000000 
1 -88.40400783368161797 51.04007772021790856 0.00000000000000000 0.86602540378443971 -0.49999999999999811 0.00000000000000000 -0.49999999999999811 -0.86602540378443971 0.00000000000000000 0.00000000000000000 -0.00000000000000000 -1.00000000000000000 
1 -88.40400783368164639 51.04007772021786593 0.00000000000000000 -0.86602540378443749 0.50000000000000211 0.00000000000000000 0.50000000000000211 0.86602540378443749 0.00000000000000000 0.00000000000000000 0.00000000000000000 -1.00000000000000000 
Triangulations 0

TShapes 98
Ve
0.000000100000000
-14.299999999999955 377.600000000000023 0.000000000000000
0 0

0101101
*
Ed
 0.000000100000000 1 1 0
1  1 0 0.000000000000000 0.300000000000000
2  1 1 0 0.000000000000000 0.300000000000000
2  2 2 0 0.000000000000000 0.300000000000000
0

0101000
+98 13 -98 15 *
Ve
0.000000100000000
-14.299999999999955 317.600000000000080 0.000000000000000
0 0

0101101
*
Ed
 0.000000100000000 1 1 0
1  2 0 0.000000000000000 0.300000000000000
2  3 3 0 0.000000000000000 0.300000000000000
4 G1 1 0 3 0
2  4 1 0 0.000000000000000 0.300000000000000
0

0101000
+96 13 -96 15 *
Ed
 0.000000100000000 1 1 0
1  3 0 0.000000000000000 59.999999999999943
2  5 4 20 0.000000000000000 59.999999999999943
2  6 4 22 0.000000000000000 59.999999999999943
2  7 4 24 0.000000000000000 59.999999999999943
2  8 1 25 0.000000000000000 59.999999999999943
2  9 1 26 0.000000000000000 59.999999999999943
2  10 5 27 0.000000000000000 59.999999999999943
2  11 5 28 0.000000000000000 59.999999999999943
2  12 6 29 0.000000000000000 59.999999999999943
2  13 6 30 0.000000000000000 59.999999999999943
0

0101000
+98 31 -96 31 *
Wi

0101100
+97 0 -95 0 -94 19 +94 32 *
Fa
0  0.000000100000000 1 0

0101000
+93 0 *
Ve
0.000000100000000
14.299999999999955 377.600000000000023 0.000000000000000
0 0

0101101
*
Ed
 0.000000100000000 1 1 0
1  4 0 -14.299999999999963 14.299999999999988
2  14 4 33 -14.299999999999963 14.299999999999988
2  15 2 0 -14.299999999999963 14.299999999999988
0

0101000
+98 15 -91 15 *
Ed
 0.000000100000000 1 1 0
1  5 0 0.000000000000000 0.300000000000000
2  16 7 0 0.000000000000000 0.300000000000000
2  17 2 0 0.000000000000000 0.300000000000000
0

0101000
+91 13 -91 15 *
Ed
 0.000000100000000 1 1 0
1  6 0 -14.299999999999988 14.299999999999963
2  18 4 34 -14.299999999999988 14.299999999999963
2  19 2 0 -14.299999999999988 14.299999999999963
0

0101000
+91 13 -98 13 *
Wi

0101000
+97 0 +90 0 -89 0 +88 0 *
Fa
0  0.000000100000000 2 0

0101000
+87 0 *
Ve
0.000000100000000
-83.404007833681590 59.700331758062305 0.000000000000000
0 0

0101101
*
Ed
 0.000000100000000 1 1 0
1  7 0 0.000000000000000 0.300000000000000
2  20 3 0 0.000000000000000 0.300000000000000
4 G1 3 0 8 0
2  21 9 0 0.000000000000000 0.300000000000000
0

0101000
+85 13 -85 15 *
Ed
 0.000000100000000 1 1 0
1  8 0 3.141592653589793 3.665191429188092
2  22 3 25 3.141592653589793 3.665191429188092
2  23 3 26 3.141592653589793 3.665191429188092
2  24 10 29 3.141592653589793 3.665191429188092
2  25 10 30 3.141592653589793 3.665191429188092
2  26 11 27 3.141592653589793 3.665191429188092
2  27 11 28 3.141592653589793 3.665191429188092
2  28 4 20 3.141592653589793 3.665191429188092
2  29 4 22 3.141592653589793 3.665191429188092
2  30 4 24 3.141592653589793 3.665191429188092
0

0101000
+96 31 -85 31 *
Wi

0101100
+95 0 -84 0 -83 19 +83 32 *
Fa
0  0.000000100000000 3 0

0101000
+82 0 *
Ve
0.000000100000000
14.299999999999955 317.600000000000080 0.000000000000000
0 0

0101101
*
Ed
 0.000000100000000 1 1 0
1  9 0 0.000000000000000 59.999999999999943
2  31 4 39 0.000000000000000 59.999999999999943
2  32 4 40 0.000000000000000 59.999999999999943
2  33 4 41 0.000000000000000 59.999999999999943
2  34 7 42 0.000000000000000 59.999999999999943
2  35 7 43 0.000000000000000 59.999999999999943
2  36 12 44 0.000000000000000 59.999999999999943
2  37 12 45 0.000000000000000 59.999999999999943
2  38 13 46 0.000000000000000 59.999999999999943
2  39 13 47 0.000000000000000 59.999999999999943
0

0101000
+91 48 -80 48 *
Ve
0.000000100000000
83.404007833681646 59.700331758062347 0.000000000000000
0 0

0101101
*
Ed
 0.000000100000000 1 1 0
1  10 0 3.141592653589793 3.665191429188092
2  40 14 46 3.141592653589793 3.665191429188092
2  41 14 47 3.141592653589793 3.665191429188092
2  42 15 44 3.141592653589793 3.665191429188092
2  43 15 45 3.141592653589793 3.665191429188092
2  44 16 42 3.141592653589793 3.665191429188092
2  45 16 43 3.141592653589793 3.665191429188092
2  46 4 39 3.141592653589793 3.665191429188092
2  47 4 40 3.141592653589793 3.665191429188092
2  48 4 41 3.141592653589793 3.665191429188092
0

0101000
+80 48 -78 48 *
Ed
 0.000000100000000 1 1 0
1  11 0 -10.000000000000007 10.000000000000080
2  49 4 34 -10.000000000000007 10.000000000000080
2  50 17 0 -10.000000000000007 10.000000000000080
0

0101000
+85 50 -78 13 *
Ed
 0.000000100000000 1 1 0
1  12 0 -10.000000000000117 10.000000000000078
2  51 4 34 -10.000000000000117 10.000000000000078
2  52 9 0 -10.000000000000117 10.000000000000078
0

0101000
+85 13 -78 51 *
Ed
 0.000000100000000 1 1 0
1  13 0 -14.299999999999962 14.299999999999962
2  53 4 34 -14.299999999999962 14.299999999999962
2  54 18 0 -14.299999999999962 14.299999999999962
0

0101000
+91 50 -98 50 *
Ed
 0.000000100000000 1 1 0
1  14 0 -14.299999999999955 14.299999999999955
2  55 4 34 -14.299999999999955 14.299999999999955
2  56 19 0 -14.299999999999955 14.299999999999955
0

0101000
+91 51 -98 51 *
Ed
 0.000000100000000 1 1 0
1  15 0 -10.000000000000023 10.000000000000073
2  57 4 34 -10.000000000000023 10.000000000000073
2  58 20 0 -10.000000000000023 10.000000000000073
0

0101000
+85 51 -78 50 *
Wi

0101100
+88 4 -79 38 +94 49 -77 38 +83 49 +76 4 +75 4 +83 52 -77 53 +94 52 
-79 53 +74 4 +73 4 -79 54 +94 55 -77 54 +83 55 +72 4 *
Ve
0.000000100000000
-1.700000000000000 0.000000000000000 0.000000000000000
0 0

0101101
*
Ed
 0.000000100000000 1 1 0
1  16 0 0.000000000000000 6.283185307179586
2  59 21 0 0.000000000000000 6.283185307179586
2  60 22 0 0.000000000000000 6.283185307179586
2  61 4 57 0.000000000000000 6.283185307179586
2  62 4 59 0.000000000000000 6.283185307179586
0

0101000
+70 0 -70 0 *
Wi

0101100
+69 56 *
Wi

0101100
+69 58 *
Fa
0  0.000000100000000 4 35

0101000
+71 0 +68 0 +67 0 *
Ed
 0.000000100000000 1 1 0
1  17 0 -10.000000000000110 10.000000000000082
2  63 4 33 -10.000000000000110 10.000000000000082
2  64 9 0 -10.000000000000110 10.000000000000082
0

0101000
+78 63 -85 15 *
Ed
 0.000000100000000 1 1 0
1  18 0 -10.000000000000009 10.000000000000078
2  65 4 33 -10.000000000000009 10.000000000000078
2  66 17 0 -10.000000000000009 10.000000000000078
0

0101000
+78 15 -85 65 *
Ed
 0.000000100000000 1 1 0
1  19 0 -14.299999999999955 14.299999999999955
2  67 4 33 -14.299999999999955 14.299999999999955
2  68 19 0 -14.299999999999955 14.299999999999955
0

0101000
+98 63 -91 63 *
Ed
 0.000000100000000 1 1 0
1  20 0 -14.299999999999962 14.299999999999962
2  69 4 33 -14.299999999999962 14.299999999999962
2  70 18 0 -14.299999999999962 14.299999999999962
0

0101000
+98 65 -91 65 *
Ed
 0.000000100000000 1 1 0
1  21 0 -10.000000000000023 10.000000000000075
2  71 4 33 -10.000000000000023 10.000000000000075
2  72 20 0 -10.000000000000023 10.000000000000075
0

0101000
+78 65 -85 63 *
Wi

0101100
+94 61 -90 4 +83 61 -79 62 -65 4 -77 62 -77 64 -64 4 -79 64 +83 66 
-63 4 +94 66 +94 67 -62 4 +83 67 -79 68 -61 4 -77 68 *
Ve
0.000000100000000
-1.700000000000000 322.000000000000000 0.300000000000000
0 0

0101101
*
Ed
 0.000000100000000 1 1 0
1  22 0 0.000000000000000 6.283185307179586
2  73 4 60 0.000000000000000 6.283185307179586
2  74 22 56 0.000000000000000 6.283185307179586
0

0101100
+59 0 -59 0 *
Wi

0101100
-58 0 *
Ve
0.000000100000000
-1.700000000000000 352.000000000000000 0.300000000000000
0 0

0101101
*
Ed
 0.000000100000000 1 1 0
1  23 0 0.000000000000000 6.283185307179586
2  75 4 60 0.000000000000000 6.283185307179586
2  76 22 58 0.000000000000000 6.283185307179586
0

0101100
+56 0 -56 0 *
Wi

0101100
-55 0 *
Fa
0  0.000000100000000 4 60

0101000
+60 0 +57 0 +54 0 *
Ed
 0.000000100000000 1 1 0
1  24 0 0.000000000000000 0.300000000000000
2  77 16 0 0.000000000000000 0.300000000000000
4 G1 16 0 7 0
2  78 7 0 0.000000000000000 0.300000000000000
0

0101000
+80 13 -80 15 *
Wi

0101100
+89 0 -52 0 -79 69 +79 70 *
Fa
0  0.000000100000000 7 0

0101000
+51 0 *
Ed
 0.000000100000000 1 1 0
1  25 0 0.000000000000000 0.300000000000000
2  79 14 0 0.000000000000000 0.300000000000000
4 G1 23 0 14 0
2  80 9 0 0.000000000000000 0.300000000000000
0

0101000
+78 51 -78 63 *
Wi

0101000
-84 0 +75 0 +49 0 +65 0 *
Fa
0  0.000000100000000 9 0

0101000
+48 0 *
Ed
 0.000000100000000 1 1 0
1  26 0 0.000000000000000 0.300000000000000
2  81 16 0 0.000000000000000 0.300000000000000
4 G1 24 0 16 0
2  82 17 0 0.000000000000000 0.300000000000000
0

0101000
+78 13 -78 15 *
Wi

0101100
+52 0 -46 0 -77 69 +77 70 *
Fa
0  0.000000100000000 16 0

0101000
+45 0 *
Ed
 0.000000100000000 1 1 0
1  27 0 0.000000000000000 0.300000000000000
2  83 11 0 0.000000000000000 0.300000000000000
4 G1 11 0 25 0
2  84 17 0 0.000000000000000 0.300000000000000
0

0101000
+85 50 -85 65 *
Wi

0101000
-43 0 +76 0 +46 0 +64 0 *
Fa
0  0.000000100000000 17 0

0101000
+42 0 *
Ed
 0.000000100000000 1 1 0
1  28 0 0.000000000000000 0.300000000000000
2  85 11 0 0.000000000000000 0.300000000000000
4 G1 5 0 11 0
2  86 5 0 0.000000000000000 0.300000000000000
0

0101000
+96 50 -96 65 *
Wi

0101100
+40 0 -43 0 -83 71 +83 72 *
Fa
0  0.000000100000000 11 0

0101000
+39 0 *
Ed
 0.000000100000000 1 1 0
1  29 0 0.000000000000000 0.300000000000000
2  87 14 0 0.000000000000000 0.300000000000000
4 G1 14 0 13 0
2  88 13 0 0.000000000000000 0.300000000000000
0

0101000
+80 51 -80 63 *
Wi

0101100
+37 0 -49 0 -77 73 +77 74 *
Fa
0  0.000000100000000 14 0

0101000
+36 0 *
Ed
 0.000000100000000 1 1 0
1  30 0 0.000000000000000 0.300000000000000
2  89 5 0 0.000000000000000 0.300000000000000
2  90 18 0 0.000000000000000 0.300000000000000
0

0101000
+98 50 -98 65 *
Wi

0101100
+34 0 -40 0 -94 71 +94 72 *
Fa
0  0.000000100000000 5 0

0101000
+33 0 *
Ed
 0.000000100000000 1 1 0
1  31 0 0.000000000000000 0.300000000000000
2  91 13 0 0.000000000000000 0.300000000000000
2  92 19 0 0.000000000000000 0.300000000000000
0

0101000
+91 51 -91 63 *
Wi

0101100
+31 0 -37 0 -79 73 +79 74 *
Fa
0  0.000000100000000 13 0

0101000
+30 0 *
Ed
