
CASCADE Topology V1, (c) Matra-Datavision
Locations 32
1
1.000000000000000 0.000000000000000 0.000000000000000 0.000000000000000 
0.000000000000000 1.000000000000000 0.000000000000000 0.000000000000000 
0.000000000000000 0.000000000000000 1.000000000000000 0.000000000000000 
1
1.000000000000000 0.000000000000000 0.000000000000000 0.000000000000000 
0.000000000000000 1.000000000000000 0.000000000000000 0.000000000000000 
0.000000000000000 0.000000000000000 1.000000000000000 0.000000000000000 
1
0.866025403784439 -0.000000000000000 0.500000000000000 149.822394854707909 
0.500000000000000 0.000000000000000 -0.866025403784439 86.499999999999986 
0.000000000000000 1.000000000000000 0.000000000000000 84.000000000000000 
1
1.000000000000000 0.000000000000000 0.000000000000000 0.000000000000000 
0.000000000000000 1.000000000000000 0.000000000000000 0.000000000000000 
0.000000000000000 0.000000000000000 1.000000000000000 0.000000000000000 
1
1.000000000000000 0.000000000000000 0.000000000000000 0.000000000000000 
0.000000000000000 1.000000000000000 0.000000000000000 0.000000000000000 
0.000000000000000 0.000000000000000 1.000000000000000 0.000000000000000 
1
1.000000000000000 0.000000000000000 0.000000000000000 0.000000000000000 
0.000000000000000 1.000000000000000 0.000000000000000 0.000000000000000 
0.000000000000000 0.000000000000000 1.000000000000000 0.000000000000000 
1
1.000000000000000 0.000000000000000 0.000000000000000 0.000000000000000 
0.000000000000000 1.000000000000000 0.000000000000000 0.000000000000000 
0.000000000000000 0.000000000000000 1.000000000000000 0.000000000000000 
1
0.500000000000000 -0.866025403784439 0.000000000000000 0.000000000000000 
0.866025403784439 0.500000000000000 0.000000000000000 0.000000000000000 
0.000000000000000 0.000000000000000 1.000000000000000 410.000000000000000 
1
1.000000000000000 0.000000000000000 0.000000000000000 0.000000000000000 
0.000000000000000 1.000000000000000 0.000000000000000 0.000000000000000 
0.000000000000000 0.000000000000000 1.000000000000000 0.000000000000000 
1
1.000000000000000 0.000000000000000 0.000000000000000 0.000000000000000 
0.000000000000000 1.000000000000000 0.000000000000000 0.000000000000000 
0.000000000000000 0.000000000000000 1.000000000000000 0.000000000000000 
2  2 1 3 1 4 1 5 1 6 1 7 1 8 1 9 1 10 1 0
1
1.000000000000000 0.000000000000000 0.000000000000000 -2.000000000000000 
0.000000000000000 1.000000000000000 0.000000000000000 3.464101615137755 
0.000000000000000 0.000000000000000 1.000000000000000 0.000000000000001 
1
1.000000000000000 0.000000000000000 0.000000000000000 0.000000000000000 
0.000000000000000 1.000000000000000 0.000000000000000 0.000000000000000 
0.000000000000000 0.000000000000000 1.000000000000000 0.000000000000000 
1
1.000000000000000 0.000000000000000 0.000000000000000 0.000000000000000 
0.000000000000000 1.000000000000000 0.000000000000000 0.000000000000000 
0.000000000000000 0.000000000000000 1.000000000000000 0.000000000000000 
2  12 -1 13 1 14 -1 5 -1 4 -1 3 -1 2 -1 0
1
1.000000000000000 0.000000000000000 0.000000000000000 3.999999999999999 
0.000000000000000 1.000000000000000 0.000000000000000 -6.928203230275510 
0.000000000000000 0.000000000000000 1.000000000000000 -0.000000000000002 
2  16 -1 12 -1 13 1 14 -1 5 -1 4 -1 3 -1 2 -1 0
2  4 -1 3 -1 2 -1 0
1
1.000000000000000 0.000000000000000 0.000000000000000 -1487.149440473208642 
0.000000000000000 1.000000000000000 0.000000000000000 0.000000000000413 
0.000000000000000 0.000000000000000 1.000000000000000 0.000000000000301 
1
1.000000000000000 0.000000000000000 0.000000000000000 0.000000000000000 
0.000000000000000 1.000000000000000 0.000000000000000 0.000000000000000 
0.000000000000000 0.000000000000000 1.000000000000000 0.000000000000000 
1
0.500000000000000 -0.866025403784439 0.000000000000000 0.000000000000000 
0.866025403784439 0.500000000000000 0.000000000000000 0.000000000000000 
0.000000000000000 0.000000000000000 1.000000000000000 410.000000000000000 
1
1.000000000000000 0.000000000000000 0.000000000000000 0.000000000000000 
0.000000000000000 1.000000000000000 0.000000000000000 0.000000000000000 
0.000000000000000 0.000000000000000 1.000000000000000 0.000000000000000 
2  19 -1 20 1 21 -1 22 -1 7 -1 6 -1 5 -1 4 -1 3 -1 2 -1 0
1
1.000000000000000 0.000000000000000 0.000000000000000 2974.298880946417285 
0.000000000000000 1.000000000000000 0.000000000000000 -0.000000000000826 
0.000000000000000 0.000000000000000 1.000000000000000 -0.000000000000602 
2  24 -1 19 -1 20 1 21 -1 22 -1 7 -1 6 -1 5 -1 4 -1 3 -1 2 -1 0
1
1.000000000000000 0.000000000000000 0.000000000000000 -1487.149440473208642 
0.000000000000000 1.000000000000000 0.000000000000000 0.000000000000413 
0.000000000000000 0.000000000000000 1.000000000000000 0.000000000000301 
1
1.000000000000000 0.000000000000000 0.000000000000000 0.000000000000000 
0.000000000000000 1.000000000000000 0.000000000000000 0.000000000000000 
0.000000000000000 0.000000000000000 1.000000000000000 0.000000000000000 
1
0.500000000000000 -0.866025403784439 0.000000000000000 0.000000000000000 
0.866025403784439 0.500000000000000 0.000000000000000 0.000000000000000 
0.000000000000000 0.000000000000000 1.000000000000000 410.000000000000000 
1
1.000000000000000 0.000000000000000 0.000000000000000 0.000000000000000 
0.000000000000000 1.000000000000000 0.000000000000000 0.000000000000000 
0.000000000000000 0.000000000000000 1.000000000000000 0.000000000000000 
2  26 -1 27 1 28 -1 29 -1 7 -1 6 -1 5 -1 4 -1 3 -1 2 -1 0
1
1.000000000000000 0.000000000000000 0.000000000000000 2974.298880946417285 
0.000000000000000 1.000000000000000 0.000000000000000 -0.000000000000826 
0.000000000000000 0.000000000000000 1.000000000000000 -0.000000000000602 
2  31 -1 26 -1 27 1 28 -1 29 -1 7 -1 6 -1 5 -1 4 -1 3 -1 2 -1 0
Curve2ds 7
1 0.00000000000000000 0.00000000000000000 1.00000000000000000 0.00000000000000000 
1 0.00000000000000000 -8.00000000000000000 1.00000000000000000 0.00000000000000000 
2 -158.62499999999988631 24.99999999999999289 1.00000000000000000 -0.00000000000000000 -0.00000000000000000 -1.00000000000000000 1.70000000000000018
1 0.00000000000000000 0.00000000000000000 1.00000000000000000 0.00000000000000000 
1 0.00000000000000000 -2974.29888094641728458 1.00000000000000000 0.00000000000000000 
1 0.00000000000000000 0.00000000000000000 1.00000000000000000 0.00000000000000000 
1 0.00000000000000000 -2974.29888094641728458 1.00000000000000000 0.00000000000000000 
Curves 1
2 -158.62500000000000000 -50.00000000000000000 0.00000000000000000 0.00000000000000000 0.00000000000000000 1.00000000000000000 1.00000000000000000 0.00000000000000000 -0.00000000000000000 -0.00000000000000000 1.00000000000000000 0.00000000000000000 1.69999999999999996
Polygon3D 0
PolygonOnTriangulations 0
Surfaces 5
1 -0.00000000000000331 14.37499999999999822 444.00000000000005684 1.00000000000000000 -0.00000000000000033 0.00000000000000014 0.00000000000000033 1.00000000000000000 0.00000000000000000 -0.00000000000000014 0.00000000000000000 1.00000000000000000 
2 10.44911517940130352 10.65160161513774995 34.00000000000000000 -0.49999999999999989 0.86602540378443882 -0.00000000000000014 0.86602540378443882 0.49999999999999989 0.00000000000000000 -0.00000000000000007 0.00000000000000012 1.00000000000000000 1.69999999999999996
1 149.82239485470779528 86.49999999999992895 58.99999999999999289 -0.49999999999999989 0.86602540378443871 0.00000000000000020 0.86602540378443871 0.49999999999999989 0.00000000000000000 -0.00000000000000010 0.00000000000000017 -1.00000000000000000 
2 -1487.14944047320864229 14.37500000000042633 444.00000000000028422 -1.00000000000000000 0.00000000000000033 -0.00000000000000014 0.00000000000000033 1.00000000000000000 0.00000000000000000 -0.00000000000000014 0.00000000000000000 1.00000000000000000 1.69999999999999996
2 -1487.14944047320864229 14.37500000000042633 444.00000000000028422 -1.00000000000000000 0.00000000000000033 -0.00000000000000014 0.00000000000000033 1.00000000000000000 0.00000000000000000 -0.00000000000000014 0.00000000000000000 1.00000000000000000 1.69999999999999996
Triangulations 0

TShapes 4
Ve
0.000000100000000
-156.925000000000011 -50.000000000000000 0.000000000000000
0 0

0101101
*
Ed
 0.000000100000000 1 1 0
1  1 0 0.000000000000000 6.283185307179586
2  1 2 15 0.000000000000000 6.283185307179586
2  2 2 17 0.000000000000000 6.283185307179586
2  3 3 18 0.000000000000000 6.283185307179586
2  4 4 23 0.000000000000000 6.283185307179586
2  5 4 25 0.000000000000000 6.283185307179586
2  6 5 30 0.000000000000000 6.283185307179586
2  7 5 32 0.000000000000000 6.283185307179586
0

0101100
+4 0 -4 0 *
Wi

0101100
-3 11 *
Fa
0  0.000000100000000 1 0

1101000
-2 0 *

+1 1 