
CASCADE Topology V1, (c) Matra-Datavision
Locations 92
1
0.866025403784439 0.000000000000000 0.500000000000000 0.400000000000000 
0.500000000000000 -0.000000000000000 -0.866025403784439 0.000000000000000 
0.000000000000000 1.000000000000000 -0.000000000000000 0.000000000000000 
1
1.000000000000000 0.000000000000000 0.000000000000000 0.000000000000000 
0.000000000000000 1.000000000000000 0.000000000000000 0.000000000000000 
0.000000000000000 0.000000000000000 1.000000000000000 0.000000000000000 
1
0.866025403784439 0.000000000000000 0.500000000000000 0.400000000000000 
0.500000000000000 -0.000000000000000 -0.866025403784439 0.000000000000000 
0.000000000000000 1.000000000000000 -0.000000000000000 0.000000000000000 
1
1.000000000000000 0.000000000000000 0.000000000000000 0.000000000000000 
0.000000000000000 1.000000000000000 0.000000000000000 0.000000000000000 
0.000000000000000 0.000000000000000 1.000000000000000 0.000000000000000 
2  2 1 3 -1 4 -1 0
1
1.000000000000000 0.000000000000000 0.000000000000000 -2.500000000000000 
0.000000000000000 1.000000000000000 0.000000000000000 4.330127018922194 
0.000000000000000 0.000000000000000 1.000000000000000 0.000000000000001 
2  6 -1 2 1 3 -1 4 -1 0
2  3 -1 4 -1 0
1
1.000000000000000 0.000000000000000 0.000000000000000 0.000000000000000 
0.000000000000000 1.000000000000000 0.000000000000000 0.000000000000000 
0.000000000000000 0.000000000000000 1.000000000000000 0.000000000000000 
1
0.866025403784439 0.000000000000000 0.500000000000000 0.400000000000000 
0.500000000000000 -0.000000000000000 -0.866025403784439 0.000000000000000 
0.000000000000000 1.000000000000000 -0.000000000000000 0.000000000000000 
1
1.000000000000000 0.000000000000000 0.000000000000000 0.000000000000000 
0.000000000000000 1.000000000000000 0.000000000000000 0.000000000000000 
0.000000000000000 0.000000000000000 1.000000000000000 0.000000000000000 
2  9 1 10 -1 11 -1 0
1
1.000000000000000 0.000000000000000 0.000000000000000 -2.500000000000000 
0.000000000000000 1.000000000000000 0.000000000000000 4.330127018922194 
0.000000000000000 0.000000000000000 1.000000000000000 0.000000000000001 
2  13 -1 9 1 10 -1 11 -1 0
2  10 -1 11 -1 0
1
1.000000000000000 0.000000000000000 0.000000000000000 0.000000000000000 
0.000000000000000 1.000000000000000 0.000000000000000 0.000000000000000 
0.000000000000000 0.000000000000000 1.000000000000000 0.000000000000000 
1
0.866025403784439 0.000000000000000 0.500000000000000 0.400000000000000 
0.500000000000000 -0.000000000000000 -0.866025403784439 0.000000000000000 
0.000000000000000 1.000000000000000 -0.000000000000000 0.000000000000000 
1
1.000000000000000 0.000000000000000 0.000000000000000 0.000000000000000 
0.000000000000000 1.000000000000000 0.000000000000000 0.000000000000000 
0.000000000000000 0.000000000000000 1.000000000000000 0.000000000000000 
2  16 1 17 -1 18 -1 0
1
1.000000000000000 0.000000000000000 0.000000000000000 -2.500000000000000 
0.000000000000000 1.000000000000000 0.000000000000000 4.330127018922194 
0.000000000000000 0.000000000000000 1.000000000000000 0.000000000000001 
2  20 -1 16 1 17 -1 18 -1 0
2  17 -1 18 -1 0
1
1.000000000000000 0.000000000000000 0.000000000000000 0.000000000000000 
0.000000000000000 1.000000000000000 0.000000000000000 0.000000000000000 
0.000000000000000 0.000000000000000 1.000000000000000 0.000000000000000 
1
0.866025403784439 0.000000000000000 0.500000000000000 0.400000000000000 
0.500000000000000 -0.000000000000000 -0.866025403784439 0.000000000000000 
0.000000000000000 1.000000000000000 -0.000000000000000 0.000000000000000 
1
1.000000000000000 0.000000000000000 0.000000000000000 0.000000000000000 
0.000000000000000 1.000000000000000 0.000000000000000 0.000000000000000 
0.000000000000000 0.000000000000000 1.000000000000000 0.000000000000000 
2  23 1 24 -1 25 -1 0
1
1.000000000000000 0.000000000000000 0.000000000000000 -2.500000000000000 
0.000000000000000 1.000000000000000 0.000000000000000 4.330127018922194 
0.000000000000000 0.000000000000000 1.000000000000000 0.000000000000001 
2  27 -1 23 1 24 -1 25 -1 0
2  24 -1 25 -1 0
1
1.000000000000000 0.000000000000000 0.000000000000000 0.000000000000000 
0.000000000000000 1.000000000000000 0.000000000000000 0.000000000000000 
0.000000000000000 0.000000000000000 1.000000000000000 0.000000000000000 
1
0.866025403784439 0.000000000000000 0.500000000000000 0.400000000000000 
0.500000000000000 -0.000000000000000 -0.866025403784439 0.000000000000000 
0.000000000000000 1.000000000000000 -0.000000000000000 0.000000000000000 
1
1.000000000000000 0.000000000000000 0.000000000000000 0.000000000000000 
0.000000000000000 1.000000000000000 0.000000000000000 0.000000000000000 
0.000000000000000 0.000000000000000 1.000000000000000 0.000000000000000 
2  30 1 31 -1 32 -1 0
1
1.000000000000000 0.000000000000000 0.000000000000000 -2.500000000000000 
0.000000000000000 1.000000000000000 0.000000000000000 4.330127018922194 
0.000000000000000 0.000000000000000 1.000000000000000 0.000000000000001 
2  34 -1 30 1 31 -1 32 -1 0
2  31 -1 32 -1 0
1
1.000000000000000 0.000000000000000 0.000000000000000 0.000000000000000 
0.000000000000000 1.000000000000000 0.000000000000000 0.000000000000000 
0.000000000000000 0.000000000000000 1.000000000000000 0.000000000000000 
1
0.866025403784439 0.000000000000000 0.500000000000000 0.400000000000000 
0.500000000000000 -0.000000000000000 -0.866025403784439 0.000000000000000 
0.000000000000000 1.000000000000000 -0.000000000000000 0.000000000000000 
1
1.000000000000000 0.000000000000000 0.000000000000000 0.000000000000000 
0.000000000000000 1.000000000000000 0.000000000000000 0.000000000000000 
0.000000000000000 0.000000000000000 1.000000000000000 0.000000000000000 
2  37 1 38 -1 39 -1 0
1
1.000000000000000 0.000000000000000 0.000000000000000 -2.500000000000000 
0.000000000000000 1.000000000000000 0.000000000000000 4.330127018922194 
0.000000000000000 0.000000000000000 1.000000000000000 0.000000000000001 
2  41 -1 37 1 38 -1 39 -1 0
2  38 -1 39 -1 0
1
1.000000000000000 0.000000000000000 0.000000000000000 0.000000000000000 
0.000000000000000 1.000000000000000 0.000000000000000 0.000000000000000 
0.000000000000000 0.000000000000000 1.000000000000000 0.000000000000000 
1
0.866025403784439 0.000000000000000 0.500000000000000 0.400000000000000 
0.500000000000000 -0.000000000000000 -0.866025403784439 0.000000000000000 
0.000000000000000 1.000000000000000 -0.000000000000000 0.000000000000000 
1
1.000000000000000 0.000000000000000 0.000000000000000 0.000000000000000 
0.000000000000000 1.000000000000000 0.000000000000000 0.000000000000000 
0.000000000000000 0.000000000000000 1.000000000000000 0.000000000000000 
2  44 1 45 -1 46 -1 0
1
1.000000000000000 0.000000000000000 0.000000000000000 -2.500000000000000 
0.000000000000000 1.000000000000000 0.000000000000000 4.330127018922194 
0.000000000000000 0.000000000000000 1.000000000000000 0.000000000000001 
2  48 -1 44 1 45 -1 46 -1 0
2  45 -1 46 -1 0
1
1.000000000000000 0.000000000000000 0.000000000000000 0.000000000000000 
0.000000000000000 1.000000000000000 0.000000000000000 0.000000000000000 
0.000000000000000 0.000000000000000 1.000000000000000 0.000000000000000 
1
0.866025403784439 0.000000000000000 0.500000000000000 0.400000000000000 
0.500000000000000 -0.000000000000000 -0.866025403784439 0.000000000000000 
0.000000000000000 1.000000000000000 -0.000000000000000 0.000000000000000 
1
1.000000000000000 0.000000000000000 0.000000000000000 0.000000000000000 
0.000000000000000 1.000000000000000 0.000000000000000 0.000000000000000 
0.000000000000000 0.000000000000000 1.000000000000000 0.000000000000000 
2  51 1 52 -1 53 -1 0
1
1.000000000000000 0.000000000000000 0.000000000000000 -2.500000000000000 
0.000000000000000 1.000000000000000 0.000000000000000 4.330127018922194 
0.000000000000000 0.000000000000000 1.000000000000000 0.000000000000001 
2  55 -1 51 1 52 -1 53 -1 0
2  52 -1 53 -1 0
1
1.000000000000000 0.000000000000000 0.000000000000000 0.000000000000000 
0.000000000000000 1.000000000000000 0.000000000000000 0.000000000000000 
0.000000000000000 0.000000000000000 1.000000000000000 0.000000000000000 
1
0.866025403784439 0.000000000000000 0.500000000000000 0.400000000000000 
0.500000000000000 -0.000000000000000 -0.866025403784439 0.000000000000000 
0.000000000000000 1.000000000000000 -0.000000000000000 0.000000000000000 
1
1.000000000000000 0.000000000000000 0.000000000000000 0.000000000000000 
0.000000000000000 1.000000000000000 0.000000000000000 0.000000000000000 
0.000000000000000 0.000000000000000 1.000000000000000 0.000000000000000 
2  58 1 59 -1 60 -1 0
1
1.000000000000000 0.000000000000000 0.000000000000000 -2.500000000000000 
0.000000000000000 1.000000000000000 0.000000000000000 4.330127018922194 
0.000000000000000 0.000000000000000 1.000000000000000 0.000000000000001 
2  62 -1 58 1 59 -1 60 -1 0
2  59 -1 60 -1 0
1
1.000000000000000 0.000000000000000 0.000000000000000 0.000000000000000 
0.000000000000000 1.000000000000000 0.000000000000000 0.000000000000000 
0.000000000000000 0.000000000000000 1.000000000000000 0.000000000000000 
1
0.866025403784439 0.000000000000000 0.500000000000000 0.400000000000000 
0.500000000000000 -0.000000000000000 -0.866025403784439 0.000000000000000 
0.000000000000000 1.000000000000000 -0.000000000000000 0.000000000000000 
1
1.000000000000000 0.000000000000000 0.000000000000000 0.000000000000000 
0.000000000000000 1.000000000000000 0.000000000000000 0.000000000000000 
0.000000000000000 0.000000000000000 1.000000000000000 0.000000000000000 
2  65 1 66 -1 67 -1 0
1
1.000000000000000 0.000000000000000 0.000000000000000 -2.500000000000000 
0.000000000000000 1.000000000000000 0.000000000000000 4.330127018922194 
0.000000000000000 0.000000000000000 1.000000000000000 0.000000000000001 
2  69 -1 65 1 66 -1 67 -1 0
2  66 -1 67 -1 0
1
1.000000000000000 0.000000000000000 0.000000000000000 0.000000000000000 
0.000000000000000 1.000000000000000 0.000000000000000 0.000000000000000 
0.000000000000000 0.000000000000000 1.000000000000000 0.000000000000000 
1
0.866025403784439 0.000000000000000 0.500000000000000 0.400000000000000 
0.500000000000000 -0.000000000000000 -0.866025403784439 0.000000000000000 
0.000000000000000 1.000000000000000 -0.000000000000000 0.000000000000000 
1
1.000000000000000 0.000000000000000 0.000000000000000 0.000000000000000 
0.000000000000000 1.000000000000000 0.000000000000000 0.000000000000000 
0.000000000000000 0.000000000000000 1.000000000000000 0.000000000000000 
2  72 1 73 -1 74 -1 0
1
1.000000000000000 0.000000000000000 0.000000000000000 -2.500000000000000 
0.000000000000000 1.000000000000000 0.000000000000000 4.330127018922194 
0.000000000000000 0.000000000000000 1.000000000000000 0.000000000000001 
2  76 -1 72 1 73 -1 74 -1 0
2  73 -1 74 -1 0
1
1.000000000000000 0.000000000000000 0.000000000000000 0.000000000000000 
0.000000000000000 1.000000000000000 0.000000000000000 0.000000000000000 
0.000000000000000 0.000000000000000 1.000000000000000 0.000000000000000 
1
0.866025403784439 0.000000000000000 0.500000000000000 0.400000000000000 
0.500000000000000 -0.000000000000000 -0.866025403784439 0.000000000000000 
0.000000000000000 1.000000000000000 -0.000000000000000 0.000000000000000 
1
1.000000000000000 0.000000000000000 0.000000000000000 0.000000000000000 
0.000000000000000 1.000000000000000 0.000000000000000 0.000000000000000 
0.000000000000000 0.000000000000000 1.000000000000000 0.000000000000000 
2  79 1 80 -1 81 -1 0
1
1.000000000000000 0.000000000000000 0.000000000000000 -2.500000000000000 
0.000000000000000 1.000000000000000 0.000000000000000 4.330127018922194 
0.000000000000000 0.000000000000000 1.000000000000000 0.000000000000001 
2  83 -1 79 1 80 -1 81 -1 0
2  80 -1 81 -1 0
1
1.000000000000000 0.000000000000000 0.000000000000000 0.000000000000000 
0.000000000000000 1.000000000000000 0.000000000000000 0.000000000000000 
0.000000000000000 0.000000000000000 1.000000000000000 0.000000000000000 
1
0.866025403784439 0.000000000000000 0.500000000000000 0.400000000000000 
0.500000000000000 -0.000000000000000 -0.866025403784439 0.000000000000000 
0.000000000000000 1.000000000000000 -0.000000000000000 0.000000000000000 
1
1.000000000000000 0.000000000000000 0.000000000000000 0.000000000000000 
0.000000000000000 1.000000000000000 0.000000000000000 0.000000000000000 
0.000000000000000 0.000000000000000 1.000000000000000 0.000000000000000 
2  86 1 87 -1 88 -1 0
1
1.000000000000000 0.000000000000000 0.000000000000000 -2.500000000000000 
0.000000000000000 1.000000000000000 0.000000000000000 4.330127018922194 
0.000000000000000 0.000000000000000 1.000000000000000 0.000000000000001 
2  90 -1 86 1 87 -1 88 -1 0
2  87 -1 88 -1 0
Curve2ds 193
1 0.00000000000000000 0.00000000000000000 1.00000000000000000 0.00000000000000000 
1 0.00000000000000000 -5.00000000000000000 1.00000000000000000 0.00000000000000000 
2 2.26708106942543974 -14.75450916320872352 1.00000000000000000 -0.00000000000000011 -0.00000000000000011 -1.00000000000000000 4.06985500000114708
1 0.00000000000000000 0.00000000000000000 1.00000000000000000 0.00000000000000000 
1 0.00000000000000000 -5.00000000000000000 1.00000000000000000 0.00000000000000000 
2 2.26708106942543974 -14.75450916320872352 1.00000000000000000 -0.00000000000000011 -0.00000000000000011 -1.00000000000000000 4.06985500000114708
1 0.00000000000000000 0.00000000000000000 1.00000000000000000 0.00000000000000000 
1 0.00000000000000000 -5.00000000000000000 1.00000000000000000 0.00000000000000000 
2 2.26708106942543974 -14.75450916320872352 1.00000000000000000 -0.00000000000000011 -0.00000000000000011 -1.00000000000000000 4.06985500000114708
1 0.00000000000000000 0.00000000000000000 1.00000000000000000 0.00000000000000000 
1 0.00000000000000000 -5.00000000000000000 1.00000000000000000 0.00000000000000000 
2 2.26708106942543974 -14.75450916320872352 1.00000000000000000 -0.00000000000000011 -0.00000000000000011 -1.00000000000000000 4.06985500000114708
1 0.00000000000000000 0.00000000000000000 1.00000000000000000 0.00000000000000000 
1 0.00000000000000000 -5.00000000000000000 1.00000000000000000 0.00000000000000000 
2 2.26708106942543974 -14.75450916320872352 1.00000000000000000 -0.00000000000000011 -0.00000000000000011 -1.00000000000000000 4.06985500000114708
1 0.00000000000000000 0.00000000000000000 1.00000000000000000 0.00000000000000000 
1 0.00000000000000000 -5.00000000000000000 1.00000000000000000 0.00000000000000000 
2 2.26708106942543974 -14.75450916320872352 1.00000000000000000 -0.00000000000000011 -0.00000000000000011 -1.00000000000000000 4.06985500000114708
1 0.00000000000000000 0.00000000000000000 1.00000000000000000 0.00000000000000000 
1 0.00000000000000000 -5.00000000000000000 1.00000000000000000 0.00000000000000000 
2 2.26708106942543974 -14.75450916320872352 1.00000000000000000 -0.00000000000000011 -0.00000000000000011 -1.00000000000000000 4.06985500000114708
1 0.00000000000000000 0.00000000000000000 1.00000000000000000 0.00000000000000000 
1 0.00000000000000000 -5.00000000000000000 1.00000000000000000 0.00000000000000000 
2 2.26708106942543974 -14.75450916320872352 1.00000000000000000 -0.00000000000000011 -0.00000000000000011 -1.00000000000000000 4.06985500000114708
1 0.00000000000000000 0.00000000000000000 1.00000000000000000 0.00000000000000000 
1 0.00000000000000000 -5.00000000000000000 1.00000000000000000 0.00000000000000000 
2 2.26708106942543974 -14.75450916320872352 1.00000000000000000 -0.00000000000000011 -0.00000000000000011 -1.00000000000000000 4.06985500000114708
1 0.00000000000000000 0.00000000000000000 1.00000000000000000 0.00000000000000000 
1 0.00000000000000000 -5.00000000000000000 1.00000000000000000 0.00000000000000000 
2 2.26708106942543974 -14.75450916320872352 1.00000000000000000 -0.00000000000000011 -0.00000000000000011 -1.00000000000000000 4.06985500000114708
1 0.00000000000000000 0.00000000000000000 1.00000000000000000 0.00000000000000000 
1 0.00000000000000000 -5.00000000000000000 1.00000000000000000 0.00000000000000000 
2 2.26708106942543974 -14.75450916320872352 1.00000000000000000 -0.00000000000000011 -0.00000000000000011 -1.00000000000000000 4.06985500000114708
1 0.00000000000000000 0.00000000000000000 1.00000000000000000 0.00000000000000000 
1 0.00000000000000000 -5.00000000000000000 1.00000000000000000 0.00000000000000000 
2 2.26708106942543974 -14.75450916320872352 1.00000000000000000 -0.00000000000000011 -0.00000000000000011 -1.00000000000000000 4.06985500000114708
1 0.00000000000000000 0.00000000000000000 1.00000000000000000 0.00000000000000000 
1 0.00000000000000000 -5.00000000000000000 1.00000000000000000 0.00000000000000000 
2 2.26708106942543974 -14.75450916320872352 1.00000000000000000 -0.00000000000000011 -0.00000000000000011 -1.00000000000000000 4.06985500000114708
1 0.00000000000000000 0.00000000000000000 1.00000000000000000 0.00000000000000000 
1 0.00000000000000000 -5.00000000000000000 1.00000000000000000 0.00000000000000000 
2 -1.80277393057570645 -7.70531352376850620 1.00000000000000000 -0.00000000000000011 -0.00000000000000011 -1.00000000000000000 4.06985500000114708
1 0.00000000000000000 0.00000000000000000 1.00000000000000000 0.00000000000000000 
1 0.00000000000000000 -5.00000000000000000 1.00000000000000000 0.00000000000000000 
2 -1.80277393057570645 -7.70531352376850620 1.00000000000000000 -0.00000000000000011 -0.00000000000000011 -1.00000000000000000 4.06985500000114708
1 0.00000000000000000 0.00000000000000000 1.00000000000000000 0.00000000000000000 
1 0.00000000000000000 -5.00000000000000000 1.00000000000000000 0.00000000000000000 
2 -1.80277393057570645 -7.70531352376850620 1.00000000000000000 -0.00000000000000011 -0.00000000000000011 -1.00000000000000000 4.06985500000114708
1 0.00000000000000000 0.00000000000000000 1.00000000000000000 0.00000000000000000 
1 0.00000000000000000 -5.00000000000000000 1.00000000000000000 0.00000000000000000 
2 -1.80277393057570645 -7.70531352376850620 1.00000000000000000 -0.00000000000000011 -0.00000000000000011 -1.00000000000000000 4.06985500000114708
1 0.00000000000000000 0.00000000000000000 1.00000000000000000 0.00000000000000000 
1 0.00000000000000000 -5.00000000000000000 1.00000000000000000 0.00000000000000000 
2 -1.80277393057570645 -7.70531352376850620 1.00000000000000000 -0.00000000000000011 -0.00000000000000011 -1.00000000000000000 4.06985500000114708
1 0.00000000000000000 0.00000000000000000 1.00000000000000000 0.00000000000000000 
1 0.00000000000000000 -5.00000000000000000 1.00000000000000000 0.00000000000000000 
2 -1.80277393057570645 -7.70531352376850620 1.00000000000000000 -0.00000000000000011 -0.00000000000000011 -1.00000000000000000 4.06985500000114708
1 0.00000000000000000 0.00000000000000000 1.00000000000000000 0.00000000000000000 
1 0.00000000000000000 -5.00000000000000000 1.00000000000000000 0.00000000000000000 
2 -1.80277393057570645 -7.70531352376850620 1.00000000000000000 -0.00000000000000011 -0.00000000000000011 -1.00000000000000000 4.06985500000114708
1 0.00000000000000000 0.00000000000000000 1.00000000000000000 0.00000000000000000 
1 0.00000000000000000 -5.00000000000000000 1.00000000000000000 0.00000000000000000 
2 -1.80277393057570645 -7.70531352376850620 1.00000000000000000 -0.00000000000000011 -0.00000000000000011 -1.00000000000000000 4.06985500000114708
1 0.00000000000000000 0.00000000000000000 1.00000000000000000 0.00000000000000000 
1 0.00000000000000000 -5.00000000000000000 1.00000000000000000 0.00000000000000000 
2 -1.80277393057570645 -7.70531352376850620 1.00000000000000000 -0.00000000000000011 -0.00000000000000011 -1.00000000000000000 4.06985500000114708
1 0.00000000000000000 0.00000000000000000 1.00000000000000000 0.00000000000000000 
1 0.00000000000000000 -5.00000000000000000 1.00000000000000000 0.00000000000000000 
2 -1.80277393057570645 -7.70531352376850620 1.00000000000000000 -0.00000000000000011 -0.00000000000000011 -1.00000000000000000 4.06985500000114708
1 0.00000000000000000 0.00000000000000000 1.00000000000000000 0.00000000000000000 
1 0.00000000000000000 -5.00000000000000000 1.00000000000000000 0.00000000000000000 
2 -1.80277393057570645 -7.70531352376850620 1.00000000000000000 -0.00000000000000011 -0.00000000000000011 -1.00000000000000000 4.06985500000114708
1 0.00000000000000000 0.00000000000000000 1.00000000000000000 0.00000000000000000 
1 0.00000000000000000 -5.00000000000000000 1.00000000000000000 0.00000000000000000 
2 -1.80277393057570645 -7.70531352376850620 1.00000000000000000 -0.00000000000000011 -0.00000000000000011 -1.00000000000000000 4.06985500000114708
1 0.00000000000000000 0.00000000000000000 1.00000000000000000 0.00000000000000000 
1 0.00000000000000000 -5.00000000000000000 1.00000000000000000 0.00000000000000000 
2 -1.80277393057570645 -7.70531352376850620 1.00000000000000000 -0.00000000000000011 -0.00000000000000011 -1.00000000000000000 4.06985500000114708
1 0.00000000000000000 0.00000000000000000 1.00000000000000000 0.00000000000000000 
1 0.00000000000000096 -5.00000000000000000 1.00000000000000000 0.00000000000000000 
1 2.26708106942544063 -7.70531352376850265 0.00000000000000011 1.00000000000000000 
1 0.00000000000000000 0.00000000000000000 1.00000000000000000 0.00000000000000000 
1 0.00000000000000096 -5.00000000000000000 1.00000000000000000 0.00000000000000000 
1 2.26708106942544063 -7.70531352376850265 0.00000000000000011 1.00000000000000000 
1 0.00000000000000000 0.00000000000000000 1.00000000000000000 0.00000000000000000 
1 0.00000000000000096 -5.00000000000000000 1.00000000000000000 0.00000000000000000 
1 2.26708106942544063 -7.70531352376850265 0.00000000000000011 1.00000000000000000 
1 0.00000000000000000 0.00000000000000000 1.00000000000000000 0.00000000000000000 
1 0.00000000000000096 -5.00000000000000000 1.00000000000000000 0.00000000000000000 
1 2.26708106942544063 -7.70531352376850265 0.00000000000000011 1.00000000000000000 
1 0.00000000000000000 0.00000000000000000 1.00000000000000000 0.00000000000000000 
1 0.00000000000000096 -5.00000000000000000 1.00000000000000000 0.00000000000000000 
1 2.26708106942544063 -7.70531352376850265 0.00000000000000011 1.00000000000000000 
1 0.00000000000000000 0.00000000000000000 1.00000000000000000 0.00000000000000000 
1 0.00000000000000096 -5.00000000000000000 1.00000000000000000 0.00000000000000000 
1 2.26708106942544063 -7.70531352376850265 0.00000000000000011 1.00000000000000000 
1 0.00000000000000000 0.00000000000000000 1.00000000000000000 0.00000000000000000 
1 0.00000000000000096 -5.00000000000000000 1.00000000000000000 0.00000000000000000 
1 2.26708106942544063 -7.70531352376850265 0.00000000000000011 1.00000000000000000 
1 0.00000000000000000 0.00000000000000000 1.00000000000000000 0.00000000000000000 
1 0.00000000000000096 -5.00000000000000000 1.00000000000000000 0.00000000000000000 
1 2.26708106942544063 -7.70531352376850265 0.00000000000000011 1.00000000000000000 
1 0.00000000000000000 0.00000000000000000 1.00000000000000000 0.00000000000000000 
1 0.00000000000000096 -5.00000000000000000 1.00000000000000000 0.00000000000000000 
1 2.26708106942544063 -7.70531352376850265 0.00000000000000011 1.00000000000000000 
1 0.00000000000000000 0.00000000000000000 1.00000000000000000 0.00000000000000000 
1 0.00000000000000096 -5.00000000000000000 1.00000000000000000 0.00000000000000000 
1 2.26708106942544063 -7.70531352376850265 0.00000000000000011 1.00000000000000000 
1 0.00000000000000000 0.00000000000000000 1.00000000000000000 0.00000000000000000 
1 0.00000000000000096 -5.00000000000000000 1.00000000000000000 0.00000000000000000 
1 2.26708106942544063 -7.70531352376850265 0.00000000000000011 1.00000000000000000 
1 0.00000000000000000 0.00000000000000000 1.00000000000000000 0.00000000000000000 
1 0.00000000000000096 -5.00000000000000000 1.00000000000000000 0.00000000000000000 
1 2.26708106942544063 -7.70531352376850265 0.00000000000000011 1.00000000000000000 
1 0.00000000000000000 0.00000000000000000 1.00000000000000000 0.00000000000000000 
1 0.00000000000000096 -5.00000000000000000 1.00000000000000000 0.00000000000000000 
1 2.26708106942544063 -7.70531352376850265 0.00000000000000011 1.00000000000000000 
1 0.00000000000000000 0.00000000000000000 1.00000000000000000 -0.00000000000000000 
1 0.00000000000000044 -5.00000000000000089 1.00000000000000000 -0.00000000000000000 
1 -1.80277393057570401 13.38946406646510567 1.00000000000000000 -0.00000000000000011 
1 0.00000000000000000 0.00000000000000000 1.00000000000000000 -0.00000000000000000 
1 0.00000000000000044 -5.00000000000000089 1.00000000000000000 -0.00000000000000000 
1 -1.80277393057570401 13.38946406646510567 1.00000000000000000 -0.00000000000000011 
1 0.00000000000000000 0.00000000000000000 1.00000000000000000 -0.00000000000000000 
1 0.00000000000000044 -5.00000000000000089 1.00000000000000000 -0.00000000000000000 
1 -1.80277393057570401 13.38946406646510567 1.00000000000000000 -0.00000000000000011 
1 0.00000000000000000 0.00000000000000000 1.00000000000000000 -0.00000000000000000 
1 0.00000000000000044 -5.00000000000000089 1.00000000000000000 -0.00000000000000000 
1 -1.80277393057570401 13.38946406646510567 1.00000000000000000 -0.00000000000000011 
1 0.00000000000000000 0.00000000000000000 1.00000000000000000 -0.00000000000000000 
1 0.00000000000000044 -5.00000000000000089 1.00000000000000000 -0.00000000000000000 
1 -1.80277393057570401 13.38946406646510567 1.00000000000000000 -0.00000000000000011 
1 0.00000000000000000 0.00000000000000000 1.00000000000000000 -0.00000000000000000 
1 0.00000000000000044 -5.00000000000000089 1.00000000000000000 -0.00000000000000000 
1 -1.80277393057570401 13.38946406646510567 1.00000000000000000 -0.00000000000000011 
1 0.00000000000000000 0.00000000000000000 1.00000000000000000 -0.00000000000000000 
1 0.00000000000000044 -5.00000000000000089 1.00000000000000000 -0.00000000000000000 
1 -1.80277393057570401 13.38946406646510567 1.00000000000000000 -0.00000000000000011 
1 0.00000000000000000 0.00000000000000000 1.00000000000000000 -0.00000000000000000 
1 0.00000000000000044 -5.00000000000000089 1.00000000000000000 -0.00000000000000000 
1 -1.80277393057570401 13.38946406646510567 1.00000000000000000 -0.00000000000000011 
1 -1.80277393057570401 13.38946406646510567 1.00000000000000000 -0.00000000000000011 
1 0.00000000000000000 0.00000000000000000 1.00000000000000000 -0.00000000000000000 
1 0.00000000000000044 -5.00000000000000089 1.00000000000000000 -0.00000000000000000 
1 -1.80277393057570401 13.38946406646510567 1.00000000000000000 -0.00000000000000011 
1 0.00000000000000000 0.00000000000000000 1.00000000000000000 -0.00000000000000000 
1 0.00000000000000044 -5.00000000000000089 1.00000000000000000 -0.00000000000000000 
1 -1.80277393057570401 13.38946406646510567 1.00000000000000000 -0.00000000000000011 
1 0.00000000000000000 0.00000000000000000 1.00000000000000000 -0.00000000000000000 
1 0.00000000000000044 -5.00000000000000089 1.00000000000000000 -0.00000000000000000 
1 -1.80277393057570401 13.38946406646510567 1.00000000000000000 -0.00000000000000011 
1 0.00000000000000000 0.00000000000000000 1.00000000000000000 -0.00000000000000000 
1 0.00000000000000044 -5.00000000000000089 1.00000000000000000 -0.00000000000000000 
1 -1.80277393057570401 13.38946406646510567 1.00000000000000000 -0.00000000000000011 
1 0.00000000000000000 0.00000000000000000 1.00000000000000000 0.00000000000000000 
1 0.00000000000000096 -5.00000000000000000 1.00000000000000000 0.00000000000000000 
1 -1.80277393057570712 -14.75450916320872352 0.00000000000000011 1.00000000000000000 
1 0.00000000000000000 0.00000000000000000 1.00000000000000000 0.00000000000000000 
1 0.00000000000000096 -5.00000000000000000 1.00000000000000000 0.00000000000000000 
1 -1.80277393057570734 -14.75450916320872352 0.00000000000000011 1.00000000000000000 
1 0.00000000000000000 0.00000000000000000 1.00000000000000000 0.00000000000000000 
1 0.00000000000000096 -5.00000000000000000 1.00000000000000000 0.00000000000000000 
1 -1.80277393057570734 -14.75450916320872352 0.00000000000000011 1.00000000000000000 
1 0.00000000000000000 0.00000000000000000 1.00000000000000000 0.00000000000000000 
1 0.00000000000000096 -5.00000000000000000 1.00000000000000000 0.00000000000000000 
1 -1.80277393057570734 -14.75450916320872352 0.00000000000000011 1.00000000000000000 
1 0.00000000000000000 0.00000000000000000 1.00000000000000000 0.00000000000000000 
1 0.00000000000000096 -5.00000000000000000 1.00000000000000000 0.00000000000000000 
1 -1.80277393057570734 -14.75450916320872352 0.00000000000000011 1.00000000000000000 
1 0.00000000000000000 0.00000000000000000 1.00000000000000000 0.00000000000000000 
1 0.00000000000000096 -5.00000000000000000 1.00000000000000000 0.00000000000000000 
1 -1.80277393057570734 -14.75450916320872352 0.00000000000000011 1.00000000000000000 
1 0.00000000000000000 0.00000000000000000 1.00000000000000000 0.00000000000000000 
1 0.00000000000000096 -5.00000000000000000 1.00000000000000000 0.00000000000000000 
1 -1.80277393057570734 -14.75450916320872352 0.00000000000000011 1.00000000000000000 
1 0.00000000000000000 0.00000000000000000 1.00000000000000000 0.00000000000000000 
1 0.00000000000000096 -5.00000000000000000 1.00000000000000000 0.00000000000000000 
1 -1.80277393057570734 -14.75450916320872352 0.00000000000000011 1.00000000000000000 
1 0.00000000000000000 0.00000000000000000 1.00000000000000000 0.00000000000000000 
1 0.00000000000000096 -5.00000000000000000 1.00000000000000000 0.00000000000000000 
1 -1.80277393057570734 -14.75450916320872352 0.00000000000000011 1.00000000000000000 
1 0.00000000000000000 0.00000000000000000 1.00000000000000000 0.00000000000000000 
1 0.00000000000000096 -5.00000000000000000 1.00000000000000000 0.00000000000000000 
1 -1.80277393057570734 -14.75450916320872352 0.00000000000000011 1.00000000000000000 
1 0.00000000000000000 0.00000000000000000 1.00000000000000000 0.00000000000000000 
1 0.00000000000000096 -5.00000000000000000 1.00000000000000000 0.00000000000000000 
1 -1.80277393057570734 -14.75450916320872352 0.00000000000000011 1.00000000000000000 
1 0.00000000000000000 0.00000000000000000 1.00000000000000000 0.00000000000000000 
1 0.00000000000000096 -5.00000000000000000 1.00000000000000000 0.00000000000000000 
1 -1.80277393057570734 -14.75450916320872352 0.00000000000000011 1.00000000000000000 
1 0.00000000000000000 0.00000000000000000 1.00000000000000000 0.00000000000000000 
1 0.00000000000000096 -5.00000000000000000 1.00000000000000000 0.00000000000000000 
1 -1.80277393057570734 -14.75450916320872352 0.00000000000000011 1.00000000000000000 
Curves 5
2 4.06985500000114619 28.14397322967382920 0.00000000000000000 0.00000000000000000 0.00000000000000000 1.00000000000000000 1.00000000000000000 0.00000000000000000 -0.00000000000000000 -0.00000000000000000 1.00000000000000000 0.00000000000000000 4.06985500000114619
2 0.00000000000000000 21.09477759023361187 0.00000000000000000 0.00000000000000000 0.00000000000000000 1.00000000000000000 1.00000000000000000 0.00000000000000000 -0.00000000000000000 -0.00000000000000000 1.00000000000000000 0.00000000000000000 4.06985500000114619
1 4.06985500000114619 21.09477759023360832 0.00000000000000000 0.00000000000000000 -1.00000000000000000 0.00000000000000000 
1 0.00000000000000000 0.00000000000000000 0.00000000000000000 1.00000000000000000 0.00000000000000000 0.00000000000000000 
1 0.00000000000000000 28.14397322967382920 0.00000000000000000 0.00000000000000000 -1.00000000000000000 0.00000000000000000 
Polygon3D 0
PolygonOnTriangulations 0
Surfaces 77
2 3.92459781972010946 2.03492750000056732 28.14397322967382920 0.50000000000000011 -0.86602540378443871 -0.00000000000000019 0.86602540378443871 0.50000000000000011 0.00000000000000011 -0.00000000000000000 -0.00000000000000022 1.00000000000000000 4.06985500000114619
1 1.96124802115888452 0.90138696528785001 13.38946406646510567 -0.50000000000000000 0.86602540378443871 0.00000000000000020 0.86602540378443871 0.50000000000000000 0.00000000000000000 -0.00000000000000010 0.00000000000000017 -1.00000000000000000 
2 3.92459781972010946 2.03492750000056732 28.14397322967382920 0.50000000000000011 -0.86602540378443871 -0.00000000000000019 0.86602540378443871 0.50000000000000011 0.00000000000000011 -0.00000000000000000 -0.00000000000000022 1.00000000000000000 4.06985500000114619
1 1.96124802115888475 0.90138696528785001 13.38946406646510567 -0.50000000000000000 0.86602540378443871 0.00000000000000020 0.86602540378443871 0.50000000000000000 0.00000000000000000 -0.00000000000000010 0.00000000000000017 -1.00000000000000000 
2 3.92459781972010946 2.03492750000056732 28.14397322967382920 0.50000000000000011 -0.86602540378443871 -0.00000000000000019 0.86602540378443871 0.50000000000000011 0.00000000000000011 -0.00000000000000000 -0.00000000000000022 1.00000000000000000 4.06985500000114619
1 1.96124802115888475 0.90138696528785001 13.38946406646510567 -0.50000000000000000 0.86602540378443871 0.00000000000000020 0.86602540378443871 0.50000000000000000 0.00000000000000000 -0.00000000000000010 0.00000000000000017 -1.00000000000000000 
2 3.92459781972010946 2.03492750000056732 28.14397322967382920 0.50000000000000011 -0.86602540378443871 -0.00000000000000019 0.86602540378443871 0.50000000000000011 0.00000000000000011 -0.00000000000000000 -0.00000000000000022 1.00000000000000000 4.06985500000114619
1 1.96124802115888475 0.90138696528785001 13.38946406646510567 -0.50000000000000000 0.86602540378443871 0.00000000000000020 0.86602540378443871 0.50000000000000000 0.00000000000000000 -0.00000000000000010 0.00000000000000017 -1.00000000000000000 
2 3.92459781972010946 2.03492750000056732 28.14397322967382920 0.50000000000000011 -0.86602540378443871 -0.00000000000000019 0.86602540378443871 0.50000000000000011 0.00000000000000011 -0.00000000000000000 -0.00000000000000022 1.00000000000000000 4.06985500000114619
1 1.96124802115888475 0.90138696528785001 13.38946406646510567 -0.50000000000000000 0.86602540378443871 0.00000000000000020 0.86602540378443871 0.50000000000000000 0.00000000000000000 -0.00000000000000010 0.00000000000000017 -1.00000000000000000 
2 3.92459781972010946 2.03492750000056732 28.14397322967382920 0.50000000000000011 -0.86602540378443871 -0.00000000000000019 0.86602540378443871 0.50000000000000011 0.00000000000000011 -0.00000000000000000 -0.00000000000000022 1.00000000000000000 4.06985500000114619
1 1.96124802115888475 0.90138696528785001 13.38946406646510567 -0.50000000000000000 0.86602540378443871 0.00000000000000020 0.86602540378443871 0.50000000000000000 0.00000000000000000 -0.00000000000000010 0.00000000000000017 -1.00000000000000000 
2 3.92459781972010946 2.03492750000056732 28.14397322967382920 0.50000000000000011 -0.86602540378443871 -0.00000000000000019 0.86602540378443871 0.50000000000000011 0.00000000000000011 -0.00000000000000000 -0.00000000000000022 1.00000000000000000 4.06985500000114619
1 1.96124802115888475 0.90138696528785001 13.38946406646510567 -0.50000000000000000 0.86602540378443871 0.00000000000000020 0.86602540378443871 0.50000000000000000 0.00000000000000000 -0.00000000000000010 0.00000000000000017 -1.00000000000000000 
2 3.92459781972010946 2.03492750000056732 28.14397322967382920 0.50000000000000011 -0.86602540378443871 -0.00000000000000019 0.86602540378443871 0.50000000000000011 0.00000000000000011 -0.00000000000000000 -0.00000000000000022 1.00000000000000000 4.06985500000114619
1 1.96124802115888475 0.90138696528785001 13.38946406646510567 -0.50000000000000000 0.86602540378443871 0.00000000000000020 0.86602540378443871 0.50000000000000000 0.00000000000000000 -0.00000000000000010 0.00000000000000017 -1.00000000000000000 
2 3.92459781972010946 2.03492750000056732 28.14397322967382920 0.50000000000000011 -0.86602540378443871 -0.00000000000000019 0.86602540378443871 0.50000000000000011 0.00000000000000011 -0.00000000000000000 -0.00000000000000022 1.00000000000000000 4.06985500000114619
1 1.96124802115888475 0.90138696528785001 13.38946406646510567 -0.50000000000000000 0.86602540378443871 0.00000000000000020 0.86602540378443871 0.50000000000000000 0.00000000000000000 -0.00000000000000010 0.00000000000000017 -1.00000000000000000 
2 3.92459781972010946 2.03492750000056732 28.14397322967382920 0.50000000000000011 -0.86602540378443871 -0.00000000000000019 0.86602540378443871 0.50000000000000011 0.00000000000000011 -0.00000000000000000 -0.00000000000000022 1.00000000000000000 4.06985500000114619
1 1.96124802115888475 0.90138696528785001 13.38946406646510567 -0.50000000000000000 0.86602540378443871 0.00000000000000020 0.86602540378443871 0.50000000000000000 0.00000000000000000 -0.00000000000000010 0.00000000000000017 -1.00000000000000000 
2 3.92459781972010946 2.03492750000056732 28.14397322967382920 0.50000000000000011 -0.86602540378443871 -0.00000000000000019 0.86602540378443871 0.50000000000000011 0.00000000000000011 -0.00000000000000000 -0.00000000000000022 1.00000000000000000 4.06985500000114619
1 1.96124802115888475 0.90138696528785001 13.38946406646510567 -0.50000000000000000 0.86602540378443871 0.00000000000000020 0.86602540378443871 0.50000000000000000 0.00000000000000000 -0.00000000000000010 0.00000000000000017 -1.00000000000000000 
2 3.92459781972010946 2.03492750000056732 28.14397322967382920 0.50000000000000011 -0.86602540378443871 -0.00000000000000019 0.86602540378443871 0.50000000000000011 0.00000000000000011 -0.00000000000000000 -0.00000000000000022 1.00000000000000000 4.06985500000114619
1 1.96124802115888475 0.90138696528785001 13.38946406646510567 -0.50000000000000000 0.86602540378443871 0.00000000000000020 0.86602540378443871 0.50000000000000000 0.00000000000000000 -0.00000000000000010 0.00000000000000017 -1.00000000000000000 
2 3.92459781972010946 2.03492750000056732 28.14397322967382920 0.50000000000000011 -0.86602540378443871 -0.00000000000000019 0.86602540378443871 0.50000000000000011 0.00000000000000011 -0.00000000000000000 -0.00000000000000022 1.00000000000000000 4.06985500000114619
1 1.96124802115888475 0.90138696528785001 13.38946406646510567 -0.50000000000000000 0.86602540378443871 0.00000000000000020 0.86602540378443871 0.50000000000000000 0.00000000000000000 -0.00000000000000010 0.00000000000000017 -1.00000000000000000 
2 0.40000000000000002 -0.00000000000000468 21.09477759023361187 0.50000000000000011 -0.86602540378443871 -0.00000000000000019 0.86602540378443871 0.50000000000000011 0.00000000000000011 -0.00000000000000000 -0.00000000000000022 1.00000000000000000 4.06985500000114619
2 0.40000000000000002 -0.00000000000000468 21.09477759023361187 0.50000000000000011 -0.86602540378443871 -0.00000000000000019 0.86602540378443871 0.50000000000000011 0.00000000000000011 -0.00000000000000000 -0.00000000000000022 1.00000000000000000 4.06985500000114619
2 0.40000000000000002 -0.00000000000000468 21.09477759023361187 0.50000000000000011 -0.86602540378443871 -0.00000000000000019 0.86602540378443871 0.50000000000000011 0.00000000000000011 -0.00000000000000000 -0.00000000000000022 1.00000000000000000 4.06985500000114619
2 0.40000000000000002 -0.00000000000000468 21.09477759023361187 0.50000000000000011 -0.86602540378443871 -0.00000000000000019 0.86602540378443871 0.50000000000000011 0.00000000000000011 -0.00000000000000000 -0.00000000000000022 1.00000000000000000 4.06985500000114619
2 0.40000000000000002 -0.00000000000000468 21.09477759023361187 0.50000000000000011 -0.86602540378443871 -0.00000000000000019 0.86602540378443871 0.50000000000000011 0.00000000000000011 -0.00000000000000000 -0.00000000000000022 1.00000000000000000 4.06985500000114619
2 0.40000000000000002 -0.00000000000000468 21.09477759023361187 0.50000000000000011 -0.86602540378443871 -0.00000000000000019 0.86602540378443871 0.50000000000000011 0.00000000000000011 -0.00000000000000000 -0.00000000000000022 1.00000000000000000 4.06985500000114619
