
CASCADE Topology V1, (c) Matra-Datavision
Locations 34
1
1.000000000000000 0.000000000000000 0.000000000000000 0.000000000000000 
0.000000000000000 1.000000000000000 0.000000000000000 0.000000000000000 
0.000000000000000 0.000000000000000 1.000000000000000 0.000000000000000 
1
0.000000000000000 0.000000000000000 1.000000000000000 0.000000000000000 
0.998309270953514 -0.058125721744018 -0.000000000000000 192.966185419070285 
0.058125721744018 0.998309270953514 -0.000000000000000 415.162514434880393 
1
1.000000000000000 0.000000000000000 0.000000000000000 0.000000000000000 
0.000000000000000 1.000000000000000 0.000000000000000 0.000000000000000 
0.000000000000000 0.000000000000000 1.000000000000000 0.000000000000000 
1
1.000000000000000 0.000000000000000 0.000000000000000 0.000000000000000 
0.000000000000000 1.000000000000000 0.000000000000000 0.000000000000000 
0.000000000000000 0.000000000000000 1.000000000000000 0.000000000000000 
2  2 1 3 1 4 1 0
1
1.000000000000000 0.000000000000000 0.000000000000000 0.000000000000000 
0.000000000000000 1.000000000000000 0.000000000000000 0.000000000000000 
0.000000000000000 0.000000000000000 1.000000000000000 0.000000000000000 
1
1.000000000000000 0.000000000000000 0.000000000000000 260.043129115152738 
0.000000000000000 1.000000000000000 0.000000000000000 0.000000000000000 
0.000000000000000 0.000000000000000 1.000000000000000 0.000000000000000 
1
1.000000000000000 0.000000000000000 0.000000000000000 0.000000000000000 
0.000000000000000 1.000000000000000 0.000000000000000 0.000000000000000 
0.000000000000000 0.000000000000000 1.000000000000000 0.000000000000000 
1
0.000000000000000 0.000000000000000 1.000000000000000 0.000000000000000 
1.000000000000000 0.000000000000000 0.000000000000000 0.000000000000000 
0.000000000000000 1.000000000000000 0.000000000000000 -8.000000000000000 
1
1.000000000000000 0.000000000000000 0.000000000000000 0.000000000000000 
0.000000000000000 1.000000000000000 0.000000000000000 0.000000000000000 
0.000000000000000 0.000000000000000 1.000000000000000 0.000000000000000 
1
1.000000000000000 0.000000000000000 0.000000000000000 0.000000000000000 
0.000000000000000 1.000000000000000 0.000000000000000 0.000000000000000 
0.000000000000000 0.000000000000000 1.000000000000000 0.000000000000000 
2  7 -1 8 1 9 -1 10 -1 11 -1 0
1
1.000000000000000 0.000000000000000 0.000000000000000 -520.086258230305475 
0.000000000000000 1.000000000000000 0.000000000000000 -0.000000000000000 
0.000000000000000 0.000000000000000 1.000000000000000 -0.000000000000000 
2  13 -1 7 -1 8 1 9 -1 10 -1 11 -1 0
1
1.000000000000000 0.000000000000000 0.000000000000000 1487.149440473208642 
0.000000000000000 1.000000000000000 0.000000000000000 -0.000000000000504 
0.000000000000000 0.000000000000000 1.000000000000000 0.000000000000136 
1
1.000000000000000 0.000000000000000 0.000000000000000 0.000000000000000 
0.000000000000000 1.000000000000000 0.000000000000000 0.000000000000000 
0.000000000000000 0.000000000000000 1.000000000000000 0.000000000000000 
1
0.000000000000000 -0.000000000000000 1.000000000000000 0.000000000000000 
0.998309270953514 -0.058125721744018 -0.000000000000000 192.966185419070285 
0.058125721744018 0.998309270953514 0.000000000000000 415.162514434880393 
1
1.000000000000000 0.000000000000000 0.000000000000000 0.000000000000000 
0.000000000000000 1.000000000000000 0.000000000000000 0.000000000000000 
0.000000000000000 0.000000000000000 1.000000000000000 0.000000000000000 
2  15 -1 16 1 17 -1 18 -1 6 -1 0
1
1.000000000000000 0.000000000000000 0.000000000000000 -2974.298880946417285 
0.000000000000000 1.000000000000000 0.000000000000000 0.000000000001008 
0.000000000000000 0.000000000000000 1.000000000000000 -0.000000000000272 
2  20 -1 15 -1 16 1 17 -1 18 -1 6 -1 0
1
1.000000000000000 0.000000000000000 0.000000000000000 1487.149440473208642 
0.000000000000000 1.000000000000000 0.000000000000000 -0.000000000000504 
0.000000000000000 0.000000000000000 1.000000000000000 0.000000000000136 
1
1.000000000000000 0.000000000000000 0.000000000000000 0.000000000000000 
0.000000000000000 1.000000000000000 0.000000000000000 0.000000000000000 
0.000000000000000 0.000000000000000 1.000000000000000 0.000000000000000 
1
0.000000000000000 -0.000000000000000 1.000000000000000 0.000000000000000 
0.998309270953514 -0.058125721744018 -0.000000000000000 192.966185419070285 
0.058125721744018 0.998309270953514 0.000000000000000 415.162514434880393 
1
1.000000000000000 0.000000000000000 0.000000000000000 0.000000000000000 
0.000000000000000 1.000000000000000 0.000000000000000 0.000000000000000 
0.000000000000000 0.000000000000000 1.000000000000000 0.000000000000000 
2  22 -1 23 1 24 -1 25 -1 6 -1 0
1
1.000000000000000 0.000000000000000 0.000000000000000 -2974.298880946417285 
0.000000000000000 1.000000000000000 0.000000000000000 0.000000000001008 
0.000000000000000 0.000000000000000 1.000000000000000 -0.000000000000272 
2  27 -1 22 -1 23 1 24 -1 25 -1 6 -1 0
1
1.000000000000000 0.000000000000000 0.000000000000000 1576.866288019524973 
0.000000000000000 1.000000000000000 0.000000000000000 -0.000000000000339 
0.000000000000000 0.000000000000000 1.000000000000000 -0.000000000000195 
1
1.000000000000000 0.000000000000000 0.000000000000000 0.000000000000000 
0.000000000000000 1.000000000000000 0.000000000000000 0.000000000000000 
0.000000000000000 0.000000000000000 1.000000000000000 0.000000000000000 
1
1.000000000000000 0.000000000000000 0.000000000000000 0.000000000000000 
0.000000000000000 1.000000000000000 0.000000000000000 0.000000000000000 
0.000000000000000 0.000000000000000 1.000000000000000 0.000000000000000 
2  29 -1 30 1 31 -1 1 -1 4 -1 3 -1 2 -1 6 -1 0
1
1.000000000000000 0.000000000000000 0.000000000000000 -3153.732576039049945 
0.000000000000000 1.000000000000000 0.000000000000000 0.000000000000679 
0.000000000000000 0.000000000000000 1.000000000000000 0.000000000000390 
2  33 -1 29 -1 30 1 31 -1 1 -1 4 -1 3 -1 2 -1 6 -1 0
Curve2ds 24
1 0.00000000000000000 0.00000000000000000 1.00000000000000000 0.00000000000000000 
1 0.00000000000000000 -520.08625823030547508 1.00000000000000000 0.00000000000000000 
1 0.00000000000000000 0.00000000000000000 1.00000000000000000 0.00000000000000000 
1 0.00000000000000000 -2974.29888094641728458 1.00000000000000000 0.00000000000000000 
1 0.00000000000000000 0.00000000000000000 1.00000000000000000 0.00000000000000000 
1 0.00000000000000000 -2974.29888094641728458 1.00000000000000000 0.00000000000000000 
1 0.00000000000000000 0.00000000000000000 1.00000000000000000 0.00000000000000000 
1 0.00000000000000000 -3153.73257603904994539 1.00000000000000000 0.00000000000000000 
1 0.00000000000000000 0.00000000000000000 1.00000000000000000 0.00000000000000000 
1 0.00000000000000000 -520.08625823030547508 1.00000000000000000 0.00000000000000000 
1 0.00000000000000000 0.00000000000000000 1.00000000000000000 0.00000000000000000 
1 0.00000000000000000 -2974.29888094641728458 1.00000000000000000 0.00000000000000000 
1 0.00000000000000000 0.00000000000000000 1.00000000000000000 0.00000000000000000 
1 0.00000000000000000 -2974.29888094641728458 1.00000000000000000 0.00000000000000000 
1 0.00000000000000000 0.00000000000000000 1.00000000000000000 0.00000000000000000 
1 0.00000000000000000 -3153.73257603904994539 1.00000000000000000 0.00000000000000000 
1 0.00000000000000000 0.00000000000000000 1.00000000000000000 0.00000000000000000 
1 0.00000000000000000 -520.08625823030547508 1.00000000000000000 0.00000000000000000 
1 0.00000000000000000 0.00000000000000000 1.00000000000000000 0.00000000000000000 
1 0.00000000000000000 -2974.29888094641728458 1.00000000000000000 0.00000000000000000 
1 0.00000000000000000 0.00000000000000000 1.00000000000000000 0.00000000000000000 
1 0.00000000000000000 -2974.29888094641728458 1.00000000000000000 0.00000000000000000 
1 0.00000000000000000 0.00000000000000000 1.00000000000000000 0.00000000000000000 
1 0.00000000000000000 -3153.73257603904994539 1.00000000000000000 0.00000000000000000 
Curves 3
2 -120.00000000000000000 0.00000000000000000 0.00000000000000000 0.00000000000000000 0.00000000000000000 1.00000000000000000 1.00000000000000000 0.00000000000000000 -0.00000000000000000 -0.00000000000000000 1.00000000000000000 0.00000000000000000 1.69999999999999996
2 120.00000000000000000 0.00000000000000000 0.00000000000000000 0.00000000000000000 0.00000000000000000 1.00000000000000000 1.00000000000000000 0.00000000000000000 -0.00000000000000000 -0.00000000000000000 1.00000000000000000 0.00000000000000000 1.69999999999999996
2 0.00000000000000000 0.00000000000000000 0.00000000000000000 0.00000000000000000 0.00000000000000000 1.00000000000000000 1.00000000000000000 0.00000000000000000 -0.00000000000000000 -0.00000000000000000 1.00000000000000000 0.00000000000000000 1.69999999999999996
Polygon3D 0
PolygonOnTriangulations 0
Surfaces 15
1 0.00000000000000858 0.00000000000000018 0.00000000000000000 0.00000000000000000 0.00000000000000000 1.00000000000000000 1.00000000000000000 0.00000000000000000 -0.00000000000000000 -0.00000000000000000 1.00000000000000000 0.00000000000000000 
2 260.04312911515273754 -120.00000000000000000 -8.00000000000000000 1.00000000000000000 0.00000000000000000 0.00000000000000000 -0.00000000000000000 1.00000000000000000 0.00000000000000000 0.00000000000000000 -0.00000000000000000 1.00000000000000000 1.69999999999999996
2 1487.14944047320864229 73.16907290464807545 408.18742782559831994 1.00000000000000000 -0.00000000000000034 0.00000000000000009 0.00000000000000033 0.99830927095351418 0.05812572174401831 -0.00000000000000011 -0.05812572174401831 0.99830927095351418 1.69999999999999996
2 1487.14944047320864229 73.16907290464807545 408.18742782559831994 1.00000000000000000 -0.00000000000000034 0.00000000000000009 0.00000000000000033 0.99830927095351418 0.05812572174401831 -0.00000000000000011 -0.05812572174401831 0.99830927095351418 1.69999999999999996
2 1576.86628801952497270 73.16907290464824598 408.18742782559809257 1.00000000000000000 -0.00000000000000022 -0.00000000000000012 0.00000000000000022 0.99830927095351429 0.05812572174401799 0.00000000000000011 -0.05812572174401799 0.99830927095351429 1.69999999999999973
1 0.00000000000000858 0.00000000000000018 0.00000000000000000 0.00000000000000000 0.00000000000000000 1.00000000000000000 1.00000000000000000 0.00000000000000000 -0.00000000000000000 -0.00000000000000000 1.00000000000000000 0.00000000000000000 
2 260.04312911515273754 120.00000000000000000 -8.00000000000000000 1.00000000000000000 0.00000000000000000 0.00000000000000000 -0.00000000000000000 1.00000000000000000 0.00000000000000000 0.00000000000000000 -0.00000000000000000 1.00000000000000000 1.69999999999999996
2 1487.14944047320864229 312.76329793349145802 422.13760104416269314 1.00000000000000000 -0.00000000000000034 0.00000000000000009 0.00000000000000033 0.99830927095351418 0.05812572174401831 -0.00000000000000011 -0.05812572174401831 0.99830927095351418 1.69999999999999996
2 1487.14944047320864229 312.76329793349145802 422.13760104416269314 1.00000000000000000 -0.00000000000000034 0.00000000000000009 0.00000000000000033 0.99830927095351418 0.05812572174401831 -0.00000000000000011 -0.05812572174401831 0.99830927095351418 1.69999999999999996
2 1576.86628801952497270 312.76329793349162856 422.13760104416235208 1.00000000000000000 -0.00000000000000022 -0.00000000000000012 0.00000000000000022 0.99830927095351429 0.05812572174401799 0.00000000000000011 -0.05812572174401799 0.99830927095351429 1.69999999999999973
1 0.00000000000000858 0.00000000000000018 0.00000000000000000 0.00000000000000000 0.00000000000000000 1.00000000000000000 1.00000000000000000 0.00000000000000000 -0.00000000000000000 -0.00000000000000000 1.00000000000000000 0.00000000000000000 
2 260.04312911515273754 0.00000000000000000 -8.00000000000000000 1.00000000000000000 0.00000000000000000 0.00000000000000000 -0.00000000000000000 1.00000000000000000 0.00000000000000000 0.00000000000000000 -0.00000000000000000 1.00000000000000000 1.69999999999999996
2 1487.14944047320864229 192.96618541906977384 415.16251443488050654 1.00000000000000000 -0.00000000000000034 0.00000000000000009 0.00000000000000033 0.99830927095351418 0.05812572174401831 -0.00000000000000011 -0.05812572174401831 0.99830927095351418 1.69999999999999996
2 1487.14944047320864229 192.96618541906977384 415.16251443488050654 1.00000000000000000 -0.00000000000000034 0.00000000000000009 0.00000000000000033 0.99830927095351418 0.05812572174401831 -0.00000000000000011 -0.05812572174401831 0.99830927095351418 1.69999999999999996
2 1576.86628801952497270 192.96618541906994437 415.16251443488022232 1.00000000000000000 -0.00000000000000022 -0.00000000000000012 0.00000000000000022 0.99830927095351429 0.05812572174401799 0.00000000000000011 -0.05812572174401799 0.99830927095351429 1.69999999999999973
Triangulations 0

TShapes 14
Ve
0.000000100000000
-118.299999999999997 0.000000000000000 0.000000000000000
0 0

0101101
*
Ed
 0.000000100000000 1 1 0
1  1 0 0.000000000000000 6.283185307179586
2  1 2 12 0.000000000000000 6.283185307179586
2  2 2 14 0.000000000000000 6.283185307179586
2  3 3 19 0.000000000000000 6.283185307179586
2  4 3 21 0.000000000000000 6.283185307179586
2  5 4 26 0.000000000000000 6.283185307179586
2  6 4 28 0.000000000000000 6.283185307179586
2  7 5 32 0.000000000000000 6.283185307179586
2  8 5 34 0.000000000000000 6.283185307179586
0

0101100
+14 0 -14 0 *
Wi

0101100
+13 6 *
Fa
0  0.000000100000000 1 0

0111000
+12 0 *
Ve
0.000000100000000
121.700000000000003 0.000000000000000 0.000000000000000
0 0

0101101
*
Ed
 0.000000100000000 1 1 0
1  2 0 0.000000000000000 6.283185307179586
2  9 7 12 0.000000000000000 6.283185307179586
2  10 7 14 0.000000000000000 6.283185307179586
2  11 8 19 0.000000000000000 6.283185307179586
2  12 8 21 0.000000000000000 6.283185307179586
2  13 9 26 0.000000000000000 6.283185307179586
2  14 9 28 0.000000000000000 6.283185307179586
2  15 10 32 0.000000000000000 6.283185307179586
2  16 10 34 0.000000000000000 6.283185307179586
0

0101100
+10 0 -10 0 *
Wi

0101100
+9 6 *
Fa
0  0.000000100000000 6 0

0111000
+8 0 *
Ve
0.000000100000000
1.700000000000000 0.000000000000000 0.000000000000000
0 0

0101101
*
Ed
 0.000000100000000 1 1 0
1  3 0 0.000000000000000 6.283185307179586
2  17 12 12 0.000000000000000 6.283185307179586
2  18 12 14 0.000000000000000 6.283185307179586
2  19 13 19 0.000000000000000 6.283185307179586
2  20 13 21 0.000000000000000 6.283185307179586
2  21 14 26 0.000000000000000 6.283185307179586
2  22 14 28 0.000000000000000 6.283185307179586
2  23 15 32 0.000000000000000 6.283185307179586
2  24 15 34 0.000000000000000 6.283185307179586
0

0101100
+6 0 -6 0 *
Wi

0101100
+5 6 *
Fa
0  0.000000100000000 11 0

0111000
+4 0 *
Co

0100000
+11 0 +7 0 +3 0 *
Co

1100000
+2 5 *

+1 1 