
CASCADE Topology V1, (c) Matra-Datavision
Locations 5
1
1.000000000000000 0.000000000000000 0.000000000000000 0.000000000000000 
0.000000000000000 1.000000000000000 0.000000000000000 0.000000000000000 
0.000000000000000 0.000000000000000 1.000000000000000 0.000000000000000 
1
1.000000000000000 0.000000000000000 0.000000000000000 0.000000000000000 
0.000000000000000 1.000000000000000 0.000000000000000 0.000000000000000 
0.000000000000000 0.000000000000000 1.000000000000000 200.000000000000000 
2  2 -1 0
1
1.000000000000000 0.000000000000000 0.000000000000000 0.000000000000000 
0.000000000000000 1.000000000000000 0.000000000000000 0.000000000000000 
0.000000000000000 0.000000000000000 1.000000000000000 0.000000000000000 
2  4 1 1 -1 0
Curve2ds 159
1 6.80678408278947700 0.00000000000000000 0.00000000000000000 -1.00000000000000000 
1 0.00000000000000000 -0.29999999999998095 1.00000000000000000 0.00000000000000000 
1 0.00000000000000000 -0.29999999999999993 -1.00000000000000000 0.00000000000000000 
1 0.00000000000000000 0.00000000000000000 0.00000000000000000 -1.00000000000000000 
1 24.94226497308115498 0.00000000000000000 0.00000000000000000 -1.00000000000000000 
1 0.00000000000000000 -0.29999999999999816 1.00000000000000000 0.00000000000000000 
1 0.00000000000000000 0.00000000000000000 1.00000000000000000 0.00000000000000000 
1 0.00000000000000008 -0.29999999999999988 -1.00000000000000000 0.00000000000000000 
1 -0.00000000000000008 -0.29999999999999988 1.00000000000000000 0.00000000000000000 
1 -0.05773502691885450 -0.00000000000000000 1.00000000000000000 0.00000000000000000 
1 -0.05773502691885450 -200.00000000000000000 1.00000000000000000 0.00000000000000000 
1 217.51254157733271200 -667.63637976178711142 -0.50000000001003775 0.86602540377864334 
1 5.75958653159421186 0.00000000000000000 0.00000000000000000 -1.00000000000000000 
1 0.00000000000000000 -0.29999999999999044 1.00000000000000000 0.00000000000000000 
1 0.00000000000000000 -0.29999999999996385 -1.00000000000000000 -0.00000000000000000 
1 334.37290748411140839 0.00000000000000000 0.00000000000000000 -1.00000000000000000 
1 -5.75958653159421186 0.00000000000000000 1.00000000000000000 0.00000000000000000 
1 0.00000000000000000 0.00000000000000000 1.00000000000000000 0.00000000000000000 
1 0.00000000000000000 -200.00000000000000000 1.00000000000000000 0.00000000000000000 
1 6.28318530717958623 0.00000000000000000 -1.00000000000000000 0.00000000000000000 
1 0.00000000000000000 0.00000000000000000 1.00000000000000000 0.00000000000000000 
2 217.39707152349481589 -667.63637976178858935 1.00000000000000000 0.00000000000018791 -0.00000000000018791 1.00000000000000000 0.09999999999999964
6 0 1 -25.00000000000000711 -0.29999999999999893  -25.00000000000000355 -0.00000000000000178  
6 0 1 200.00000000000000000 -0.29999999999999716  200.00000000000000000 0.00000000000000000  
1 24.94226497308115498 0.00000000000000000 0.00000000000000000 -1.00000000000000000 
1 0.00000000000000000 0.00000000000000000 1.00000000000000000 0.00000000000000000 
6 0 1 25.00000000000000711 -0.29999999999999893  25.00000000000000355 -0.00000000000000178  
6 0 1 0.00000000000000000 -0.29999999999999716  0.00000000000000000 0.00000000000000000  
6 0 1 205.01254157708177672 -645.98574466732100063  205.27234919821535186 -645.83574466731806751  
1 -0.05773502691885450 -0.00000000000000000 1.00000000000000000 0.00000000000000000 
1 0.00000000000000000 0.00000000000000000 1.00000000000000000 0.00000000000000000 
1 217.77234919846631556 -667.48637976178406461 -0.50000000001003775 0.86602540377864334 
6 0 1 0.00000000000000000 -0.29999999999999982  0.00000000000000000 0.00000000000000000  
6 0 1 0.05773502691885435 -0.29999999999999982  0.05773502691885435 -0.00000000000000089  
8 0.00000000000000000 1.00000000000000000
1 6.80678408278947700 0.00000000000000000 0.00000000000000000 1.00000000000000000 
6 0 1 217.48367406387271217 -667.58637976178749796  217.74348168500628731 -667.43637976178456483  
6 0 1 -0.05773502691885435 -0.29999999999999982  -0.05773502691885435 -0.00000000000000089  
6 0 1 -200.00000000000000000 -0.29999999999999982  -200.00000000000000000 0.00000000000000000  
8 0.00000000000000000 1.00000000000000000
1 -0.52359877560989077 0.00000000000000000 0.00000000000000000 1.00000000000000000 
1 -0.05773502691885450 -200.00000000000000000 1.00000000000000000 0.00000000000000000 
1 0.00000000000000000 0.00000000000000000 -1.00000000000000000 0.00000000000000000 
1 5.75958653159447742 0.00000000000000000 0.00000000000000000 -1.00000000000000000 
1 0.00000000000000000 -0.29999999999990901 1.00000000000000000 0.00000000000000000 
1 0.00000000000000000 -0.29999999999998661 -1.00000000000000000 0.00000000000000000 
1 0.00000000000000000 0.00000000000000000 0.00000000000000000 -1.00000000000000000 
1 0.00000000000000000 0.00000000000000000 1.00000000000000000 0.00000000000000000 
1 0.00000000000002318 -0.29999999999998661 -1.00000000000000000 0.00000000000000000 
1 -0.00000000000002318 -0.29999999999998661 1.00000000000000000 0.00000000000000000 
1 -0.37320508076669029 -0.00000000000000000 1.00000000000000000 0.00000000000000000 
1 -0.37320508076669029 -200.00000000000000000 1.00000000000000000 0.00000000000000000 
1 50.11061778523604460 -957.58501706325182568 0.49999999998864458 0.86602540379099480 
1 0.00000000000000000 1.00000000000000000 1.00000000000000000 0.00000000000000000 
2 217.39707152349481589 -667.63637976178858935 1.00000000000000000 0.00000000000018791 -0.00000000000018791 1.00000000000000000 0.40000000000000036
1 5.75958653159421186 0.00000000000000000 0.00000000000000000 1.00000000000000000 
6 0 1 0.00000000000000000 -0.29999999999996385  0.00000000000000000 0.00000000000000000  
6 0 1 217.48367406387390588 -667.68637976178752069  217.74348168501123268 -667.83637976178397366  
1 0.52359877558537438 0.00000000000000000 0.00000000000000000 1.00000000000000000 
7 0 0  1 2 2  -200.00000000000000000 -0.30000000000000071  -200.00000000000000000 0.00000000000000000 
 0.00000000000000000 2 1.00000000000000000 2
1 6.28318530717958623 1.00000000000000000 -1.00000000000000000 0.00000000000000000 
1 0.00000000000000000 0.00000000000000000 0.00000000000000000 -1.00000000000000000 
1 0.00000000000000000 0.00000000000000000 -1.00000000000000000 0.00000000000000000 
8 0.00000000000000000 200.00000000000000000
1 6.80678408278947700 0.00000000000000000 0.00000000000000000 -1.00000000000000000 
1 3.14159265358979312 0.00000000000000000 0.00000000000000000 -1.00000000000000000 
1 0.00000000000000000 -0.30000000000001137 1.00000000000000000 0.00000000000000000 
1 0.00000000000000000 -0.30000000000003979 -1.00000000000000000 0.00000000000000000 
1 585.15086442475831063 0.00000000000000000 0.00000000000000000 -1.00000000000000000 
1 -3.14159265358979312 0.00000000000000000 1.00000000000000000 0.00000000000000000 
1 0.00000000000000000 0.00000000000000000 1.00000000000000000 0.00000000000000000 
1 0.00000000000000000 -200.00000000000000000 1.00000000000000000 0.00000000000000000 
1 6.28318530717958623 0.00000000000000000 -1.00000000000000000 0.00000000000000000 
1 0.00000000000000000 0.00000000000000000 1.00000000000000000 0.00000000000000000 
2 50.21061778523598207 -957.21181198248507371 1.00000000000000000 0.00000000000000034 -0.00000000000000034 1.00000000000000000 0.09999999999999432
1 -0.37320508076669029 -0.00000000000000000 1.00000000000000000 0.00000000000000000 
1 0.00000000000000000 0.00000000000000000 1.00000000000000000 0.00000000000000000 
1 50.37042540637334298 -957.73501706324839233 0.49999999998864458 0.86602540379099480 
6 0 1 0.37320508076669512 -0.29999999999998295  0.37320508076669512 0.00000000000000000  
6 0 1 0.00000000000000000 -0.30000000000001137  0.00000000000000000 0.00000000000000000  
8 0.00000000000000000 1.00000000000000000
1 5.75958653159447742 0.00000000000000000 0.00000000000000000 1.00000000000000000 
6 0 1 50.29722032561514311 -957.26181198248400506  50.55702794675244149 -957.41181198248068540  
6 0 1 -0.37320508076669512 -0.29999999999998295  -0.37320508076669512 0.00000000000000000  
6 0 1 -200.00000000000000000 -0.30000000000001137  -200.00000000000000000 0.00000000000000000  
8 0.00000000000000000 1.00000000000000000
1 0.52359877558510881 0.00000000000000000 0.00000000000000000 1.00000000000000000 
1 -0.37320508076669029 -200.00000000000000000 1.00000000000000000 0.00000000000000000 
1 0.00000000000000000 0.00000000000000000 -1.00000000000000000 0.00000000000000000 
1 0.00000000000000000 -0.00000000000000000 -1.00000000000000000 -0.00000000000000000 
1 3.14159265358979312 0.00000000000000000 0.00000000000000000 -1.00000000000000000 
1 0.00000000000000000 -0.30000000000001137 1.00000000000000000 0.00000000000000000 
1 0.00000000000000000 -0.30000000000001137 -1.00000000000000000 0.00000000000000000 
1 0.00000000000000000 -0.00000000000000000 0.00000000000000000 -1.00000000000000000 
1 0.00000000000000000 -0.00000000000000000 1.00000000000000000 0.00000000000000000 
1 0.00000000000000000 -0.30000000000001137 -1.00000000000000000 0.00000000000000000 
1 0.00000000000000000 -0.30000000000001137 1.00000000000000000 0.00000000000000000 
1 -0.37320508074816416 -0.00000000000000000 1.00000000000000000 0.00000000000000000 
1 -0.37320508074816416 -200.00000000000000000 1.00000000000000000 0.00000000000000000 
1 50.11061778523588828 -371.68774247697854207 0.00000000000000022 -1.00000000000000000 
1 0.00000000000000000 1.00000000000000000 1.00000000000000000 0.00000000000000000 
2 50.21061778523598207 -957.21181198248507371 1.00000000000000000 0.00000000000000034 -0.00000000000000034 1.00000000000000000 0.40000000000000568
1 3.14159265358979312 0.00000000000000000 0.00000000000000000 1.00000000000000000 
6 0 1 0.00000000000000000 -0.30000000000003979  0.00000000000000000 0.00000000000000000  
6 0 1 50.11061778523600196 -957.21181198248518740  49.81061778523596217 -957.21181198248518740  
1 3.14159265358979312 0.00000000000000000 0.00000000000000000 1.00000000000000000 
7 0 0  1 2 2  -200.00000000000000000 -0.30000000000006821  -200.00000000000000000 -0.00000000000002842 
 0.00000000000000000 2 1.00000000000000000 2
1 6.28318530717958623 1.00000000000000000 -1.00000000000000000 0.00000000000000000 
1 0.00000000000000000 0.00000000000000000 0.00000000000000000 -1.00000000000000000 
1 0.00000000000000000 0.00000000000000000 -1.00000000000000000 0.00000000000000000 
8 0.00000000000000000 200.00000000000000000
1 5.75958653159447742 0.00000000000000000 0.00000000000000000 -1.00000000000000000 
1 0.52359877560987156 0.00000000000000000 0.00000000000000000 -1.00000000000000000 
1 337.89474411167168455 0.00000000000000000 0.00000000000000000 -1.00000000000000000 
1 0.00000000000000000 -0.29999999999999849 1.00000000000000000 0.00000000000000000 
1 -0.00000000000000000 -0.30000000000002691 -1.00000000000000000 0.00000000000000000 
1 -0.52359877560987123 0.00000000000000000 1.00000000000000000 0.00000000000000000 
1 0.00000000000000000 0.00000000000000000 1.00000000000000000 0.00000000000000000 
1 0.00000000000000000 -200.00000000000000000 1.00000000000000000 0.00000000000000000 
1 6.28318530717958623 0.00000000000000000 -1.00000000000000000 0.00000000000000000 
1 0.00000000000000000 0.00000000000000000 1.00000000000000000 0.00000000000000000 
2 50.21061778523588259 -372.06094755772670624 1.00000000000000000 0.00000000000001066 -0.00000000000001066 1.00000000000000000 0.09999999999999432
1 -0.37320508074816416 -0.00000000000000000 1.00000000000000000 0.00000000000000000 
1 0.00000000000000000 0.00000000000000000 1.00000000000000000 0.00000000000000000 
1 49.81061778523587691 -371.68774247697854207 0.00000000000000022 -1.00000000000000000 
6 0 1 0.37320508074816416 -0.30000000000001137  0.37320508074816416 0.00000000000000000  
6 0 1 0.00000000000000000 -0.30000000000001137  0.00000000000000000 0.00000000000000000  
8 0.00000000000000000 1.00000000000000000
1 3.14159265358979312 0.00000000000000000 0.00000000000000000 1.00000000000000000 
6 0 1 50.11061778523588828 -372.06094755772676308  49.81061778523587691 -372.06094755772676308  
6 0 1 -0.37320508074816416 -0.30000000000001137  -0.37320508074816416 0.00000000000000000  
6 0 1 -200.00000000000000000 -0.30000000000001137  -200.00000000000000000 0.00000000000000000  
8 0.00000000000000000 1.00000000000000000
1 3.14159265358979312 0.00000000000000000 0.00000000000000000 1.00000000000000000 
1 -0.37320508074816416 -200.00000000000000000 1.00000000000000000 0.00000000000000000 
1 0.00000000000000000 0.00000000000000000 -1.00000000000000000 0.00000000000000000 
1 0.00000000000000000 0.00000000000000000 -1.00000000000000000 0.00000000000000000 
1 0.00000000000000000 0.00000000000000000 0.00000000000000000 -1.00000000000000000 
1 0.00000000000000000 0.00000000000000000 1.00000000000000000 0.00000000000000000 
1 0.00000000000000000 0.00000000000000000 1.00000000000000000 0.00000000000000000 
1 0.00000000000000000 -200.00000000000000000 1.00000000000000000 0.00000000000000000 
1 0.00000000000000006 -0.30000000000000004 1.00000000000000000 0.00000000000000000 
1 -0.00000000000000006 -0.30000000000000004 -1.00000000000000000 0.00000000000000000 
1 219.24459238483905210 -664.63637976171889932 -0.50000000001003120 0.86602540377864712 
1 0.00000000000000000 1.00000000000000000 1.00000000000000000 0.00000000000000000 
2 50.21061778523588259 -372.06094755772670624 1.00000000000000000 0.00000000000001066 -0.00000000000001066 1.00000000000000000 0.40000000000000568
1 0.52359877560987156 0.00000000000000000 0.00000000000000000 1.00000000000000000 
6 0 1 0.00000000000000000 -0.30000000000003979  0.00000000000000000 0.00000000000000000  
6 0 1 50.29722032561375045 -372.01094755772578537  50.55702794674735401 -371.86094755772273857  
1 5.75958653156971501 0.00000000000000000 0.00000000000000000 1.00000000000000000 
7 0 0  1 2 2  -200.00000000000002842 -0.30000000000001137  -200.00000000000000000 0.00000000000000000 
 0.00000000000000000 2 1.00000000000000000 2
1 6.28318530717958623 1.00000000000000000 -1.00000000000000000 0.00000000000000000 
1 0.00000000000000000 -0.00000000000000000 0.00000000000000000 -1.00000000000000000 
1 0.00000000000000000 0.00000000000000000 -1.00000000000000000 0.00000000000000000 
8 0.00000000000000000 200.00000000000000000
1 3.14159265358979312 0.00000000000000000 0.00000000000000000 -1.00000000000000000 
6 0 1 0.00000000000000000 -0.29999999999999982  0.00000000000000000 0.00000000000000000  
6 0 1 0.00000000000000000 -0.30000000000000027  0.00000000000000000 0.00000000000000000  
6 0 1 219.24459238483905210 -664.63637976171889932  219.50440000597265566 -664.48637976171585251  
1 0.00000000000000000 0.00000000000000000 0.00000000000000000 -1.00000000000000000 
6 0 1 0.00000000000000000 -0.29999999999999982  0.00000000000000000 0.00000000000000000  
6 0 1 -200.00000000000000000 -0.30000000000000027  -200.00000000000000000 0.00000000000000000  
1 0.00000000000000000 0.00000000000000000 1.00000000000000000 0.00000000000000000 
1 0.00000000000000000 0.00000000000000000 1.00000000000000000 0.00000000000000000 
1 219.50440000597265566 -664.48637976171585251 -0.50000000001003120 0.86602540377864712 
1 0.00000000000000000 -200.00000000000000000 1.00000000000000000 0.00000000000000000 
1 0.00000000000000000 0.00000000000000000 -1.00000000000000000 0.00000000000000000 
1 0.00000000000000000 0.00000000000000000 -1.00000000000000000 0.00000000000000000 
Curves 53
1 -2.95000000006864038 5.22501993612730331 0.00000000000000000 0.00000000000000000 0.00000000000000000 1.00000000000000000 
1 18.65063509439788447 17.69615242291823876 0.00000000000000000 0.00000000000000000 0.00000000000000000 1.00000000000000000 
1 -3.00000000006821210 5.19615242266729638 0.00000000000000000 0.86602540377864345 0.50000000001003753 0.00000000000000000 
1 -3.05000000006862138 5.22501993612610249 0.00000000000000000 0.00000000000000000 0.00000000000000000 1.00000000000000000 
2 -3.00000000006965362 5.31162247650518449 0.00000000000000000 -0.00000000000000000 0.00000000000000000 1.00000000000000000 0.00000000000018768 -1.00000000000000000 0.00000000000000000 1.00000000000000000 0.00000000000018768 0.00000000000000000 0.10000000000000001
6 0 1 18.65063509439788447 17.69615242291823876 200.00000000000000000  18.80063509440089220 17.43634480178464585 200.00000000000000000  
1 18.80063509440089220 17.43634480178464585 0.00000000000000000 0.00000000000000000 0.00000000000000000 1.00000000000000000 
6 0 1 18.65063509439788447 17.69615242291823876 0.00000000000000000  18.80063509440089220 17.43634480178464585 0.00000000000000000  
1 -2.85000000006520082 4.93634480153370347 0.00000000000000000 0.86602540377864345 0.50000000001003753 0.00000000000000000 
6 0 1 -2.95000000006864038 5.22501993612730331 0.00000000000000000  -2.80000000006562910 4.96521231499371041 0.00000000000000000  
6 0 1 -2.95000000006864038 5.22501993612730331 200.00000000000000000  -2.80000000006562910 4.96521231499371041 200.00000000000000000  
1 -2.85000000006520082 4.93634480153370347 200.00000000000000000 0.86602540377864345 0.50000000001003753 0.00000000000000000 
1 -292.62543222076510574 172.41147367438492211 0.00000000000000000 0.00000000000000000 0.00000000000000000 1.00000000000000000 
1 -292.94863730153292636 172.59807621476403483 0.00000000000000000 0.86602540379099457 -0.49999999998864469 0.00000000000000000 
2 -3.00000000006965362 5.31162247650518449 0.00000000000000000 -0.00000000000000000 0.00000000000000000 1.00000000000000000 0.00000000000018768 -1.00000000000000000 0.00000000000000000 1.00000000000000000 0.00000000000018768 0.00000000000000000 0.40000000000000002
6 0 1 -3.05000000006862138 5.22501993612610249 0.00000000000000000  -3.20000000006511165 4.96521231498878635 0.00000000000000000  
7 0 0  1 2 2  -3.05000000006851790 5.22501993612608562 200.00000000000000000  -3.20000000006511165 4.96521231498878635 200.00000000000000000 
 0.00000000000000000 2 1.00000000000000000 2
2 -3.00000000006965362 5.31162247650518449 200.00000000000000000 -0.00000000000000000 0.00000000000000000 1.00000000000000000 0.00000000000018768 -1.00000000000000000 0.00000000000000000 1.00000000000000000 0.00000000000018768 0.00000000000000000 0.40000000000000002
1 -2.80000000006562910 4.96521231499371041 0.00000000000000000 0.00000000000000000 0.00000000000000000 1.00000000000000000 
1 -292.57543222076617440 172.59807621476406325 0.00000000000000000 0.00000000000000000 0.00000000000000000 1.00000000000000000 
2 -292.57543222076617440 172.49807621476409736 0.00000000000000000 -0.00000000000000000 0.00000000000000000 1.00000000000000000 0.00000000000000012 -1.00000000000000000 0.00000000000000000 1.00000000000000000 0.00000000000000012 0.00000000000000000 0.10000000000000001
1 -293.09863730152949302 172.33826859362673645 0.00000000000000000 0.86602540379099457 -0.49999999998864469 0.00000000000000000 
6 0 1 -292.62543222076510574 172.41147367438492211 0.00000000000000000  -292.77543222076167240 172.15166605324762372 0.00000000000000000  
6 0 1 -292.62543222076510574 172.41147367438492211 200.00000000000000000  -292.77543222076167240 172.15166605324762372 200.00000000000000000  
1 -293.09863730152949302 172.33826859362673645 200.00000000000000000 0.86602540379099457 -0.49999999998864469 0.00000000000000000 
1 -3.20000000006511165 4.96521231498878635 0.00000000000000000 -0.00000000000000000 0.00000000000000000 1.00000000000000000 
1 292.57543220399219308 172.59807621476406325 0.00000000000000000 0.00000000000000000 0.00000000000000000 1.00000000000000000 
1 292.94863728474035725 172.59807621476406325 0.00000000000000000 -1.00000000000000000 0.00000000000000000 0.00000000000000000 
2 -292.57543222076617440 172.49807621476409736 0.00000000000000000 -0.00000000000000000 0.00000000000000000 1.00000000000000000 0.00000000000000012 -1.00000000000000000 0.00000000000000000 1.00000000000000000 0.00000000000000012 0.00000000000000000 0.40000000000000002
6 0 1 -292.57543222076617440 172.59807621476406325 0.00000000000000000  -292.57543222076617440 172.89807621476410304 0.00000000000000000  
7 0 0  1 2 2  -292.57543222076623124 172.59807621476403483 200.00000000000000000  -292.57543222076623124 172.89807621476407462 200.00000000000000000 
 0.00000000000000000 2 1.00000000000000000 2
2 -292.57543222076617440 172.49807621476409736 200.00000000000000000 -0.00000000000000000 0.00000000000000000 1.00000000000000000 0.00000000000000012 -1.00000000000000000 0.00000000000000000 1.00000000000000000 0.00000000000000012 0.00000000000000000 0.40000000000000002
1 -292.77543222076167240 172.15166605324762372 0.00000000000000000 0.00000000000000000 0.00000000000000000 1.00000000000000000 
1 292.62543220399317079 172.41147367438620108 0.00000000000000000 0.00000000000000000 0.00000000000000000 1.00000000000000000 
2 292.57543220399219308 172.49807621476406894 0.00000000000000000 -0.00000000000000000 0.00000000000000000 1.00000000000000000 0.00000000000001044 -1.00000000000000000 0.00000000000000000 1.00000000000000000 0.00000000000001044 0.00000000000000000 0.10000000000000001
1 292.94863728474035725 172.89807621476407462 0.00000000000000000 -1.00000000000000000 0.00000000000000000 0.00000000000000000 
6 0 1 292.57543220399219308 172.59807621476406325 0.00000000000000000  292.57543220399219308 172.89807621476407462 0.00000000000000000  
6 0 1 292.57543220399219308 172.59807621476406325 200.00000000000000000  292.57543220399219308 172.89807621476407462 200.00000000000000000  
1 292.94863728474035725 172.89807621476407462 200.00000000000000000 -1.00000000000000000 0.00000000000000000 0.00000000000000000 
1 -292.57543222076617440 172.89807621476410304 0.00000000000000000 -0.00000000000000000 0.00000000000000000 1.00000000000000000 
1 0.00000000000000001 3.46410161516095982 0.00000000000000000 0.00000000000000000 0.00000000000000000 1.00000000000000000 
1 0.00000000000000001 3.46410161516095982 0.00000000000000000 0.86602540377864723 0.50000000001003098 0.00000000000000000 
2 292.57543220399219308 172.49807621476406894 0.00000000000000000 -0.00000000000000000 0.00000000000000000 1.00000000000000000 0.00000000000001044 -1.00000000000000000 0.00000000000000000 1.00000000000000000 0.00000000000001044 0.00000000000000000 0.40000000000000002
6 0 1 292.62543220399317079 172.41147367438620108 0.00000000000000000  292.77543220399621759 172.15166605325259752 0.00000000000000000  
7 0 0  1 2 2  292.62543220399328447 172.41147367438622950 200.00000000000002842  292.77543220399621759 172.15166605325254068 200.00000000000000000 
 0.00000000000000000 2 1.00000000000000000 2
2 292.57543220399219308 172.49807621476406894 200.00000000000000000 -0.00000000000000000 0.00000000000000000 1.00000000000000000 0.00000000000001044 -1.00000000000000000 0.00000000000000000 1.00000000000000000 0.00000000000001044 0.00000000000000000 0.40000000000000002
1 292.57543220399219308 172.89807621476407462 0.00000000000000000 0.00000000000000000 0.00000000000000000 1.00000000000000000 
6 0 1 0.00000000000000001 3.46410161516095982 0.00000000000000000  0.15000000000300928 3.20429399402736559 0.00000000000000000  
1 0.15000000000300928 3.20429399402736559 0.00000000000000000 0.00000000000000000 0.00000000000000000 1.00000000000000000 
6 0 1 0.00000000000000001 3.46410161516095982 200.00000000000000000  0.15000000000300928 3.20429399402736559 200.00000000000000000  
1 0.15000000000300928 3.20429399402736559 0.00000000000000000 0.86602540377864723 0.50000000001003098 0.00000000000000000 
1 0.15000000000300928 3.20429399402736559 200.00000000000000000 0.86602540377864723 0.50000000001003098 0.00000000000000000 
1 292.77543220399621759 172.15166605325259752 0.00000000000000000 -0.00000000000000000 0.00000000000000000 1.00000000000000000 
Polygon3D 0
PolygonOnTriangulations 0
Surfaces 50
1 -2.95000000006864038 5.22501993612730331 0.00000000000000000 -0.50000000001003753 0.86602540377864345 0.00000000000000000 0.86602540377864345 0.50000000001003753 0.00000000000000000 0.00000000000000000 0.00000000000000000 -1.00000000000000000 
2 -3.00000000006965362 5.31162247650518449 0.00000000000000000 0.00000000000000000 -0.00000000000000000 -1.00000000000000000 0.00000000000018768 -1.00000000000000000 0.00000000000000000 1.00000000000000000 0.00000000000018768 -0.00000000000000000 0.10000000000000001
1 -2.80000000006557315 4.96521231499376459 0.00000000000000000 0.86602540377851744 0.50000000001025591 0.00000000000000000 -0.00000000000000000 0.00000000000000000 1.00000000000000000 0.50000000001025591 -0.86602540377851744 0.00000000000000000 
1 -2.80000000006562910 4.96521231499371041 0.00000000000000000 -0.86602540377864334 -0.50000000001003786 0.00000000000000000 -0.00000000000000000 0.00000000000000000 -1.00000000000000000 0.50000000001003786 -0.86602540377864334 -0.00000000000000000 
1 18.80063509440089220 17.43634480178464585 0.00000000000000000 0.86602540377864845 0.50000000001002898 -0.00000000000000000 0.00000000000000000 0.00000000000000000 1.00000000000000000 0.50000000001002898 -0.86602540377864845 0.00000000000000000 
1 -3.00000000006821210 5.19615242266729638 0.00000000000000000 -0.50000000001003753 0.86602540377864345 0.00000000000000000 0.86602540377864345 0.50000000001003753 0.00000000000000000 0.00000000000000000 0.00000000000000000 -1.00000000000000000 
1 -2.85000000006520082 4.93634480153370347 200.00000000000000000 -0.00000000000000000 0.00000000000000000 1.00000000000000000 -0.86602540377864345 -0.50000000001003753 0.00000000000000000 0.50000000001003753 -0.86602540377864345 0.00000000000000000 
1 -2.85000000006520082 4.93634480153370347 0.00000000000000000 0.00000000000000000 0.00000000000000000 -1.00000000000000000 0.86602540377864345 0.50000000001003753 0.00000000000000000 0.50000000001003753 -0.86602540377864345 0.00000000000000000 
1 664.63637976171889932 222.70869399999986626 0.00000000000013502 -0.00000000000000028 0.00000000000000022 1.00000000000000000 -0.00000000000000022 -1.00000000000000000 0.00000000000000022 1.00000000000000000 -0.00000000000000022 0.00000000000000028 
1 -292.62543222076510574 172.41147367438492211 0.00000000000000000 0.49999999998864469 0.86602540379099457 -0.00000000000000000 0.86602540379099457 -0.49999999998864469 0.00000000000000000 0.00000000000000000 -0.00000000000000000 -1.00000000000000000 
1 -3.20000000006524488 4.96521231498883253 0.00000000000000000 0.86602540379092752 -0.49999999998876093 0.00000000000000000 0.00000000000000000 0.00000000000000000 1.00000000000000000 -0.49999999998876093 -0.86602540379092752 0.00000000000000000 
1 -3.20000000006511165 4.96521231498878635 0.00000000000000000 -0.86602540379115833 0.49999999998836125 -0.00000000000000000 0.00000000000000000 0.00000000000000000 -1.00000000000000000 -0.49999999998836125 -0.86602540379115833 -0.00000000000000000 
2 -3.00000000006965362 5.31162247650518449 0.00000000000000000 0.00000000000000000 0.00000000000000000 1.00000000000000000 -0.49999999998864469 -0.86602540379099457 0.00000000000000000 0.86602540379099457 -0.49999999998864469 0.00000000000000000 0.10000000000000001
9 0 0 0 0 6 1 7 2 2 2 -2.95000000006863328 5.22501993612733084 200.00000000000000000  -2.80000000006557315 4.96521231499376459 200.00000000000000000  
-2.96511499477047646 5.21629328986720964 200.00000000000068212  -2.86045997887290104 4.93030572995322025 200.00000000000068212  
-2.98205752047137995 5.21073232979806544 199.99999999999855049  -2.92823008167664289 4.90806188967684420 199.99999999999855049  
-3.00000000006840306 5.20881546327144207 200.00000000000170530  -3.00000000006455148 4.90039442357005584 200.00000000000170530  
-3.01794247966536933 5.21073232979763112 199.99999999999877787  -3.07176991845259284 4.90806188967505808 199.99999999999877787  
-3.03488500536647887 5.21629328986633123 200.00000000000051159  -3.13954002125692400 4.93030572994974214 200.00000000000051159  
-3.05000000006851790 5.22501993612608562 200.00000000000000000  -3.20000000006511165 4.96521231498878635 200.00000000000000000  

-0.52359877560989077 7
0.52359877558537438 7

0.00000000000000000 2
1.00000000000000000 2

9 0 0 0 0 6 1 7 2 2 2 -3.05000000006851701 5.22501993612608473 0.00000000000000000  -3.20000000006511076 4.96521231498878457 0.00000000000000000  
-3.03488500536647310 5.21629328986632146 0.00000000000000000  -3.13954002125691733 4.93030572994973504 0.00000000000000000  
-3.01794247966539020 5.21073232979766487 0.00000000000000000  -3.07176991845261460 4.90806188967508383 0.00000000000000000  
-3.00000000006837197 5.20881546327138967 0.00000000000000000  -3.00000000006451417 4.90039442357001942 0.00000000000000000  
-2.98205752047140793 5.21073232979811163 0.00000000000000000  -2.92823008167667753 4.90806188967687973 0.00000000000000000  
-2.96511499477046314 5.21629328986718743 0.00000000000000000  -2.86045997887288417 4.93030572995320249 0.00000000000000000  
-2.95000000006863283 5.22501993612733084 0.00000000000000000  -2.80000000006557315 4.96521231499376370 0.00000000000000000  

5.75958653159421186 7
6.80678408278947700 7

0.00000000000000000 2
1.00000000000000000 2

1 -2.80000000006562910 4.96521231499371041 0.00000000000000000 -0.50000000001003753 0.86602540377864345 0.00000000000000000 0.86602540377864345 0.50000000001003753 0.00000000000000000 0.00000000000000000 0.00000000000000000 -1.00000000000000000 
2 -292.57543222076617440 172.49807621476409736 0.00000000000000000 0.00000000000000000 -0.00000000000000000 -1.00000000000000000 0.00000000000000012 -1.00000000000000000 0.00000000000000000 1.00000000000000000 0.00000000000000012 -0.00000000000000000 0.10000000000000001
1 -292.77543222076161555 172.15166605324768057 0.00000000000000000 0.86602540379106796 -0.49999999998851780 0.00000000000000000 -0.00000000000000000 0.00000000000000000 1.00000000000000000 -0.49999999998851780 -0.86602540379106796 0.00000000000000000 
1 -292.77543222076167240 172.15166605324762372 0.00000000000000000 -0.86602540379103321 0.49999999998857786 0.00000000000000000 0.00000000000000000 0.00000000000000000 -1.00000000000000000 -0.49999999998857786 -0.86602540379103321 -0.00000000000000000 
1 -292.94863730153292636 172.59807621476403483 0.00000000000000000 0.49999999998864469 0.86602540379099457 -0.00000000000000000 0.86602540379099457 -0.49999999998864469 0.00000000000000000 0.00000000000000000 -0.00000000000000000 -1.00000000000000000 
1 -293.09863730152949302 172.33826859362673645 200.00000000000000000 0.00000000000000000 0.00000000000000000 1.00000000000000000 -0.86602540379099457 0.49999999998864469 0.00000000000000000 -0.49999999998864469 -0.86602540379099457 0.00000000000000000 
1 -293.09863730152949302 172.33826859362673645 0.00000000000000000 0.00000000000000000 -0.00000000000000000 -1.00000000000000000 0.86602540379099457 -0.49999999998864469 0.00000000000000000 -0.49999999998864469 -0.86602540379099457 0.00000000000000000 
2 -3.00000000006965362 5.31162247650518449 0.00000000000000000 0.00000000000000000 -0.00000000000000000 -1.00000000000000000 0.00000000000018768 -1.00000000000000000 0.00000000000000000 1.00000000000000000 0.00000000000018768 -0.00000000000000000 0.40000000000000002
1 292.57543220399219308 172.59807621476406325 0.00000000000000000 0.00000000000000000 -1.00000000000000000 0.00000000000000000 -1.00000000000000000 0.00000000000000000 0.00000000000000000 -0.00000000000000000 -0.00000000000000000 -1.00000000000000000 
1 -292.57543222076611755 172.89807621476407462 0.00000000000000000 -1.00000000000000000 0.00000000000018948 0.00000000000000000 0.00000000000000000 0.00000000000000000 1.00000000000000000 0.00000000000018948 1.00000000000000000 -0.00000000000000000 
1 -292.57543222076617440 172.89807621476410304 0.00000000000000000 1.00000000000000000 -0.00000000000000000 0.00000000000000000 0.00000000000000000 -0.00000000000000000 -1.00000000000000000 0.00000000000000000 1.00000000000000000 0.00000000000000000 
2 -292.57543222076617440 172.49807621476406894 0.00000000000000000 0.00000000000000000 0.00000000000000000 1.00000000000000000 -0.00000000000000000 1.00000000000000000 0.00000000000000000 -1.00000000000000000 -0.00000000000000000 0.00000000000000000 0.10000000000000001
9 0 0 0 0 9 1 10 2 2 2 -292.62543222076510574 172.41147367438497895 200.00000000000000000  -292.77543222076167240 172.15166605324765214 200.00000000000000000  
-292.65062387860285753 172.42601808481774128 200.00000000000000000  -292.87619885210517623 172.20984369497779198 199.99999999999806732  
-292.67105578768479290 172.44880705597904580 200.00000000000000000  -292.95792713094931514 172.30099718186093583 200.00000000000889600  
-292.68364531189348554 172.47805629280014728 199.99999999999997158  -293.00828210708471033 172.41800577542784367 199.99999999998038902  
-292.68608464743243758 172.51065350031669254 200.00000000000008527  -293.01804633306926462 172.54836891515847697 200.00000000002609113  
-292.67754867602633340 172.54251017929863110 200.00000000000002842  -292.98389363618593961 172.67582851471760819 199.99999999997615419  
-292.65913754572466132 172.56952052132575659 199.99999999999994316  -292.91025599875621310 172.78384419249141501 200.00000000001534772  
-292.63361007952551063 172.58855634135585433 200.00000000000011369  -292.80814301332009109 172.85999911889416580 199.99999999999340616  
-292.60452104163425702 172.59807621476420536 199.99999999999985789  -292.69178750423776592 172.89807621476515465 200.00000000000159162  
-292.57543222076623124 172.59807621476403483 200.00000000000000000  -292.57543222076623124 172.89807621476407462 200.00000000000000000  

0.52359877558510881 10
3.14159265358979312 10

0.00000000000000000 2
1.00000000000000000 2

9 0 0 0 0 9 1 10 2 2 2 -292.57543222076623124 172.59807621476409167 0.00000000000000000  -292.57543222076623124 172.89807621476413146 0.00000000000000000  
-292.60452104162982323 172.59807621476238637 0.00000000000000000  -292.69178750422696567 172.89807621475929977 0.00000000000000000  
-292.63361007953608350 172.58855634135960599 0.00000000000000000  -292.80814301335834671 172.85999911891587999 0.00000000000000000  
-292.65913754571340633 172.56952052132274389 0.00000000000000000  -292.91025599867998608 172.78384419244588344 0.00000000000000000  
-292.67754867602985769 172.54251017929885847 0.00000000000000000  -292.98389363628695037 172.67582851478115913 0.00000000000000000  
-292.68608464743846298 172.51065350031842627 0.00000000000000000  -293.01804633297325609 172.54836891509606289 0.00000000000000000  
-292.68364531188399269 172.47805629279810091 0.00000000000000000  -293.00828210715076239 172.41800577547138573 0.00000000000000000  
-292.67105578769132990 172.44880705598026793 0.00000000000000000  -292.95792713091918813 172.30099718184101221 0.00000000000000000  
-292.65062387860075432 172.42601808481731496 0.00000000000000000  -292.87619885211279325 172.20984369498285105 0.00000000000000000  
-292.62543222076510574 172.41147367438500737 0.00000000000000000  -292.77543222076167240 172.15166605324768057 0.00000000000000000  

3.14159265358979312 10
5.75958653159447742 10

0.00000000000000000 2
1.00000000000000000 2

1 -292.77543222076167240 172.15166605324762372 0.00000000000000000 0.49999999998864469 0.86602540379099457 -0.00000000000000000 0.86602540379099457 -0.49999999998864469 0.00000000000000000 0.00000000000000000 -0.00000000000000000 -1.00000000000000000 
2 292.57543220399219308 172.49807621476406894 0.00000000000000000 0.00000000000000000 -0.00000000000000000 -1.00000000000000000 0.00000000000001044 -1.00000000000000000 0.00000000000000000 1.00000000000000000 0.00000000000001044 -0.00000000000000000 0.10000000000000001
1 292.57543220399219308 172.89807621476407462 0.00000000000000000 -1.00000000000000000 0.00000000000000000 -0.00000000000000000 0.00000000000000000 0.00000000000000000 1.00000000000000000 0.00000000000000000 1.00000000000000000 -0.00000000000000000 
1 292.57543220399219308 172.89807621476407462 0.00000000000000000 1.00000000000000000 0.00000000000000000 0.00000000000000000 0.00000000000000000 0.00000000000000000 -1.00000000000000000 -0.00000000000000000 1.00000000000000000 0.00000000000000000 
1 292.94863728474035725 172.59807621476406325 0.00000000000000000 0.00000000000000000 -1.00000000000000000 0.00000000000000000 -1.00000000000000000 0.00000000000000000 0.00000000000000000 -0.00000000000000000 -0.00000000000000000 -1.00000000000000000 
1 292.94863728474035725 172.89807621476407462 200.00000000000000000 0.00000000000000000 -0.00000000000000000 1.00000000000000000 1.00000000000000000 -0.00000000000000000 -0.00000000000000000 0.00000000000000000 1.00000000000000000 0.00000000000000000 
1 292.94863728474035725 172.89807621476407462 0.00000000000000000 0.00000000000000000 0.00000000000000000 -1.00000000000000000 -1.00000000000000000 0.00000000000000000 0.00000000000000000 0.00000000000000000 1.00000000000000000 0.00000000000000000 
2 -292.57543222076617440 172.49807621476409736 0.00000000000000000 0.00000000000000000 -0.00000000000000000 -1.00000000000000000 0.00000000000000012 -1.00000000000000000 0.00000000000000000 1.00000000000000000 0.00000000000000012 -0.00000000000000000 0.40000000000000002
1 0.00000000000000001 3.46410161516095982 0.00000000000000000 -0.50000000001003098 0.86602540377864723 0.00000000000000000 0.86602540377864723 0.50000000001003098 0.00000000000000000 0.00000000000000000 0.00000000000000000 -1.00000000000000000 
1 292.77543220399616075 172.15166605325259752 0.00000000000000000 0.86602540377868298 0.50000000000996914 -0.00000000000000000 0.00000000000000000 0.00000000000000000 1.00000000000000000 0.50000000000996914 -0.86602540377868298 0.00000000000000000 
1 292.77543220399621759 172.15166605325259752 0.00000000000000000 -0.86602540377860104 -0.50000000001011125 0.00000000000000000 0.00000000000000000 -0.00000000000000000 -1.00000000000000000 0.50000000001011125 -0.86602540377860104 0.00000000000000000 
2 292.57543220399219308 172.49807621476406894 0.00000000000000000 0.00000000000000000 0.00000000000000000 1.00000000000000000 0.50000000001003098 -0.86602540377864723 0.00000000000000000 0.86602540377864723 0.50000000001003098 -0.00000000000000000 0.10000000000000001
9 0 0 0 0 9 1 10 2 2 2 292.57543220399224992 172.59807621476403483 200.00000000000000000  292.57543220399219308 172.89807621476404620 200.00000000000000000  
292.60452102485760406 172.59807621476255690 199.99999999999758415  292.69178748745605390 172.89807621476273880 199.99999999999874944  
292.63361006275653153 172.58855634135932178 200.00000000000576961  292.80814299657032507 172.85999911890542080 200.00000000000633804  
292.65913752894505251 172.56952052132351128 199.99999999999414513  292.91025598192328516 172.78384419246930293 199.99999999998584599  
292.67754865925274999 172.54251017929985323 200.00000000000170530  292.98389361948682108 172.67582851475742700 200.00000000001830358  
292.68608463066101422 172.51065350031979051 200.00000000000306954  293.01804631621632780 172.54836891512806574 199.99999999998377120  
292.68364529511592309 172.47805629280011885 199.99999999999511147  293.00828209036694716 172.41800577546095496 200.00000000001054445  
292.67105577091376745 172.44880705598177428 200.00000000000346745  292.95792711415242593 172.30099718185712732 199.99999999999522515  
292.65062386183018361 172.42601808481913395 199.99999999999877787  292.87619883534409837 172.20984369498739852 200.00000000000119371  
292.62543220399328447 172.41147367438622950 200.00000000000002842  292.77543220399621759 172.15166605325254068 200.00000000000000000  

3.14159265358979312 10
5.75958653156971501 10

0.00000000000000000 2
1.00000000000000000 2

9 0 0 0 0 9 1 10 2 2 2 292.62543220399317079 172.41147367438617266 0.00000000000000000  292.77543220399633128 172.15166605325268279 0.00000000000000000  
292.65062386182842147 172.42601808481930448 0.00000000000000000  292.87619883533676557 172.20984369498503952 0.00000000000000000  
292.67105577091689383 172.44880705598092163 0.00000000000000000  292.95792711417794862 172.30099718186531277 0.00000000000000000  
