
CASCADE Topology V1, (c) Matra-Datavision
Locations 21
1
1.000000000000000 0.000000000000000 0.000000000000000 0.000000000000000 
0.000000000000000 1.000000000000000 0.000000000000000 0.000000000000000 
0.000000000000000 0.000000000000000 1.000000000000000 0.000000000000000 
1
1.000000000000000 0.000000000000000 0.000000000000000 0.000000000000000 
0.000000000000000 1.000000000000000 0.000000000000000 0.000000000000000 
0.000000000000000 0.000000000000000 1.000000000000000 0.000000000000000 
1
1.000000000000000 0.000000000000000 0.000000000000000 0.000000000000000 
0.000000000000000 1.000000000000000 0.000000000000000 0.000000000000000 
0.000000000000000 0.000000000000000 1.000000000000000 0.000000000000000 
1
1.000000000000000 0.000000000000000 0.000000000000000 0.000000000000000 
0.000000000000000 1.000000000000000 0.000000000000000 0.000000000000000 
0.000000000000000 0.000000000000000 1.000000000000000 0.000000000000000 
1
1.000000000000000 0.000000000000000 0.000000000000000 0.000000000000000 
0.000000000000000 1.000000000000000 0.000000000000000 0.000000000000000 
0.000000000000000 0.000000000000000 1.000000000000000 0.000000000000000 
1
1.000000000000000 0.000000000000000 0.000000000000000 0.000000000000000 
0.000000000000000 1.000000000000000 0.000000000000000 0.000000000000000 
0.000000000000000 0.000000000000000 1.000000000000000 0.000000000000000 
1
1.000000000000000 0.000000000000000 0.000000000000000 0.000000000000000 
0.000000000000000 1.000000000000000 0.000000000000000 0.000000000000000 
0.000000000000000 0.000000000000000 1.000000000000000 0.000000000000000 
2  2 1 3 -1 4 -1 5 -1 6 -1 7 -1 1 -1 0
1
1.000000000000000 0.000000000000000 0.000000000000000 0.000000000000000 
0.000000000000000 1.000000000000000 0.000000000000000 0.000000000000000 
0.000000000000000 0.000000000000000 1.000000000000000 18.000000000000000 
2  9 -1 2 1 3 -1 4 -1 5 -1 6 -1 7 -1 1 -1 0
1
-0.500000000000001 -0.866025403784439 0.000000000000000 0.000000000000085 
0.866025403784439 -0.500000000000001 0.000000000000000 -0.000000000000028 
0.000000000000000 0.000000000000000 1.000000000000001 0.000000000000000 
2  2 1 3 -1 4 -1 5 -1 11 -1 7 -1 1 -1 0
2  9 -1 2 1 3 -1 4 -1 5 -1 11 -1 7 -1 1 -1 0
2  5 -1 6 -1 7 -1 1 -1 0
2  5 -1 11 -1 7 -1 1 -1 0
1
1.000000000000000 0.000000000000000 0.000000000000000 0.000000000000000 
0.000000000000000 1.000000000000000 0.000000000000000 0.000000000000000 
0.000000000000000 0.000000000000000 1.000000000000000 0.000000000000000 
2  16 -1 0
1
-0.500000000000000 0.866025403784439 0.000000000000000 0.000000000000021 
-0.866025403784439 -0.500000000000000 0.000000000000000 0.000000000000099 
0.000000000000000 0.000000000000000 1.000000000000000 0.000000000000000 
2  2 1 3 -1 4 -1 5 -1 18 -1 7 -1 1 -1 0
2  9 -1 2 1 3 -1 4 -1 5 -1 18 -1 7 -1 1 -1 0
2  5 -1 18 -1 7 -1 1 -1 0
Curve2ds 15
1 0.00000000000000000 0.00000000000000000 1.00000000000000000 0.00000000000000000 
1 0.00000000000000000 -18.00000000000000000 1.00000000000000000 0.00000000000000000 
1 0.00000000000000000 0.00000000000000000 1.00000000000000000 0.00000000000000000 
1 0.00000000000000000 -18.00000000000000000 1.00000000000000000 0.00000000000000000 
2 -930.37557344124957126 537.15258786147887804 -1.00000000000000000 0.00000000000000000 0.00000000000000000 1.00000000000000000 904.30517559137683747
2 -0.00000007596781142 -1074.30517559137638273 0.50000000000000056 -0.86602540378443837 -0.86602540378443837 -0.50000000000000056 904.30517559137695116
1 0.00000000000000000 0.00000000000000000 1.00000000000000000 0.00000000000000000 
1 0.00000000000000000 -18.00000000000000000 1.00000000000000000 0.00000000000000000 
1 0.00000000000000000 0.00000000000000000 1.00000000000000000 0.00000000000000000 
1 0.00000000000000000 -18.00000000000000000 1.00000000000000000 0.00000000000000000 
1 0.00000000000000000 0.00000000000000000 1.00000000000000000 0.00000000000000000 
1 0.00000000000000000 -18.00000000000000000 1.00000000000000000 0.00000000000000000 
2 -18.30000000000021743 359.03392597357702698 -1.00000000000000000 0.00000000000000000 0.00000000000000000 1.00000000000000000 25.00000000000015632
2 -301.78250071357899742 -195.36522787604411633 0.50000000000000056 -0.86602540378443837 -0.86602540378443837 -0.50000000000000056 25.00000000000018829
2 320.08250071357934985 -163.66869809753302434 0.50000000000000033 0.86602540378443860 0.86602540378443860 -0.50000000000000033 25.00000000000018829
Curves 3
2 -930.37557344124957126 537.15258786147876435 0.00000000000000000 0.00000000000000000 0.00000000000000000 -1.00000000000000000 -1.00000000000000000 -0.00000000000000000 -0.00000000000000000 -0.00000000000000000 1.00000000000000000 0.00000000000000000 904.30517559137672379
2 -18.30000000000019611 359.03392597357697014 0.00000000000000000 0.00000000000000000 0.00000000000000000 -1.00000000000000000 -1.00000000000000000 -0.00000000000000000 -0.00000000000000000 -0.00000000000000000 1.00000000000000000 0.00000000000000000 25.00000000000015987
2 0.00000000000019940 -0.00000000000004015 0.00000000000000000 0.00000000000000000 0.00000000000000000 -1.00000000000000000 -1.00000000000000000 -0.00000000000000000 -0.00000000000000000 -0.00000000000000000 1.00000000000000000 0.00000000000000000 384.50000000000011369
Polygon3D 0
PolygonOnTriangulations 0
Surfaces 6
2 -930.37557344124957126 537.15258786147876435 0.00000000000000000 0.00000000000000000 0.00000000000000000 -1.00000000000000000 -1.00000000000000000 -0.00000000000000000 -0.00000000000000000 -0.00000000000000000 1.00000000000000000 0.00000000000000000 904.30517559137672379
2 -0.00000007596779028 -1074.30517559137638273 0.00000000000000000 -0.00000000000000000 0.00000000000000000 -1.00000000000000000 0.50000000000000056 -0.86602540378443837 -0.00000000000000000 -0.86602540378443837 -0.50000000000000056 0.00000000000000000 904.30517559137695116
1 0.00000000000002114 -0.00000000000005780 0.00000000000000000 0.00000000000000000 0.00000000000000000 1.00000000000000000 1.00000000000000000 0.00000000000000000 -0.00000000000000000 -0.00000000000000000 1.00000000000000000 0.00000000000000000 
2 -18.30000000000019611 359.03392597357697014 0.00000000000000000 0.00000000000000000 0.00000000000000000 -1.00000000000000000 -1.00000000000000000 -0.00000000000000000 -0.00000000000000000 -0.00000000000000000 1.00000000000000000 0.00000000000000000 25.00000000000015987
2 -301.78250071357899742 -195.36522787604417317 0.00000000000000000 -0.00000000000000000 0.00000000000000000 -1.00000000000000000 0.50000000000000056 -0.86602540378443837 -0.00000000000000000 -0.86602540378443837 -0.50000000000000056 0.00000000000000000 25.00000000000016698
2 320.08250071357934985 -163.66869809753308118 0.00000000000000000 0.00000000000000000 -0.00000000000000000 -1.00000000000000000 0.50000000000000033 0.86602540378443860 0.00000000000000000 0.86602540378443860 -0.50000000000000033 0.00000000000000000 25.00000000000015987
Triangulations 0

TShapes 8
Ve
0.000000100000348
-42.836492354647099 363.825642047216206 0.000000000000000
0 0

0101101
*
Ve
0.000000112022056
-147.224318643354110 84.999999999999758 0.000000000000000
0 0

0101101
*
Ed
 0.000000100000000 1 1 0
1  1 0 3.334454683300864 3.665191429258806
2  1 1 8 3.334454683300864 3.665191429258806
2  2 1 10 3.334454683300864 3.665191429258806
2  3 2 12 3.334454683300864 3.665191429258806
2  4 2 13 3.334454683300864 3.665191429258806
2  5 3 14 3.334454683300864 3.665191429258806
2  6 3 15 3.334454683300864 3.665191429258806
0

0101000
+8 17 -7 17 *
Ve
0.000000100000005
-19.572600834492579 384.001514706093246 0.000000000000000
0 0

0101101
*
Ed
 0.000000100000000 1 1 0
1  2 0 0.192862029711070 1.519870283811140
2  7 4 8 0.192862029711070 1.519870283811140
2  8 4 10 0.192862029711070 1.519870283811140
2  9 5 12 0.192862029711070 1.519870283811140
2  10 5 13 0.192862029711070 1.519870283811140
2  11 6 19 0.192862029711070 1.519870283811140
2  12 6 20 0.192862029711070 1.519870283811140
2  13 3 14 0.192862029711070 1.519870283811140
2  14 3 15 0.192862029711070 1.519870283811140
2  15 3 21 0.192862029711070 1.519870283811140
0

0101000
+8 17 -5 17 *
Ve
0.000000100000000
0.000000000000005 384.500000000000057 0.000000000000000
0 0

0101101
*
Ed
 0.000000100000000 1 1 0
1  3 0 1.519870283811140 1.570796326794896
0

0101000
+5 17 -3 17 *
Wi

0101000
-6 0 +4 0 +2 0 *

+1 1 