
CASCADE Topology V1, (c) Matra-Datavision
Locations 6
1
1.000000000000000 0.000000000000000 0.000000000000000 0.000000000000000 
0.000000000000000 1.000000000000000 0.000000000000000 0.000000000000000 
0.000000000000000 0.000000000000000 1.000000000000000 0.000000000000000 
1
1.000000000000000 0.000000000000000 0.000000000000000 0.000000000000000 
0.000000000000000 1.000000000000000 0.000000000000000 0.000000000000000 
0.000000000000000 0.000000000000000 1.000000000000000 18.000000000000000 
1
1.000000000000000 0.000000000000000 0.000000000000000 0.000000000000000 
0.000000000000000 1.000000000000000 0.000000000000000 0.000000000000000 
0.000000000000000 0.000000000000000 1.000000000000000 0.000000000000000 
1
1.000000000000000 0.000000000000000 0.000000000000000 0.000000000000000 
0.000000000000000 1.000000000000000 0.000000000000000 0.000000000000000 
0.000000000000000 0.000000000000000 1.000000000000000 0.000000000000000 
2  2 -1 3 1 4 -1 1 -1 0
2  3 1 4 -1 1 -1 0
Curve2ds 66
1 -6.28318530717958623 -18.00000000000000000 1.00000000000000000 0.00000000000000000 
1 -6.28318530717958623 0.00000000000000000 1.00000000000000000 0.00000000000000000 
2 -0.00000000000001316 0.00000000000002677 1.00000000000000000 0.00000000000000000 -0.00000000000000000 1.00000000000000000 349.17021174407386752
1 0.00000000000000000 0.00000000000000000 1.00000000000000000 0.00000000000000000 
1 0.00000000000000000 -18.00000000000000000 1.00000000000000000 0.00000000000000000 
2 255.70454913011639064 161.93962032611540280 1.00000000000000000 0.00000000000000000 -0.00000000000000000 1.00000000000000000 46.50000000000000000
1 0.00000000000000000 0.00000000000000000 1.00000000000000000 0.00000000000000000 
1 0.00000000000000000 -18.00000000000000000 1.00000000000000000 0.00000000000000000 
2 -0.00000000000001316 -549.44557738923845136 1.00000000000000000 0.00000000000000000 -0.00000000000000000 1.00000000000000000 802.44557738923845136
1 0.00000000000000000 0.00000000000000000 1.00000000000000000 0.00000000000000000 
1 0.00000000000000000 -18.00000000000000000 1.00000000000000000 0.00000000000000000 
1 3.14159265358979312 0.00000000000000000 -1.00000000000000000 0.00000000000000000 
1 3.14159265358979312 -18.00000000000000000 -1.00000000000000000 0.00000000000000000 
2 -0.00000000000001316 -549.44557738923845136 -1.00000000000000000 0.00000000000000000 0.00000000000000000 1.00000000000000000 802.44557738923845136
1 0.00000000000000000 0.00000000000000000 1.00000000000000000 0.00000000000000000 
1 0.00000000000000000 -18.00000000000000000 1.00000000000000000 0.00000000000000000 
2 -255.70454913011639064 161.93962032611540280 -1.00000000000000000 0.00000000000000000 0.00000000000000000 1.00000000000000000 46.50000000000000000
1 -6.28318530717958623 0.00000000000000000 1.00000000000000000 0.00000000000000000 
1 -6.28318530717958623 -18.00000000000000000 1.00000000000000000 0.00000000000000000 
2 -0.00000000000001316 0.00000000000002677 -1.00000000000000000 0.00000000000000000 0.00000000000000000 1.00000000000000000 349.17021174407386752
1 0.00000000000000000 0.00000000000000000 1.00000000000000000 0.00000000000000000 
1 0.00000000000000000 -18.00000000000000000 1.00000000000000000 0.00000000000000000 
1 7.33038285837618364 0.00000000000000000 -1.00000000000000000 0.00000000000000000 
1 7.33038285837618364 -18.00000000000000000 -1.00000000000000000 0.00000000000000000 
2 0.00000000000007211 -0.00000000000000165 -0.50000000000000056 0.86602540378443837 -0.86602540378443837 -0.50000000000000056 349.17021174407392436
1 0.00000000000000000 0.00000000000000000 1.00000000000000000 0.00000000000000000 
1 0.00000000000000000 -18.00000000000000000 1.00000000000000000 0.00000000000000000 
2 -268.09609964668106841 140.47682524686908323 -0.50000000000000056 0.86602540378443837 -0.86602540378443837 -0.50000000000000056 46.50000000000002842
1 0.00000000000000000 0.00000000000000000 1.00000000000000000 0.00000000000000000 
1 0.00000000000000000 -18.00000000000000000 1.00000000000000000 0.00000000000000000 
2 475.83382801608934187 274.72278869461956674 -0.50000000000000056 0.86602540378443837 -0.86602540378443837 -0.50000000000000056 802.44557738923867873
1 0.00000000000000000 0.00000000000000000 1.00000000000000000 0.00000000000000000 
1 0.00000000000000000 -18.00000000000000000 1.00000000000000000 0.00000000000000000 
1 3.14159265358979312 0.00000000000000000 -1.00000000000000000 0.00000000000000000 
1 3.14159265358979312 -18.00000000000000000 -1.00000000000000000 0.00000000000000000 
2 475.83382801608934187 274.72278869461956674 0.50000000000000056 -0.86602540378443837 -0.86602540378443837 -0.50000000000000056 802.44557738923867873
1 0.00000000000000000 0.00000000000000000 1.00000000000000000 0.00000000000000000 
1 0.00000000000000000 -18.00000000000000000 1.00000000000000000 0.00000000000000000 
2 -12.39155051656429585 -302.41644557298468499 0.50000000000000056 -0.86602540378443837 -0.86602540378443837 -0.50000000000000056 46.49999999999999289
1 -6.28318530717958623 0.00000000000000000 1.00000000000000000 0.00000000000000000 
1 -6.28318530717958623 -18.00000000000000000 1.00000000000000000 0.00000000000000000 
2 0.00000000000007211 -0.00000000000000165 0.50000000000000056 -0.86602540378443837 -0.86602540378443837 -0.50000000000000056 349.17021174407392436
1 0.00000000000000000 0.00000000000000000 1.00000000000000000 0.00000000000000000 
1 0.00000000000000000 -18.00000000000000000 1.00000000000000000 0.00000000000000000 
1 7.33038285837618542 0.00000000000000000 -1.00000000000000000 0.00000000000000000 
1 7.33038285837618542 -18.00000000000000000 -1.00000000000000000 0.00000000000000000 
2 0.00000000000000816 0.00000000000012625 -0.50000000000000033 -0.86602540378443860 0.86602540378443860 -0.50000000000000033 349.17021174407392436
1 0.00000000000000000 0.00000000000000000 1.00000000000000000 0.00000000000000000 
1 0.00000000000000000 -18.00000000000000000 1.00000000000000000 0.00000000000000000 
2 12.39155051656448769 -302.41644557298451446 -0.50000000000000033 -0.86602540378443860 0.86602540378443860 -0.50000000000000033 46.50000000000002842
1 0.00000000000000000 0.00000000000000000 1.00000000000000000 0.00000000000000000 
1 0.00000000000000000 -18.00000000000000000 1.00000000000000000 0.00000000000000000 
2 -475.83382801608922819 274.72278869461950990 -0.50000000000000033 -0.86602540378443860 0.86602540378443860 -0.50000000000000033 802.44557738923867873
1 0.00000000000000000 0.00000000000000000 1.00000000000000000 0.00000000000000000 
1 0.00000000000000000 -18.00000000000000000 1.00000000000000000 0.00000000000000000 
1 3.14159265358979312 -0.00000000000000000 -1.00000000000000000 0.00000000000000000 
1 3.14159265358979312 -18.00000000000000000 -1.00000000000000000 0.00000000000000000 
2 -475.83382801608922819 274.72278869461950990 0.50000000000000033 0.86602540378443860 0.86602540378443860 -0.50000000000000033 802.44557738923845136
1 0.00000000000000000 0.00000000000000000 1.00000000000000000 0.00000000000000000 
1 0.00000000000000000 -18.00000000000000000 1.00000000000000000 0.00000000000000000 
2 268.09609964668106841 140.47682524686925376 0.50000000000000033 0.86602540378443860 0.86602540378443860 -0.50000000000000033 46.50000000000000000
1 0.00000000000000000 0.00000000000000000 1.00000000000000000 0.00000000000000000 
1 0.00000000000000000 -18.00000000000000000 1.00000000000000000 0.00000000000000000 
1 7.33038285837618453 0.00000000000000000 -1.00000000000000000 0.00000000000000000 
1 7.33038285837618453 -18.00000000000000000 -1.00000000000000000 0.00000000000000000 
2 0.00000000000000816 0.00000000000012625 0.50000000000000033 0.86602540378443860 0.86602540378443860 -0.50000000000000033 349.17021174407392436
Curves 18
2 0.00000000000000000 0.00000000000000000 0.00000000000000000 0.00000000000000000 -0.00000000000000000 1.00000000000000000 1.00000000000000000 0.00000000000000000 0.00000000000000000 -0.00000000000000000 1.00000000000000000 0.00000000000000000 349.17021174407386752
2 255.70454913011639064 161.93962032611537438 0.00000000000000000 0.00000000000000000 -0.00000000000000000 1.00000000000000000 1.00000000000000000 0.00000000000000000 0.00000000000000000 -0.00000000000000000 1.00000000000000000 0.00000000000000000 46.50000000000000000
2 0.00000000000000000 -549.44557738923845136 0.00000000000000000 0.00000000000000000 -0.00000000000000000 1.00000000000000000 1.00000000000000000 0.00000000000000000 0.00000000000000000 -0.00000000000000000 1.00000000000000000 0.00000000000000000 802.44557738923845136
2 0.00000000000000000 -549.44557738923845136 0.00000000000000000 0.00000000000000000 0.00000000000000000 -1.00000000000000000 -1.00000000000000000 0.00000000000000000 0.00000000000000000 0.00000000000000000 1.00000000000000000 0.00000000000000000 802.44557738923845136
2 -255.70454913011639064 161.93962032611537438 0.00000000000000000 0.00000000000000000 0.00000000000000000 -1.00000000000000000 -1.00000000000000000 0.00000000000000000 0.00000000000000000 0.00000000000000000 1.00000000000000000 0.00000000000000000 46.50000000000000000
2 0.00000000000000000 0.00000000000000000 0.00000000000000000 0.00000000000000000 0.00000000000000000 -1.00000000000000000 -1.00000000000000000 0.00000000000000000 0.00000000000000000 0.00000000000000000 1.00000000000000000 0.00000000000000000 349.17021174407386752
2 0.00000000000008527 -0.00000000000002842 0.00000000000000000 0.00000000000000000 0.00000000000000000 1.00000000000000000 -0.50000000000000056 0.86602540378443837 0.00000000000000000 -0.86602540378443837 -0.50000000000000056 0.00000000000000000 349.17021174407392436
2 -268.09609964668106841 140.47682524686905481 0.00000000000000000 0.00000000000000000 0.00000000000000000 1.00000000000000000 -0.50000000000000056 0.86602540378443837 0.00000000000000000 -0.86602540378443837 -0.50000000000000056 0.00000000000000000 46.50000000000002132
2 475.83382801608934187 274.72278869461956674 0.00000000000000000 0.00000000000000000 0.00000000000000000 1.00000000000000000 -0.50000000000000056 0.86602540378443837 0.00000000000000000 -0.86602540378443837 -0.50000000000000056 0.00000000000000000 802.44557738923867873
2 475.83382801608934187 274.72278869461956674 0.00000000000000000 -0.00000000000000000 0.00000000000000000 -1.00000000000000000 0.50000000000000056 -0.86602540378443837 -0.00000000000000000 -0.86602540378443837 -0.50000000000000056 0.00000000000000000 802.44557738923867873
2 -12.39155051656428341 -302.41644557298468499 0.00000000000000000 -0.00000000000000000 0.00000000000000000 -1.00000000000000000 0.50000000000000056 -0.86602540378443837 -0.00000000000000000 -0.86602540378443837 -0.50000000000000056 0.00000000000000000 46.50000000000000711
2 0.00000000000008527 -0.00000000000002842 0.00000000000000000 -0.00000000000000000 0.00000000000000000 -1.00000000000000000 0.50000000000000056 -0.86602540378443837 -0.00000000000000000 -0.86602540378443837 -0.50000000000000056 0.00000000000000000 349.17021174407392436
2 0.00000000000002132 0.00000000000009948 0.00000000000000000 0.00000000000000000 0.00000000000000000 1.00000000000000000 -0.50000000000000033 -0.86602540378443860 0.00000000000000000 0.86602540378443860 -0.50000000000000033 0.00000000000000000 349.17021174407386752
2 12.39155051656450013 -302.41644557298451446 0.00000000000000000 0.00000000000000000 0.00000000000000000 1.00000000000000000 -0.50000000000000033 -0.86602540378443860 0.00000000000000000 0.86602540378443860 -0.50000000000000033 0.00000000000000000 46.50000000000000000
2 -475.83382801608922819 274.72278869461950990 0.00000000000000000 0.00000000000000000 0.00000000000000000 1.00000000000000000 -0.50000000000000033 -0.86602540378443860 0.00000000000000000 0.86602540378443860 -0.50000000000000033 0.00000000000000000 802.44557738923856505
2 -475.83382801608922819 274.72278869461950990 0.00000000000000000 0.00000000000000000 0.00000000000000000 -1.00000000000000000 0.50000000000000033 0.86602540378443860 0.00000000000000000 0.86602540378443860 -0.50000000000000033 0.00000000000000000 802.44557738923845136
2 268.09609964668106841 140.47682524686922534 0.00000000000000000 0.00000000000000000 0.00000000000000000 -1.00000000000000000 0.50000000000000033 0.86602540378443860 0.00000000000000000 0.86602540378443860 -0.50000000000000033 0.00000000000000000 46.49999999999999289
2 0.00000000000002132 0.00000000000009948 0.00000000000000000 0.00000000000000000 0.00000000000000000 -1.00000000000000000 0.50000000000000033 0.86602540378443860 0.00000000000000000 0.86602540378443860 -0.50000000000000033 0.00000000000000000 349.17021174407386752
Polygon3D 0
PolygonOnTriangulations 0
Surfaces 19
1 0.00000000000001316 -0.00000000000002677 0.00000000000000000 0.00000000000000000 0.00000000000000000 1.00000000000000000 1.00000000000000000 0.00000000000000000 -0.00000000000000000 -0.00000000000000000 1.00000000000000000 0.00000000000000000 
2 0.00000000000000000 0.00000000000000000 0.00000000000000000 -0.00000000000000000 -0.00000000000000000 -1.00000000000000000 1.00000000000000000 0.00000000000000000 0.00000000000000000 -0.00000000000000000 1.00000000000000000 -0.00000000000000000 349.17021174407386752
2 255.70454913011639064 161.93962032611537438 0.00000000000000000 -0.00000000000000000 -0.00000000000000000 -1.00000000000000000 1.00000000000000000 0.00000000000000000 0.00000000000000000 -0.00000000000000000 1.00000000000000000 -0.00000000000000000 46.50000000000000000
2 0.00000000000000000 -549.44557738923845136 0.00000000000000000 -0.00000000000000000 -0.00000000000000000 -1.00000000000000000 1.00000000000000000 0.00000000000000000 0.00000000000000000 -0.00000000000000000 1.00000000000000000 -0.00000000000000000 802.44557738923845136
2 0.00000000000000000 -549.44557738923845136 0.00000000000000000 0.00000000000000000 0.00000000000000000 -1.00000000000000000 -1.00000000000000000 0.00000000000000000 0.00000000000000000 0.00000000000000000 1.00000000000000000 0.00000000000000000 802.44557738923845136
2 -255.70454913011639064 161.93962032611537438 0.00000000000000000 0.00000000000000000 0.00000000000000000 -1.00000000000000000 -1.00000000000000000 0.00000000000000000 0.00000000000000000 0.00000000000000000 1.00000000000000000 0.00000000000000000 46.50000000000000000
2 0.00000000000000000 0.00000000000000000 0.00000000000000000 0.00000000000000000 0.00000000000000000 -1.00000000000000000 -1.00000000000000000 0.00000000000000000 0.00000000000000000 0.00000000000000000 1.00000000000000000 0.00000000000000000 349.17021174407386752
2 0.00000000000008527 -0.00000000000002842 0.00000000000000000 -0.00000000000000000 -0.00000000000000000 -1.00000000000000000 -0.50000000000000056 0.86602540378443837 0.00000000000000000 -0.86602540378443837 -0.50000000000000056 0.00000000000000000 349.17021174407392436
2 -268.09609964668106841 140.47682524686905481 0.00000000000000000 -0.00000000000000000 -0.00000000000000000 -1.00000000000000000 -0.50000000000000056 0.86602540378443837 0.00000000000000000 -0.86602540378443837 -0.50000000000000056 0.00000000000000000 46.50000000000002132
2 475.83382801608934187 274.72278869461956674 0.00000000000000000 -0.00000000000000000 -0.00000000000000000 -1.00000000000000000 -0.50000000000000056 0.86602540378443837 0.00000000000000000 -0.86602540378443837 -0.50000000000000056 0.00000000000000000 802.44557738923867873
2 475.83382801608934187 274.72278869461956674 0.00000000000000000 0.00000000000000000 -0.00000000000000000 -1.00000000000000000 0.50000000000000056 -0.86602540378443837 0.00000000000000000 -0.86602540378443837 -0.50000000000000056 0.00000000000000000 802.44557738923867873
2 -12.39155051656428341 -302.41644557298468499 0.00000000000000000 0.00000000000000000 -0.00000000000000000 -1.00000000000000000 0.50000000000000056 -0.86602540378443837 0.00000000000000000 -0.86602540378443837 -0.50000000000000056 0.00000000000000000 46.50000000000000711
2 0.00000000000008527 -0.00000000000002842 0.00000000000000000 0.00000000000000000 -0.00000000000000000 -1.00000000000000000 0.50000000000000056 -0.86602540378443837 0.00000000000000000 -0.86602540378443837 -0.50000000000000056 0.00000000000000000 349.17021174407392436
2 0.00000000000002132 0.00000000000009948 0.00000000000000000 -0.00000000000000000 -0.00000000000000000 -1.00000000000000000 -0.50000000000000033 -0.86602540378443860 0.00000000000000000 0.86602540378443860 -0.50000000000000033 -0.00000000000000000 349.17021174407386752
2 12.39155051656450013 -302.41644557298451446 0.00000000000000000 -0.00000000000000000 -0.00000000000000000 -1.00000000000000000 -0.50000000000000033 -0.86602540378443860 0.00000000000000000 0.86602540378443860 -0.50000000000000033 -0.00000000000000000 46.50000000000000000
2 -475.83382801608922819 274.72278869461950990 0.00000000000000000 -0.00000000000000000 -0.00000000000000000 -1.00000000000000000 -0.50000000000000033 -0.86602540378443860 0.00000000000000000 0.86602540378443860 -0.50000000000000033 -0.00000000000000000 802.44557738923856505
2 -475.83382801608922819 274.72278869461950990 0.00000000000000000 0.00000000000000000 0.00000000000000000 -1.00000000000000000 0.50000000000000033 0.86602540378443860 0.00000000000000000 0.86602540378443860 -0.50000000000000033 0.00000000000000000 802.44557738923845136
2 268.09609964668106841 140.47682524686922534 0.00000000000000000 0.00000000000000000 0.00000000000000000 -1.00000000000000000 0.50000000000000033 0.86602540378443860 0.00000000000000000 0.86602540378443860 -0.50000000000000033 0.00000000000000000 46.49999999999999289
2 0.00000000000002132 0.00000000000009948 0.00000000000000000 0.00000000000000000 0.00000000000000000 -1.00000000000000000 0.50000000000000033 0.86602540378443860 0.00000000000000000 0.86602540378443860 -0.50000000000000033 0.00000000000000000 349.17021174407386752
Triangulations 0

TShapes 38
Ve
0.000000100000000
302.390273615159629 174.585105872036678 0.000000000000000
0 0

0101101
*
Ve
0.000000100000000
294.989094067774090 186.818819047962450 0.000000000000000
0 0

0101101
*
Ed
 0.000000100000000 1 1 0
1  1 0 6.806784082777884 6.847736295201389
2  1 2 5 6.806784082777884 6.847736295201389
2  2 2 6 6.806784082777884 6.847736295201389
2  3 1 0 6.806784082777884 6.847736295201389
0

0101000
+38 0 -37 0 *
Ve
0.000000100000000
271.433540594839371 205.698606003375659 0.000000000000000
0 0

0101101
*
Ed
 0.000000100000000 1 1 0
1  2 0 6.847736295201390 7.508916597287877
2  4 3 6 6.847736295201390 7.508916597287877
2  5 3 5 6.847736295201390 7.508916597287877
2  6 1 0 6.847736295201390 7.508916597287877
0

0101000
+37 0 -35 0 *
Ve
0.000000100000000
0.000000000000049 253.000000000000000 0.000000000000000
0 0

0101101
*
Ed
 0.000000100000000 1 1 0
1  3 0 1.225731290108291 1.570796326794897
2  7 4 6 1.225731290108291 1.570796326794897
2  8 4 5 1.225731290108291 1.570796326794897
2  9 1 0 1.225731290108291 1.570796326794897
0

0101000
+35 0 -33 0 *
Ve
0.000000100000000
-271.433540594839428 205.698606003375517 0.000000000000000
0 0

0101101
*
Ed
 0.000000100000000 1 1 0
1  4 0 1.225731290108291 1.570796326794897
2  10 5 6 1.225731290108291 1.570796326794897
2  11 5 5 1.225731290108291 1.570796326794897
2  12 4 6 1.225731290108291 1.570796326794897
2  13 4 5 1.225731290108291 1.570796326794897
2  14 1 0 1.225731290108291 1.570796326794897
0

0101000
+31 0 -33 0 *
Ve
0.000000100000000
-294.989094067773976 186.818819047962535 0.000000000000000
0 0

0101101
*
Ed
 0.000000100000000 1 1 0
1  5 0 6.847736295201390 7.508916597287877
2  15 6 6 6.847736295201390 7.508916597287877
2  16 6 5 6.847736295201390 7.508916597287877
2  17 1 0 6.847736295201390 7.508916597287877
0

0101000
+29 0 -31 0 *
Ve
0.000000100000000
-302.390273615159515 174.585105872036934 0.000000000000000
0 0

0101101
*
Ed
 0.000000100000000 1 1 0
1  6 0 6.806784082777885 6.847736295201389
2  18 7 6 6.806784082777885 6.847736295201389
2  19 7 5 6.806784082777885 6.847736295201389
2  20 1 0 6.806784082777885 6.847736295201389
0

0101000
+27 0 -29 0 *
Ve
0.000000100000000
-309.284390234430703 162.058639778068368 0.000000000000000
0 0

0101101
*
Ed
 0.000000100000000 1 1 0
1  7 0 6.806784082777884 6.847736295201389
2  21 8 6 6.806784082777884 6.847736295201389
2  22 8 5 6.806784082777884 6.847736295201389
2  23 7 6 6.806784082777884 6.847736295201389
2  24 7 5 6.806784082777884 6.847736295201389
2  25 1 0 6.806784082777884 6.847736295201389
0

0101000
+27 0 -25 0 *
Ve
0.000000100000000
-313.856988619389369 132.219038592597599 0.000000000000000
0 0

0101101
*
Ed
 0.000000100000000 1 1 0
1  8 0 6.847736295201389 7.508916597287877
2  26 9 6 6.847736295201389 7.508916597287877
2  27 9 5 6.847736295201389 7.508916597287877
2  28 1 0 6.847736295201389 7.508916597287877
0

0101000
+25 0 -23 0 *
Ve
0.000000100000000
-219.104427157462851 -126.500000000000171 0.000000000000000
0 0

0101101
*
Ed
 0.000000100000000 1 1 0
1  9 0 1.225731290108291 1.570796326794897
2  29 10 6 1.225731290108291 1.570796326794897
2  30 10 5 1.225731290108291 1.570796326794897
2  31 1 0 1.225731290108291 1.570796326794897
0

0101000
+23 0 -21 0 *
Ve
0.000000100000000
-42.423448024549316 -337.917644595973798 0.000000000000000
0 0

0101101
*
Ed
 0.000000100000000 1 1 0
1  10 0 1.225731290108291 1.570796326794897
2  32 11 6 1.225731290108291 1.570796326794897
2  33 11 5 1.225731290108291 1.570796326794897
2  34 10 6 1.225731290108291 1.570796326794897
2  35 10 5 1.225731290108291 1.570796326794897
2  36 1 0 1.225731290108291 1.570796326794897
0

0101000
+19 0 -21 0 *
Ve
0.000000100000000
-14.295296166656396 -348.877458826031102 0.000000000000000
0 0

0101101
*
Ed
 0.000000100000000 1 1 0
1  11 0 6.847736295201389 7.508916597287877
2  37 12 6 6.847736295201389 7.508916597287877
2  38 12 5 6.847736295201389 7.508916597287877
2  39 1 0 6.847736295201389 7.508916597287877
0

0101000
+17 0 -19 0 *
Ve
0.000000100000000
-0.000000000000028 -349.170211744073981 0.000000000000000
0 0

0101101
*
Ed
 0.000000100000000 1 1 0
1  12 0 6.806784082777886 6.847736295201389
2  40 13 6 6.806784082777886 6.847736295201389
2  41 13 5 6.806784082777886 6.847736295201389
2  42 1 0 6.806784082777886 6.847736295201389
0

0101000
+15 0 -17 0 *
Ve
0.000000100000000
14.295296166656549 -348.877458826030988 0.000000000000000
0 0

0101101
*
Ed
 0.000000100000000 1 1 0
1  13 0 6.806784082777885 6.847736295201389
2  43 14 6 6.806784082777885 6.847736295201389
2  44 14 5 6.806784082777885 6.847736295201389
2  45 13 6 6.806784082777885 6.847736295201389
2  46 13 5 6.806784082777885 6.847736295201389
2  47 1 0 6.806784082777885 6.847736295201389
0

0101000
+15 0 -13 0 *
Ve
0.000000100000000
42.423448024549813 -337.917644595973400 0.000000000000000
0 0

0101101
*
Ed
 0.000000100000000 1 1 0
1  14 0 6.847736295201389 7.508916597287877
2  48 15 6 6.847736295201389 7.508916597287877
2  49 15 5 6.847736295201389 7.508916597287877
2  50 1 0 6.847736295201389 7.508916597287877
0

0101000
+13 0 -11 0 *
Ve
0.000000100000000
219.104427157463078 -126.500000000000114 0.000000000000000
0 0

0101101
*
Ed
 0.000000100000000 1 1 0
1  15 0 1.225731290108291 1.570796326794897
2  51 16 6 1.225731290108291 1.570796326794897
2  52 16 5 1.225731290108291 1.570796326794897
2  53 1 0 1.225731290108291 1.570796326794897
0

0101000
+11 0 -9 0 *
Ve
0.000000100000000
313.856988619389199 132.219038592597911 0.000000000000000
0 0

0101101
*
Ed
 0.000000100000000 1 1 0
1  16 0 1.225731290108291 1.570796326794897
2  54 17 6 1.225731290108291 1.570796326794897
2  55 17 5 1.225731290108291 1.570796326794897
2  56 16 6 1.225731290108291 1.570796326794897
2  57 16 5 1.225731290108291 1.570796326794897
2  58 1 0 1.225731290108291 1.570796326794897
0

0101000
+7 0 -9 0 *
Ve
0.000000100000000
309.284390234430816 162.058639778068510 0.000000000000000
0 0

0101101
*
Ed
 0.000000100000000 1 1 0
1  17 0 6.847736295201389 7.508916597287877
2  59 18 6 6.847736295201389 7.508916597287877
2  60 18 5 6.847736295201389 7.508916597287877
2  61 1 0 6.847736295201389 7.508916597287877
0

0101000
+5 0 -7 0 *
Ed
 0.000000100000000 1 1 0
1  18 0 6.806784082777885 6.847736295201389
2  62 19 6 6.806784082777885 6.847736295201389
2  63 19 5 6.806784082777885 6.847736295201389
2  64 2 6 6.806784082777885 6.847736295201389
2  65 2 5 6.806784082777885 6.847736295201389
2  66 1 0 6.806784082777885 6.847736295201389
0

0101000
+38 0 -5 0 *
Wi

0101100
+36 0 +34 0 +32 0 -30 0 -28 0 -26 0 +24 0 +22 0 +20 0 -18 0 
-16 0 -14 0 +12 0 +10 0 +8 0 -6 0 -4 0 -3 0 *
Fa
0  0.000000100000000 1 0

0101000
+2 0 *

+1 1 