
CASCADE Topology V1, (c) Matra-Datavision
Locations 23
1
1.000000000000000 0.000000000000000 0.000000000000000 0.000000000000000 
0.000000000000000 1.000000000000000 0.000000000000000 0.000000000000000 
0.000000000000000 0.000000000000000 1.000000000000000 0.000000000000000 
1
1.000000000000000 0.000000000000000 0.000000000000000 0.000000000000000 
0.000000000000000 1.000000000000000 0.000000000000000 0.000000000000000 
0.000000000000000 0.000000000000000 1.000000000000000 0.000000000000000 
1
1.000000000000000 0.000000000000000 0.000000000000000 0.000000000000000 
0.000000000000000 1.000000000000000 0.000000000000000 0.000000000000000 
0.000000000000000 0.000000000000000 1.000000000000000 0.000000000000000 
1
1.000000000000000 0.000000000000000 0.000000000000000 0.000000000000000 
0.000000000000000 1.000000000000000 0.000000000000000 0.000000000000000 
0.000000000000000 0.000000000000000 1.000000000000000 0.000000000000000 
1
1.000000000000000 0.000000000000000 0.000000000000000 0.000000000000000 
0.000000000000000 1.000000000000000 0.000000000000000 0.000000000000000 
0.000000000000000 0.000000000000000 1.000000000000000 0.000000000000000 
2  2 1 3 -1 4 1 5 -1 0
2  4 1 5 -1 0
1
1.000000000000000 0.000000000000000 0.000000000000000 0.000000000000000 
0.000000000000000 1.000000000000000 0.000000000000000 0.000000000000000 
0.000000000000000 0.000000000000000 1.000000000000000 0.000000000000000 
2  8 -1 5 1 4 -1 0
2  8 -1 5 1 4 -1 3 1 2 -1 0
1
1.000000000000000 0.000000000000000 0.000000000000000 0.000000000000000 
0.000000000000000 1.000000000000000 0.000000000000000 0.000000000000000 
0.000000000000000 0.000000000000000 1.000000000000000 200.000000000000000 
2  11 1 2 1 3 -1 4 1 5 -1 0
2  8 -1 5 1 4 -1 3 1 2 -1 11 -1 0
1
1.000000000000000 0.000000000000000 0.000000000000000 12.990381056766598 
0.000000000000000 1.000000000000000 0.000000000000000 7.500000000000012 
0.000000000000000 0.000000000000000 1.000000000000000 179.999999999997669 
2  8 -1 0
1
1.000000000000000 0.000000000000000 0.000000000000000 12.990381056766582 
0.000000000000000 1.000000000000000 0.000000000000000 7.500000000000003 
0.000000000000000 0.000000000000000 1.000000000000000 14.999999999996728 
1
1.000000000000000 0.000000000000000 0.000000000000000 12.990381056766591 
0.000000000000000 1.000000000000000 0.000000000000000 7.500000000000008 
0.000000000000000 0.000000000000000 1.000000000000000 97.499999999996675 
2  2 1 3 -1 0
2  11 1 2 1 3 -1 0
2  11 -1 0
2  8 -1 14 -1 0
2  8 -1 16 -1 0
2  8 -1 17 -1 0
Curve2ds 44
1 6.80678408278947700 0.00000000000000000 0.00000000000000000 -1.00000000000000000 
1 6.28318530717958623 6.00000000017389645 -1.00000000000000000 0.00000000000000000 
1 6.28318530717958623 6.00000000017389468 -1.00000000000000000 0.00000000000000000 
1 6.28318530717958623 6.00000000017389468 -1.00000000000000000 0.00000000000000000 
7 0 0  5 6 2  6.80678408278947700 -0.61779711402600579  6.59734457255042361 -0.61655892616669539  6.38790506231137556 -0.61588172745132042  6.17846555207232839 -0.61588172745128755  5.96902604183326435 -0.61655892616660157  5.75958653159421097 -0.61779711402585857 
 5.75958653156950184 6 6.80678408276476787 6
7 0 0  6 7 2  5.75958653159426515 -20.38562764603577904  5.32325421859351966 -20.38820720407591480  4.88692190559254414 -20.39311559029806631  4.45058959259301901 -20.39954628095256339  4.01425727959042433 -20.40499980461027008  3.57792496659053860 -20.40769120030454431  3.14159265358979312 -20.40769120030454431 
 0.52359877558531853 7 3.14159265358979045 7
7 0 0  6 7 2  3.14159265358979312 -20.40769120030472195  2.70526034059310172 -20.40769120030472195  2.26892802759458334 -20.40499980461072482  1.83259571460163784 -20.39954628095301814  1.39626340160251061 -20.39311559029874843  0.95993108860633747 -20.38820720407631981  0.52359877560964607 -20.38562764603609878 
 3.14159265358979045 7 5.75958653156993883 7
7 0 0  7 8 2  3.14159265358979312 -20.44316266959545203  2.76759352816409310 -20.44316266959545203  2.39359440273904056 -20.43544333315639960  2.01959527731105482 -20.42001634126427234  1.64559615188818498 -20.39947452457454347  1.27159702646065398 -20.37928025277415145  0.89759790103559245 -20.36375265151601610  0.52359877560989221 -20.35490845252097358 
 3.14159265358979045 8 5.75958653156969191 8
7 0 0  7 8 2  5.75958653159445966 -20.35490845252020975  5.38558740616522158 -20.36375265151495739  5.01158828073630502 -20.37928025277415145  4.63758915530524973 -20.39947452456726751  4.26359002987737767 -20.42001634126063436  3.88959090444768663 -20.43544333315912809  3.51559177901903119 -20.44316266959527439  3.14159265358979312 -20.44316266959527439 
 0.52359877558512480 8 3.14159265358979045 8
7 0 0  5 6 2  6.80678408278947611 -0.58707792051088137  6.59734457255042273 -0.58212516907363998  6.38790506231137023 -0.57941637421213699  6.17846555207232129 -0.57941637421200554  5.96902604183326435 -0.58212516907326484  5.75958653159421097 -0.58707792051029262 
 5.75958653156950540 6 6.80678408276477054 6
1 0.00000000000000000 -200.00000000000000000 1.00000000000000000 0.00000000000000000 
1 6.28318530717958623 0.00000000000000000 -1.00000000000000000 0.00000000000000000 
1 5.75958653159421186 0.00000000000000000 0.00000000000000000 -1.00000000000000000 
1 -0.52359877560989077 0.00000000000000000 0.00000000000000000 1.00000000000000000 
1 6.28318530717958623 5.70000000017389574 -1.00000000000000000 0.00000000000000000 
1 6.28318530717958623 0.00000000000000000 0.00000000000000000 1.00000000000000000 
1 0.00000000000000000 0.00000000000000000 0.00000000000000000 1.00000000000000000 
1 6.28318530717958623 5.70000000017389663 -1.00000000000000000 0.00000000000000000 
1 6.28318530717958623 5.70000000017389397 -1.00000000000000000 0.00000000000000000 
1 5.75958653159447742 0.00000000000000000 0.00000000000000000 -1.00000000000000000 
1 0.00000000000000000 -200.00000000000000000 1.00000000000000000 0.00000000000000000 
1 6.28318530717958623 0.00000000000000000 -1.00000000000000000 0.00000000000000000 
1 3.14159265358979312 0.00000000000000000 0.00000000000000000 -1.00000000000000000 
1 3.14159265358979312 0.00000000000000000 0.00000000000000000 -1.00000000000000000 
1 0.00000000000000000 -200.00000000000000000 1.00000000000000000 0.00000000000000000 
1 6.28318530717958623 0.00000000000000000 -1.00000000000000000 0.00000000000000000 
1 0.52359877560987156 0.00000000000000000 0.00000000000000000 -1.00000000000000000 
1 6.28318530717958623 3.00000000017377522 -1.00000000000000000 0.00000000000000000 
1 6.28318530717958623 3.00000000017377522 -1.00000000000000000 0.00000000000000000 
1 6.28318530717958623 3.00000000017377522 -1.00000000000000000 0.00000000000000000 
1 6.28318530717958623 2.70000000017377539 -1.00000000000000000 0.00000000000000000 
1 6.28318530717958623 2.70000000017377539 -1.00000000000000000 0.00000000000000000 
1 6.28318530717958623 2.70000000017377539 -1.00000000000000000 0.00000000000000000 
1 3.14159265358979312 0.00000000000000000 0.00000000000000000 -1.00000000000000000 
1 6.28318530717958623 1.00000000000000000 -1.00000000000000000 0.00000000000000000 
1 5.75958653159447742 0.00000000000000000 0.00000000000000000 -1.00000000000000000 
1 6.28318530717958623 1.00000000000000000 -1.00000000000000000 0.00000000000000000 
1 6.80678408278947700 0.00000000000000000 0.00000000000000000 -1.00000000000000000 
1 6.28318530717958623 1.00000000000000000 -1.00000000000000000 0.00000000000000000 
1 0.52359877558537438 0.00000000000000000 0.00000000000000000 1.00000000000000000 
1 0.52359877558510881 0.00000000000000000 0.00000000000000000 1.00000000000000000 
1 3.14159265358979312 0.00000000000000000 0.00000000000000000 1.00000000000000000 
1 3.14159265358979312 0.00000000000000000 0.00000000000000000 1.00000000000000000 
1 5.75958653156971501 0.00000000000000000 0.00000000000000000 1.00000000000000000 
Curves 72
1 245.36413678110804426 148.58925365416661180 17.56893049308850152 -0.86451594973943058 -0.49912851631414523 -0.05901607279521936 
1 18.65063509439788447 17.69615242291823876 0.00000000000000000 0.00000000000000000 0.00000000000000000 1.00000000000000000 
1 -2.95000000006864038 5.22501993612730331 0.00000000000000000 0.00000000000000000 0.00000000000000000 1.00000000000000000 
1 -3.00000000006821210 5.19615242266729638 0.00000000000000000 0.86602540377864345 0.50000000001003753 0.00000000000000000 
2 9.99038105667965048 12.69615242285724221 179.99999999999766942 -0.50000000000000000 0.86602540378443871 -0.00000000000000010 0.00000000000000021 0.00000000000000000 -1.00000000000000000 -0.86602540378443871 -0.50000000000000000 -0.00000000000000018 1.69999999999999996
2 9.99038105667963450 12.69615242285723156 14.99999999999672795 -0.50000000000000000 0.86602540378443871 -0.00000000000000010 0.00000000000000021 0.00000000000000000 -1.00000000000000000 -0.86602540378443871 -0.50000000000000000 -0.00000000000000018 1.69999999999999996
2 9.99038105667964338 12.69615242285723689 97.49999999999667466 -0.50000000000000000 0.86602540378443871 -0.00000000000000010 0.00000000000000021 0.00000000000000000 -1.00000000000000000 -0.86602540378443871 -0.50000000000000000 -0.00000000000000018 1.69999999999999996
3 -3.00000000006965362 5.31162247650518449 0.62803684519771386 0.00000000000000030 0.11742029552702883 -0.99308230988088053 -0.00000000000000255 -0.99308230988088053 -0.11742029552702883 -1.00000000000000000 0.00000000000000257 0.00000000000000000 0.10069658779038661 0.10000000000000001
1 103.33573112818166351 -56.19681056684443377 -6.64461146752961973 -0.86451594975188895 0.49912851629286409 0.05901607279270258 
3 -292.57543222076617440 172.49807621476409736 20.39586737720763310 0.00000000000000030 0.11742029552702883 -0.99308230988088053 -0.00000000000000255 -0.99308230988088053 -0.11742029552702883 -1.00000000000000000 0.00000000000000257 0.00000000000000000 0.10069658779038661 0.10000000000000001
1 478.60590598285557462 172.59807621476406325 20.40769120030477524 1.00000000000000000 0.00000000000000000 0.00000000000000030 
3 292.57543220399219308 172.49807621476406894 20.39586737720781073 0.00000000000000030 0.11742029552702883 -0.99308230988088053 -0.00000000000000255 -0.99308230988088053 -0.11742029552702883 -1.00000000000000000 0.00000000000000257 0.00000000000000000 0.10069658779038661 0.10000000000000001
1 247.60228471676086315 146.41734735217309549 17.31212813411013585 -0.86451594973943435 -0.49912851631413874 -0.05901607279521859 
1 83.05467225828861899 -140.39081053832831003 -16.59956108237082972 0.49739913284789589 -0.86152056971021251 -0.10186466810603172 
1 247.75385202034550503 146.15844461418427613 17.28151593237727823 -0.86451594973943435 -0.49912851631413874 -0.05901607279521859 
3 292.57543220399219308 172.49807621476406894 20.39586737720781073 0.00000000000000030 0.11742029552702883 -0.99308230988088053 -0.00000000000000255 -0.99308230988088053 -0.11742029552702883 -1.00000000000000000 0.00000000000000257 0.00000000000000000 0.40278635116154643 0.40000000000000002
1 478.60590598285557462 172.89807621476407462 20.44316266959550887 1.00000000000000000 0.00000000000000000 0.00000000000000030 
3 -292.57543222076617440 172.49807621476409736 20.39586737720763310 0.00000000000000030 0.11742029552702883 -0.99308230988088053 -0.00000000000000255 -0.99308230988088053 -0.11742029552702883 -1.00000000000000000 0.00000000000000257 0.00000000000000000 0.40278635116154643 0.40000000000000002
1 103.18416382460350178 -56.45571330483701900 -6.67522366926291788 -0.86451594975188895 0.49912851629286409 0.05901607279270258 
3 -3.00000000006965362 5.31162247650518449 0.62803684519771386 0.00000000000000030 0.11742029552702883 -0.99308230988088053 -0.00000000000000255 -0.99308230988088053 -0.11742029552702883 -1.00000000000000000 0.00000000000000257 0.00000000000000000 0.40278635116154643 0.40000000000000002
1 245.51570408469271456 148.33035091617779244 17.53831829135564746 -0.86451594973943058 -0.49912851631414523 -0.05901607279521936 
1 102.53278674858073316 -127.59199608643865531 -15.08625190307756725 -0.49739913284789400 0.86152056971021373 0.10186466810603187 
1 18.80063509440089220 17.43634480178464585 0.00000000000000000 0.00000000000000000 0.00000000000000000 1.00000000000000000 
6 0 1 18.65063509439788447 17.69615242291823876 200.00000000000000000  18.80063509440089220 17.43634480178464585 200.00000000000000000  
2 -3.00000000006965362 5.31162247650518449 0.00000000000000000 -0.00000000000000000 0.00000000000000000 1.00000000000000000 0.00000000000018768 -1.00000000000000000 0.00000000000000000 1.00000000000000000 0.00000000000018768 0.00000000000000000 0.10000000000000001
1 -3.05000000006862138 5.22501993612610249 0.00000000000000000 0.00000000000000000 0.00000000000000000 1.00000000000000000 
6 0 1 -2.95000000006864038 5.22501993612730331 200.00000000000000000  -2.80000000006562910 4.96521231499371041 200.00000000000000000  
1 -2.85000000006520082 4.93634480153370347 200.00000000000000000 0.86602540377864345 0.50000000001003753 0.00000000000000000 
2 10.14038105667965084 12.43634480172191026 179.99999999999766942 -0.50000000000000000 0.86602540378443871 -0.00000000000000010 0.00000000000000021 0.00000000000000000 -1.00000000000000000 -0.86602540378443871 -0.50000000000000000 -0.00000000000000018 1.69999999999999996
1 0.00000000000000035 0.00000000000000000 -1.69999999999999996 -0.50000000000000000 0.86602540378443871 -0.00000000000000004 
2 10.14038105667963308 12.43634480172190138 14.99999999999672795 -0.50000000000000000 0.86602540378443871 -0.00000000000000010 0.00000000000000021 0.00000000000000000 -1.00000000000000000 -0.86602540378443871 -0.50000000000000000 -0.00000000000000018 1.69999999999999996
1 0.00000000000000035 0.00000000000000000 -1.69999999999999996 -0.50000000000000000 0.86602540378443871 -0.00000000000000004 
2 10.14038105667964373 12.43634480172190493 97.49999999999667466 -0.50000000000000000 0.86602540378443871 -0.00000000000000010 0.00000000000000021 0.00000000000000000 -1.00000000000000000 -0.86602540378443871 -0.50000000000000000 -0.00000000000000018 1.69999999999999996
1 0.00000000000000035 0.00000000000000000 -1.69999999999999996 -0.50000000000000000 0.86602540378443871 -0.00000000000000004 
1 -292.94863730153292636 172.59807621476403483 0.00000000000000000 0.86602540379099457 -0.49999999998864469 0.00000000000000000 
1 -292.62543222076510574 172.41147367438492211 0.00000000000000000 0.00000000000000000 0.00000000000000000 1.00000000000000000 
2 -292.57543222076617440 172.49807621476409736 0.00000000000000000 -0.00000000000000000 0.00000000000000000 1.00000000000000000 0.00000000000000012 -1.00000000000000000 0.00000000000000000 1.00000000000000000 0.00000000000000012 0.00000000000000000 0.10000000000000001
1 -292.57543222076617440 172.59807621476406325 0.00000000000000000 0.00000000000000000 0.00000000000000000 1.00000000000000000 
1 292.94863728474035725 172.59807621476406325 0.00000000000000000 -1.00000000000000000 0.00000000000000000 0.00000000000000000 
1 292.57543220399219308 172.59807621476406325 0.00000000000000000 0.00000000000000000 0.00000000000000000 1.00000000000000000 
2 292.57543220399219308 172.49807621476406894 0.00000000000000000 -0.00000000000000000 0.00000000000000000 1.00000000000000000 0.00000000000001044 -1.00000000000000000 0.00000000000000000 1.00000000000000000 0.00000000000001044 0.00000000000000000 0.10000000000000001
1 292.62543220399317079 172.41147367438620108 0.00000000000000000 0.00000000000000000 0.00000000000000000 1.00000000000000000 
1 0.00000000000000001 3.46410161516095982 0.00000000000000000 0.00000000000000000 0.00000000000000000 1.00000000000000000 
1 0.00000000000000001 3.46410161516095982 0.00000000000000000 0.86602540377864723 0.50000000001003098 0.00000000000000000 
2 11.49038105667971088 10.09807621150382140 179.99999999999766942 -0.50000000000000000 0.86602540378443871 -0.00000000000000010 0.00000000000000021 0.00000000000000000 -1.00000000000000000 -0.86602540378443871 -0.50000000000000000 -0.00000000000000018 1.69999999999999996
2 11.49038105667969489 10.09807621150381252 14.99999999999672795 -0.50000000000000000 0.86602540378443871 -0.00000000000000010 0.00000000000000021 0.00000000000000000 -1.00000000000000000 -0.86602540378443871 -0.50000000000000000 -0.00000000000000018 1.69999999999999996
2 11.49038105667970378 10.09807621150381785 97.49999999999667466 -0.50000000000000000 0.86602540378443871 -0.00000000000000010 0.00000000000000021 0.00000000000000000 -1.00000000000000000 -0.86602540378443871 -0.50000000000000000 -0.00000000000000018 1.69999999999999996
6 0 1 0.00000000000000001 3.46410161516095982 200.00000000000000000  0.15000000000300928 3.20429399402736559 200.00000000000000000  
1 0.15000000000300928 3.20429399402736559 0.00000000000000000 0.00000000000000000 0.00000000000000000 1.00000000000000000 
1 292.77543220399621759 172.15166605325259752 0.00000000000000000 0.00000000000000000 0.00000000000000000 1.00000000000000000 
1 0.15000000000300928 3.20429399402736559 200.00000000000000000 0.86602540377864723 0.50000000001003098 0.00000000000000000 
2 11.64038105667970946 9.83826859036848944 179.99999999999766942 -0.50000000000000000 0.86602540378443871 -0.00000000000000010 0.00000000000000021 0.00000000000000000 -1.00000000000000000 -0.86602540378443871 -0.50000000000000000 -0.00000000000000018 1.69999999999999996
2 11.64038105667969347 9.83826859036848056 14.99999999999672795 -0.50000000000000000 0.86602540378443871 -0.00000000000000010 0.00000000000000021 0.00000000000000000 -1.00000000000000000 -0.86602540378443871 -0.50000000000000000 -0.00000000000000018 1.69999999999999996
2 11.64038105667970235 9.83826859036848589 97.49999999999667466 -0.50000000000000000 0.86602540378443871 -0.00000000000000010 0.00000000000000021 0.00000000000000000 -1.00000000000000000 -0.86602540378443871 -0.50000000000000000 -0.00000000000000018 1.69999999999999996
1 292.57543220399219308 172.89807621476407462 0.00000000000000000 0.00000000000000000 0.00000000000000000 1.00000000000000000 
2 292.57543220399219308 172.49807621476406894 200.00000000000000000 -0.00000000000000000 0.00000000000000000 1.00000000000000000 0.00000000000001044 -1.00000000000000000 0.00000000000000000 1.00000000000000000 0.00000000000001044 0.00000000000000000 0.40000000000000002
1 -292.57543222076617440 172.89807621476410304 0.00000000000000000 0.00000000000000000 0.00000000000000000 1.00000000000000000 
1 292.94863728474035725 172.89807621476407462 200.00000000000000000 -1.00000000000000000 0.00000000000000000 0.00000000000000000 
1 -292.77543222076167240 172.15166605324762372 0.00000000000000000 0.00000000000000000 0.00000000000000000 1.00000000000000000 
2 -292.57543222076617440 172.49807621476409736 200.00000000000000000 -0.00000000000000000 0.00000000000000000 1.00000000000000000 0.00000000000000012 -1.00000000000000000 0.00000000000000000 1.00000000000000000 0.00000000000000012 0.00000000000000000 0.40000000000000002
1 -3.20000000006511165 4.96521231498878635 0.00000000000000000 0.00000000000000000 0.00000000000000000 1.00000000000000000 
1 -293.09863730152949302 172.33826859362673645 200.00000000000000000 0.86602540379099457 -0.49999999998864469 0.00000000000000000 
1 -2.80000000006562910 4.96521231499371041 0.00000000000000000 0.00000000000000000 0.00000000000000000 1.00000000000000000 
2 -3.00000000006965362 5.31162247650518449 200.00000000000000000 -0.00000000000000000 0.00000000000000000 1.00000000000000000 0.00000000000018768 -1.00000000000000000 0.00000000000000000 1.00000000000000000 0.00000000000018768 0.00000000000000000 0.40000000000000002
7 0 0  1 2 2  -3.05000000006851790 5.22501993612608562 200.00000000000000000  -3.20000000006511165 4.96521231498878635 200.00000000000000000 
 0.00000000000000000 2 1.00000000000000000 2
6 0 1 -292.62543222076510574 172.41147367438492211 200.00000000000000000  -292.77543222076167240 172.15166605324762372 200.00000000000000000  
7 0 0  1 2 2  -292.57543222076623124 172.59807621476403483 200.00000000000000000  -292.57543222076623124 172.89807621476407462 200.00000000000000000 
 0.00000000000000000 2 1.00000000000000000 2
6 0 1 292.57543220399219308 172.59807621476406325 200.00000000000000000  292.57543220399219308 172.89807621476407462 200.00000000000000000  
7 0 0  1 2 2  292.62543220399328447 172.41147367438622950 200.00000000000002842  292.77543220399621759 172.15166605325254068 200.00000000000000000 
 0.00000000000000000 2 1.00000000000000000 2
1 0.00000000000000035 0.00000000000000000 -1.69999999999999996 -0.50000000000000000 0.86602540378443871 -0.00000000000000004 
1 0.00000000000000035 0.00000000000000000 -1.69999999999999996 -0.50000000000000000 0.86602540378443871 -0.00000000000000004 
1 0.00000000000000035 0.00000000000000000 -1.69999999999999996 -0.50000000000000000 0.86602540378443871 -0.00000000000000004 
Polygon3D 0
PolygonOnTriangulations 0
Surfaces 30
1 -2.95000000006864038 5.22501993612730331 0.00000000000000000 -0.50000000001003753 0.86602540377864345 0.00000000000000000 0.86602540377864345 0.50000000001003753 0.00000000000000000 0.00000000000000000 0.00000000000000000 -1.00000000000000000 
2 -3.00000000006965362 5.31162247650518449 0.00000000000000000 0.00000000000000000 0.00000000000000000 -1.00000000000000000 0.00000000000018768 -1.00000000000000000 0.00000000000000000 1.00000000000000000 0.00000000000018768 0.00000000000000000 0.10000000000000001
2 0.00000000000000000 0.00000000000000000 0.00000000000000000 -0.50000000000000000 0.86602540378443871 -0.00000000000000010 0.00000000000000021 0.00000000000000000 -1.00000000000000000 0.86602540378443871 0.50000000000000000 0.00000000000000018 1.69999999999999996
2 0.00000000000000000 0.00000000000000000 0.00000000000000000 -0.50000000000000000 0.86602540378443871 -0.00000000000000010 0.00000000000000021 0.00000000000000000 -1.00000000000000000 0.86602540378443871 0.50000000000000000 0.00000000000000018 1.69999999999999996
2 0.00000000000000000 0.00000000000000000 0.00000000000000000 -0.50000000000000000 0.86602540378443871 -0.00000000000000010 0.00000000000000021 0.00000000000000000 -1.00000000000000000 0.86602540378443871 0.50000000000000000 0.00000000000000018 1.69999999999999996
1 664.63637976171889932 -0.00000000000014758 0.00000000000018447 0.00000000000000030 0.11742029552702883 -0.99308230988088053 0.00000000000000019 0.99308230988088053 0.11742029552702883 1.00000000000000000 -0.00000000000000022 0.00000000000000028 
2 -292.57543222076617440 172.49807621476409736 0.00000000000000000 0.00000000000000000 0.00000000000000000 -1.00000000000000000 0.00000000000000012 -1.00000000000000000 0.00000000000000000 1.00000000000000000 0.00000000000000012 0.00000000000000000 0.10000000000000001
2 292.57543220399219308 172.49807621476406894 0.00000000000000000 0.00000000000000000 0.00000000000000000 -1.00000000000000000 0.00000000000001044 -1.00000000000000000 0.00000000000000000 1.00000000000000000 0.00000000000001044 0.00000000000000000 0.10000000000000001
2 292.57543220399219308 172.49807621476406894 0.00000000000000000 0.00000000000000000 0.00000000000000000 -1.00000000000000000 0.00000000000001044 -1.00000000000000000 0.00000000000000000 1.00000000000000000 0.00000000000001044 0.00000000000000000 0.40000000000000002
2 -292.57543222076617440 172.49807621476409736 0.00000000000000000 0.00000000000000000 0.00000000000000000 -1.00000000000000000 0.00000000000000012 -1.00000000000000000 0.00000000000000000 1.00000000000000000 0.00000000000000012 0.00000000000000000 0.40000000000000002
2 -3.00000000006965362 5.31162247650518449 0.00000000000000000 0.00000000000000000 0.00000000000000000 -1.00000000000000000 0.00000000000018768 -1.00000000000000000 0.00000000000000000 1.00000000000000000 0.00000000000018768 0.00000000000000000 0.40000000000000002
1 18.80063509440089220 17.43634480178464585 0.00000000000000000 0.86602540377864845 0.50000000001002898 0.00000000000000000 0.00000000000000000 -0.00000000000000000 1.00000000000000000 0.50000000001002898 -0.86602540377864845 -0.00000000000000000 
9 0 0 0 0 6 1 7 2 2 2 -2.95000000006863328 5.22501993612733084 200.00000000000000000  -2.80000000006557315 4.96521231499376459 200.00000000000000000  
-2.96511499477047646 5.21629328986720964 200.00000000000068212  -2.86045997887290104 4.93030572995322025 200.00000000000068212  
-2.98205752047137995 5.21073232979806544 199.99999999999855049  -2.92823008167664289 4.90806188967684420 199.99999999999855049  
-3.00000000006840306 5.20881546327144207 200.00000000000170530  -3.00000000006455148 4.90039442357005584 200.00000000000170530  
-3.01794247966536933 5.21073232979763112 199.99999999999877787  -3.07176991845259284 4.90806188967505808 199.99999999999877787  
-3.03488500536647887 5.21629328986633123 200.00000000000051159  -3.13954002125692400 4.93030572994974214 200.00000000000051159  
-3.05000000006851790 5.22501993612608562 200.00000000000000000  -3.20000000006511165 4.96521231498878635 200.00000000000000000  

-0.52359877560989077 7
0.52359877558537438 7

0.00000000000000000 2
1.00000000000000000 2

1 -292.62543222076510574 172.41147367438492211 0.00000000000000000 0.49999999998864469 0.86602540379099457 0.00000000000000000 0.86602540379099457 -0.49999999998864469 0.00000000000000000 0.00000000000000000 0.00000000000000000 -1.00000000000000000 
1 -2.85000000006520082 4.93634480153370347 200.00000000000000000 0.00000000000000000 0.00000000000000000 1.00000000000000000 -0.86602540377864345 -0.50000000001003753 0.00000000000000000 0.50000000001003753 -0.86602540377864345 0.00000000000000000 
9 0 0 0 0 9 1 10 2 2 2 -292.62543222076510574 172.41147367438497895 200.00000000000000000  -292.77543222076167240 172.15166605324765214 200.00000000000000000  
-292.65062387860285753 172.42601808481774128 200.00000000000000000  -292.87619885210517623 172.20984369497779198 199.99999999999806732  
-292.67105578768479290 172.44880705597904580 200.00000000000000000  -292.95792713094931514 172.30099718186093583 200.00000000000889600  
-292.68364531189348554 172.47805629280014728 199.99999999999997158  -293.00828210708471033 172.41800577542784367 199.99999999998038902  
-292.68608464743243758 172.51065350031669254 200.00000000000008527  -293.01804633306926462 172.54836891515847697 200.00000000002609113  
-292.67754867602633340 172.54251017929863110 200.00000000000002842  -292.98389363618593961 172.67582851471760819 199.99999999997615419  
-292.65913754572466132 172.56952052132575659 199.99999999999994316  -292.91025599875621310 172.78384419249141501 200.00000000001534772  
-292.63361007952551063 172.58855634135585433 200.00000000000011369  -292.80814301332009109 172.85999911889416580 199.99999999999340616  
-292.60452104163425702 172.59807621476420536 199.99999999999985789  -292.69178750423776592 172.89807621476515465 200.00000000000159162  
-292.57543222076623124 172.59807621476403483 200.00000000000000000  -292.57543222076623124 172.89807621476407462 200.00000000000000000  

0.52359877558510881 10
3.14159265358979312 10

0.00000000000000000 2
1.00000000000000000 2

1 292.57543220399219308 172.59807621476406325 0.00000000000000000 0.00000000000000000 -1.00000000000000000 0.00000000000000000 -1.00000000000000000 0.00000000000000000 0.00000000000000000 -0.00000000000000000 -0.00000000000000000 -1.00000000000000000 
9 0 0 0 0 9 1 10 2 2 2 292.57543220399224992 172.59807621476403483 200.00000000000000000  292.57543220399219308 172.89807621476404620 200.00000000000000000  
292.60452102485760406 172.59807621476255690 199.99999999999758415  292.69178748745605390 172.89807621476273880 199.99999999999874944  
292.63361006275653153 172.58855634135932178 200.00000000000576961  292.80814299657032507 172.85999911890542080 200.00000000000633804  
292.65913752894505251 172.56952052132351128 199.99999999999414513  292.91025598192328516 172.78384419246930293 199.99999999998584599  
292.67754865925274999 172.54251017929985323 200.00000000000170530  292.98389361948682108 172.67582851475742700 200.00000000001830358  
292.68608463066101422 172.51065350031979051 200.00000000000306954  293.01804631621632780 172.54836891512806574 199.99999999998377120  
292.68364529511592309 172.47805629280011885 199.99999999999511147  293.00828209036694716 172.41800577546095496 200.00000000001054445  
292.67105577091376745 172.44880705598177428 200.00000000000346745  292.95792711415242593 172.30099718185712732 199.99999999999522515  
292.65062386183018361 172.42601808481913395 199.99999999999877787  292.87619883534409837 172.20984369498739852 200.00000000000119371  
292.62543220399328447 172.41147367438622950 200.00000000000002842  292.77543220399621759 172.15166605325254068 200.00000000000000000  

3.14159265358979312 10
5.75958653156971501 10

0.00000000000000000 2
1.00000000000000000 2

1 0.00000000000000001 3.46410161516095982 0.00000000000000000 -0.50000000001003098 0.86602540377864723 0.00000000000000000 0.86602540377864723 0.50000000001003098 0.00000000000000000 0.00000000000000000 0.00000000000000000 -1.00000000000000000 
2 0.00000000000000000 0.00000000000000000 0.00000000000000000 -0.50000000000000000 0.86602540378443871 -0.00000000000000010 0.00000000000000021 0.00000000000000000 -1.00000000000000000 0.86602540378443871 0.50000000000000000 0.00000000000000018 1.69999999999999996
2 0.00000000000000000 0.00000000000000000 0.00000000000000000 -0.50000000000000000 0.86602540378443871 -0.00000000000000010 0.00000000000000021 0.00000000000000000 -1.00000000000000000 0.86602540378443871 0.50000000000000000 0.00000000000000018 1.69999999999999996
2 0.00000000000000000 0.00000000000000000 0.00000000000000000 -0.50000000000000000 0.86602540378443871 -0.00000000000000010 0.00000000000000021 0.00000000000000000 -1.00000000000000000 0.86602540378443871 0.50000000000000000 0.00000000000000018 1.69999999999999996
1 0.15000000000300928 3.20429399402736559 0.00000000000000000 -0.86602540377864734 -0.50000000001003087 0.00000000000000000 -0.00000000000000000 0.00000000000000000 -1.00000000000000000 0.50000000001003087 -0.86602540377864734 -0.00000000000000000 
1 0.15000000000300928 3.20429399402736559 0.00000000000000000 -0.50000000001003098 0.86602540377864723 0.00000000000000000 0.86602540377864723 0.50000000001003098 0.00000000000000000 0.00000000000000000 0.00000000000000000 -1.00000000000000000 
1 292.57543220399219308 172.89807621476407462 0.00000000000000000 0.00000000000000000 -1.00000000000000000 0.00000000000000000 -1.00000000000000000 0.00000000000000000 0.00000000000000000 -0.00000000000000000 -0.00000000000000000 -1.00000000000000000 
1 -292.77543222076167240 172.15166605324762372 0.00000000000000000 0.49999999998864469 0.86602540379099457 0.00000000000000000 0.86602540379099457 -0.49999999998864469 0.00000000000000000 0.00000000000000000 0.00000000000000000 -1.00000000000000000 
1 -2.80000000006562910 4.96521231499371041 0.00000000000000000 -0.50000000001003753 0.86602540377864345 0.00000000000000000 0.86602540377864345 0.50000000001003753 0.00000000000000000 0.00000000000000000 0.00000000000000000 -1.00000000000000000 
1 -293.09863730152949302 172.33826859362673645 200.00000000000000000 0.00000000000000000 0.00000000000000000 1.00000000000000000 -0.86602540379099457 0.49999999998864469 0.00000000000000000 -0.49999999998864469 -0.86602540379099457 0.00000000000000000 
1 292.94863728474035725 172.89807621476407462 200.00000000000000000 0.00000000000000000 0.00000000000000000 1.00000000000000000 1.00000000000000000 0.00000000000000000 -0.00000000000000000 -0.00000000000000000 1.00000000000000000 0.00000000000000000 
1 0.15000000000300928 3.20429399402736559 200.00000000000000000 0.00000000000000000 0.00000000000000000 1.00000000000000000 -0.86602540377864723 -0.50000000001003098 0.00000000000000000 0.50000000001003098 -0.86602540377864723 0.00000000000000000 
Triangulations 0

TShapes 190
Ve
0.001000050000026
18.650635094397884 17.696152422918239 2.092361757445517
0 0

0101101
*
Ve
0.001000050000047
-2.950000000068640 5.225019936127303 0.617797114026003
0 0

0101101
*
Ed
 0.001000050000000 1 1 0
1  1 0 262.243283949871341 287.229098382765301
0

0101000
+190 9 -189 9 *
Ve
0.001000000000000
18.650635094397884 17.696152422918239 200.000000000000000
0 0

0101101
*
Ed
 0.001000000000000 1 1 0
1  2 0 2.092361757445517 200.000000000000000
0

0101000
+190 10 -187 10 *
Ve
0.001000000000000
-2.950000000068640 5.225019936127303 200.000000000000000
0 0

0101101
*
Ed
 0.001000000000000 1 1 0
1  3 0 0.617797114026003 200.000000000000000
2  1 2 0 0.617797114026003 200.000000000000000
4 G1 1 0 2 0
0

0101000
+189 10 -185 10 *
Ed
 0.001000000000000 1 1 0
1  4 0 0.057735026918854 25.000000000000011
0

0101000
+185 13 -187 13 *
Wi

0101100
+188 7 -186 6 +184 6 +183 12 *
Ve
0.001000000000000
9.990381056679650 12.696152422857242 178.299999999997681
0 0

0101101
*
Ed
 0.001000000000000 1 1 0
1  5 0 0.000000000000000 6.283185307179586
2  2 3 14 0.000000000000000 6.283185307179586
0

0101100
+181 15 -181 15 *
Wi

0101100
-180 0 *
Ve
0.001000000000000
9.990381056679634 12.696152422857232 13.299999999996729
0 0

0101101
*
Ed
 0.001000000000000 1 1 0
1  6 0 0.000000000000000 6.283185307179586
2  3 4 16 0.000000000000000 6.283185307179586
0

0101100
+178 15 -178 15 *
Wi

0101100
-177 0 *
Ve
0.001000000000003
9.990381056679645 12.696152422857235 95.799999999996672
0 0

0101101
*
Ed
 0.001000000000000 1 1 0
1  7 0 0.000000000000000 6.283185307179586
2  4 5 17 0.000000000000000 6.283185307179586
0

0101100
+175 15 -175 15 *
Wi

0101100
-174 0 *
Fa
0  0.001000000000000 1 6

0111000
+182 0 +179 0 +176 0 +173 0 *
Ve
0.001000050000029
-3.050000000068621 5.225019936126102 0.617797114025860
0 0

0101101
*
Ed
 0.000000100000000 1 1 0
1  8 0 5.759586531569502 6.806784082764768
2  5 2 18 5.759586531569502 6.806784082764768
0

0101000
+189 9 -171 9 *
Ve
0.001000050000057
-292.625432220765106 172.411473674384922 20.385627646035768
0 0

0101101
*
Ed
 0.001000050000000 1 1 0
1  9 0 123.058147346827255 458.014873482190069
0

0101000
+171 9 -169 9 *
Ve
0.001000050000114
-292.575432220766174 172.598076214764063 20.407691200304541
0 0

0101101
*
Ed
 0.000000758971397 1 1 0
1  10 0 0.523598775585319 3.141592653589790
2  6 7 18 0.523598775585319 3.141592653589790
0

0101000
+169 9 -167 9 *
Ve
0.001000050000004
292.575432203992193 172.598076214764063 20.407691200304722
0 0

0101101
*
Ed
 0.001000050000000 1 1 0
1  11 0 -771.181338203621635 -186.030473778863382
0

0101000
+167 9 -165 9 *
Ve
0.001000050000028
292.625432203993171 172.411473674386201 20.385627646036102
0 0

0101101
*
Ed
 0.000000758971536 1 1 0
1  12 0 3.141592653589790 5.759586531569939
2  7 8 18 3.141592653589790 5.759586531569939
0

0101000
+165 9 -163 9 *
Ve
0.001000050000105
0.000000000000000 3.464101615160960 0.409589246873855
0 0

0101101
*
Ed
 0.001000050000000 1 1 0
1  13 0 -52.079024685203684 286.405687241962880
0

0101000
+163 9 -161 9 *
Ve
0.001000050000046
0.150000000003009 3.204293994027366 0.378870053358727
0 0

0101101
*
Ed
 0.000000150000000 1 1 0
1  14 0 -166.977919287379734 -166.676350607225061
0

0101000
+161 9 -159 9 *
Ve
0.001000050000081
292.775432203996218 172.151666053252598 20.354908452520970
0 0

0101101
*
Ed
 0.001000050000000 1 1 0
1  15 0 -52.077211759043053 286.407500168123534
0

0101000
+157 9 -159 9 *
Ve
0.001000050000000
292.575432203992193 172.898076214764075 20.443162669595452
0 0

0101101
*
Ed
 0.000000100000000 1 1 0
1  16 0 3.141592653589790 5.759586531569692
2  8 9 18 3.141592653589790 5.759586531569692
0

0101000
+155 9 -157 9 *
Ve
0.001000050000117
-292.575432220766174 172.898076214764103 20.443162669595274
0 0

0101101
*
Ed
 0.001000050000000 1 1 0
1  17 0 -771.181338203621635 -186.030473778863382
0

0101000
+153 9 -155 9 *
Ve
0.001000050000004
-292.775432220761672 172.151666053247624 20.354908452520203
0 0

0101101
*
Ed
 0.000000100000000 1 1 0
1  18 0 0.523598775585125 3.141592653589790
2  9 10 18 0.523598775585125 3.141592653589790
0

0101000
+151 9 -153 9 *
Ve
0.001000050000006
-3.200000000065112 4.965212314988786 0.587077920510293
0 0

0101101
*
Ed
 0.001000050000000 1 1 0
1  19 0 123.056334420666559 458.013060556029359
0

0101000
+149 9 -151 9 *
Ve
0.001000050000020
-2.800000000065629 4.965212314993710 0.587077920510875
0 0

0101101
*
Ed
 0.000000166441503 1 1 0
1  20 0 5.759586531569505 6.806784082764771
2  10 11 18 5.759586531569505 6.806784082764771
0

0101000
+147 9 -149 9 *
Ve
0.001000050000037
18.800635094400892 17.436344801784646 2.061642563930389
0 0

0101101
*
Ed
 0.001000050000000 1 1 0
1  21 0 262.245096876032108 287.230911308926068
0

0101000
+145 9 -147 9 *
Ed
 0.000000150000000 1 1 0
1  22 0 168.339963069025657 168.641531749180302
0

0101000
+145 9 -190 9 *
Wi

0101100
-188 0 -170 0 -168 0 -166 0 -164 0 -162 0 -160 0 -158 0 +156 0 +154 0 
+152 0 +150 0 +148 0 +146 0 +144 0 -143 0 *
Fa
0  0.000000100000000 6 0

0111000
+142 0 *
Ve
0.001000000000000
18.800635094400892 17.436344801784646 200.000000000000000
0 0

0101101
*
Ed
 0.001000000000000 1 1 0
1  23 0 2.061642563930389 200.000000000000000
0

0101000
+145 10 -140 10 *
Ed
 0.000000100000000 1 1 0
1  24 0 0.000000000000000 1.000000000000000
0

0101000
+187 10 -140 10 *
Wi

0101100
+143 0 -139 18 +138 18 +186 18 *
Fa
0  0.000000100000000 12 18

0111000
+137 0 *
Ve
0.001000000000000
-3.050000000068621 5.225019936126102 200.000000000000000
0 0

0101101
*
Ed
 0.000000100000002 1 1 0
1  25 0 5.759586531594212 6.806784082789477
2  11 2 20 5.759586531594212 6.806784082789477
2  12 13 20 5.759586531594212 6.806784082789477
0

0101000
+135 13 -185 13 *
Ed
 0.001000000000000 1 1 0
1  26 0 0.617797114025860 200.000000000000000
2  13 2 0 0.617797114025860 200.000000000000000
4 G1 2 0 14 0
0

0101000
+171 10 -135 10 *
Wi

0101100
+170 0 -184 18 +134 19 +133 18 *
Fa
0  0.000000100000000 2 18

0111000
+132 0 *
Ve
0.001000000000000
-2.800000000065629 4.965212314993710 200.000000000000000
0 0

0101101
*
Ed
 0.000000100000069 1 1 0
1  27 0 0.000000000000000 1.000000000000000
2  14 13 0 0.000000000000000 1.000000000000000
0

0101000
+185 10 -130 10 *
Ed
 0.001000000000000 1 1 0
1  28 0 0.057735026918854 25.000000000000011
0

0101000
+130 10 -140 10 *
Wi

0101100
-183 11 +129 0 +128 0 -138 0 *
Fa
0  0.000000100000000 15 0

0111000
+127 0 *
Ve
0.001000000000002
10.140381056679651 12.436344801721908 178.299999999997681
0 0

0101101
*
Ed
 0.001000000000000 1 1 0
1  29 0 0.000000000000000 6.283185307179586
2  15 3 14 0.000000000000000 6.283185307179586
0

0101100
+125 15 -125 15 *
Ed
 0.000000100000000 1 1 0
1  30 0 5.700000000173894 6.000000000173896
3  16 17CN 3 0 5.700000000173894 6.000000000173896
0

0101000
+125 21 -181 21 *
Wi

0101100
-124 0 -123 14 +180 0 +123 14 *
Fa
0  0.000000100000000 3 14

0111000
+122 0 *
Ve
0.001000000000002
10.140381056679635 12.436344801721901 13.299999999996729
0 0

0101101
*
Ed
 0.001000000000000 1 1 0
1  31 0 0.000000000000000 6.283185307179586
2  18 4 16 0.000000000000000 6.283185307179586
0

0101100
+120 15 -120 15 *
Ed
 0.000000100000000 1 1 0
1  32 0 5.700000000173896 6.000000000173895
3  16 17CN 4 0 5.700000000173896 6.000000000173895
0

0101000
+120 22 -178 22 *
Wi

0101100
-119 0 -118 16 +177 0 +118 16 *
Fa
0  0.000000100000000 4 16

0111000
+117 0 *
Ve
0.001000000000000
10.140381056679644 12.436344801721905 95.799999999996672
0 0

0101101
*
Ed
 0.001000000000000 1 1 0
1  33 0 0.000000000000000 6.283185307179586
2  19 5 17 0.000000000000000 6.283185307179586
0

0101100
+115 15 -115 15 *
Ed
 0.000000100000000 1 1 0
1  34 0 5.700000000173894 6.000000000173892
3  16 17CN 5 0 5.700000000173894 6.000000000173892
0

0101000
+115 23 -175 23 *
Wi

0101100
-114 0 -113 17 +174 0 +113 17 *
Fa
0  0.000000100000000 5 17

0111000
+112 0 *
Ve
0.001000000000000
-292.625432220765106 172.411473674384922 200.000000000000000
0 0

0101101
*
Ed
 0.001000000000000 1 1 0
1  35 0 0.373205080766695 334.746112564878160
0

0101000
+110 13 -135 13 *
Ed
 0.001000000000000 1 1 0
1  36 0 20.385627646035768 200.000000000000000
2  20 7 0 20.385627646035768 200.000000000000000
4 G1 14 0 7 0
0

0101000
