
CASCADE Topology V1, (c) Matra-Datavision
Locations 160
1
1.000000000000000 0.000000000000000 0.000000000000000 0.000000000000000 
0.000000000000000 1.000000000000000 0.000000000000000 0.000000000000000 
0.000000000000000 0.000000000000000 1.000000000000000 0.000000000000000 
1
1.000000000000000 0.000000000000000 0.000000000000000 0.000000000000000 
0.000000000000000 1.000000000000000 0.000000000000000 0.000000000000000 
0.000000000000000 0.000000000000000 1.000000000000000 0.000000000000000 
1
0.722169641273486 -0.416944836789821 -0.551931166267347 2.792035267998170 
-0.532611570807278 0.173942993736566 -0.828292671446612 4.774106202409300 
0.441356912107569 0.892132746851202 -0.096453295073839 0.531057340045771 
1
1.000000000000000 0.000000000000000 0.000000000000000 -1.868535785803650 
0.000000000000000 1.000000000000000 0.000000000000000 -3.193099804440148 
0.000000000000000 0.000000000000000 1.000000000000000 -0.371831127154602 
2  2 1 3 1 4 1 0
1
1.000000000000000 0.000000000000000 0.000000000000000 0.000000000000000 
0.000000000000000 1.000000000000000 0.000000000000000 0.000000000000000 
0.000000000000000 0.000000000000000 1.000000000000000 0.000000000000000 
1
1.000000000000000 0.000000000000000 0.000000000000000 0.000000000000000 
0.000000000000000 1.000000000000000 0.000000000000000 0.000000000000000 
0.000000000000000 0.000000000000000 1.000000000000000 0.000000000000000 
1
1.000000000000000 0.000000000000000 0.000000000000000 0.000000000000000 
0.000000000000000 1.000000000000000 0.000000000000000 0.000000000000000 
0.000000000000000 0.000000000000000 1.000000000000000 0.000000000000000 
1
1.000000000000000 0.000000000000000 0.000000000000000 0.000000000000000 
0.000000000000000 1.000000000000000 0.000000000000000 0.000000000000000 
0.000000000000000 0.000000000000000 1.000000000000000 0.000000000000000 
1
1.000000000000000 0.000000000000000 0.000000000000000 0.000000000000000 
0.000000000000000 1.000000000000000 0.000000000000000 0.000000000000000 
0.000000000000000 0.000000000000000 1.000000000000000 0.000000000000000 
1
1.000000000000000 0.000000000000000 0.000000000000000 0.000000000000000 
0.000000000000000 1.000000000000000 0.000000000000000 0.000000000000000 
0.000000000000000 0.000000000000000 1.000000000000000 0.000000000000000 
1
1.000000000000000 0.000000000000000 0.000000000000000 0.000000000000000 
0.000000000000000 1.000000000000000 0.000000000000000 0.000000000000000 
0.000000000000000 0.000000000000000 1.000000000000000 0.000000000000000 
1
1.000000000000000 0.000000000000000 0.000000000000000 0.000000000000000 
0.000000000000000 1.000000000000000 0.000000000000000 0.000000000000000 
0.000000000000000 0.000000000000000 1.000000000000000 0.000000000000000 
1
1.000000000000000 0.000000000000000 0.000000000000000 0.000000000000000 
0.000000000000000 1.000000000000000 0.000000000000000 0.000000000000000 
0.000000000000000 0.000000000000000 1.000000000000000 0.000000000000000 
1
1.000000000000000 0.000000000000000 0.000000000000000 0.000000000000000 
0.000000000000000 1.000000000000000 0.000000000000000 0.000000000000000 
0.000000000000000 0.000000000000000 1.000000000000000 0.000000000000000 
1
1.000000000000000 0.000000000000000 0.000000000000000 0.000000000000000 
0.000000000000000 1.000000000000000 0.000000000000000 0.000000000000000 
0.000000000000000 0.000000000000000 1.000000000000000 0.000000000000000 
2  6 1 7 -1 8 1 9 -1 10 1 11 -1 12 1 13 -1 14 1 15 -1 16 1 0
2  4 -1 3 -1 2 -1 0
2  6 1 7 -1 8 1 9 -1 10 1 11 -1 12 1 13 -1 14 1 15 -1 16 1 2 1 3 1 4 1 0
1
-0.000000000000001 0.993288078374917 0.115666734017457 0.000000000000000 
-1.000000000000000 -0.000000000000001 -0.000000000000000 0.000000000000000 
0.000000000000000 -0.115666734017457 0.993288078374917 0.000000000000000 
2  20 -1 0
1
0.722169641273486 -0.416944836789821 -0.551931166267347 2.792035267998170 
-0.532611570807278 0.173942993736566 -0.828292671446612 4.774106202409300 
0.441356912107569 0.892132746851202 -0.096453295073839 0.531057340045771 
1
1.000000000000000 0.000000000000000 0.000000000000000 -1.868535785803650 
0.000000000000000 1.000000000000000 0.000000000000000 -3.193099804440148 
0.000000000000000 0.000000000000000 1.000000000000000 -0.371831127154602 
2  2 1 22 1 23 1 0
1
1.000000000000000 0.000000000000000 0.000000000000000 0.000000000000000 
0.000000000000000 1.000000000000000 0.000000000000000 0.000000000000000 
0.000000000000000 0.000000000000000 1.000000000000000 0.000000000000000 
2  23 -1 22 -1 2 -1 0
1
0.722169641273486 -0.416944836789821 -0.551931166267347 2.792035267998170 
-0.532611570807278 0.173942993736566 -0.828292671446612 4.774106202409300 
0.441356912107569 0.892132746851202 -0.096453295073839 0.531057340045771 
1
1.000000000000000 0.000000000000000 0.000000000000000 -1.868535785803650 
0.000000000000000 1.000000000000000 0.000000000000000 -3.193099804440148 
0.000000000000000 0.000000000000000 1.000000000000000 -0.371831127154602 
2  25 1 2 1 27 1 28 1 0
2  25 1 2 1 22 1 23 1 0
2  2 1 27 1 28 1 0
2  28 -1 27 -1 2 -1 0
1
0.722169641273486 -0.416944836789821 -0.551931166267347 2.792035267998170 
-0.532611570807278 0.173942993736566 -0.828292671446612 4.774106202409300 
0.441356912107569 0.892132746851202 -0.096453295073839 0.531057340045771 
1
1.000000000000000 0.000000000000000 0.000000000000000 -1.868535785803650 
0.000000000000000 1.000000000000000 0.000000000000000 -3.193099804440148 
0.000000000000000 0.000000000000000 1.000000000000000 -0.371831127154602 
2  25 1 2 1 33 1 34 1 0
2  2 1 33 1 34 1 0
2  34 -1 33 -1 2 -1 0
1
0.722169641273486 -0.416944836789821 -0.551931166267347 2.792035267998170 
-0.532611570807278 0.173942993736566 -0.828292671446612 4.774106202409300 
0.441356912107569 0.892132746851202 -0.096453295073839 0.531057340045771 
1
1.000000000000000 0.000000000000000 0.000000000000000 -1.868535785803650 
0.000000000000000 1.000000000000000 0.000000000000000 -3.193099804440148 
0.000000000000000 0.000000000000000 1.000000000000000 -0.371831127154602 
2  2 1 38 1 39 1 0
1
0.722169641273486 -0.532611570807279 0.441356912107569 0.292035267998169 
-0.416944836789821 0.173942993736566 0.892132746851202 -0.140071279646988 
-0.551931166267348 -0.828292671446612 -0.096453295073839 5.546590692209795 
1
1.000000000000000 0.000000000000000 0.000000000000000 0.000000000000000 
0.000000000000000 1.000000000000000 0.000000000000000 0.000000000000000 
0.000000000000000 0.000000000000000 1.000000000000000 0.000000000000000 
1
1.000000000000000 0.000000000000000 0.000000000000000 0.000000000000000 
0.000000000000000 1.000000000000000 0.000000000000000 0.000000000000000 
0.000000000000000 0.000000000000000 1.000000000000000 0.000000000000000 
2  41 1 42 1 43 1 6 1 7 -1 8 1 9 -1 10 1 11 -1 12 1 13 -1 14 1 15 -1 16 1 0
2  39 -1 38 -1 2 -1 0
1
1.000000000000000 0.000000000000000 0.000000000000000 0.000000000000000 
0.000000000000000 1.000000000000000 0.000000000000000 0.000000000000000 
0.000000000000000 0.000000000000000 1.000000000000000 0.000000000000000 
1
0.722169641273486 -0.416944836789821 -0.551931166267347 2.792035267998170 
-0.532611570807278 0.173942993736566 -0.828292671446612 4.774106202409300 
0.441356912107569 0.892132746851202 -0.096453295073839 0.531057340045771 
1
1.000000000000000 0.000000000000000 0.000000000000000 -1.868535785803650 
0.000000000000000 1.000000000000000 0.000000000000000 -3.193099804440148 
0.000000000000000 0.000000000000000 1.000000000000000 -0.371831127154602 
2  46 1 2 1 47 1 48 1 0
2  2 1 47 1 48 1 0
2  48 -1 47 -1 2 -1 0
1
0.722169641273486 -0.416944836789821 -0.551931166267347 2.792035267998170 
-0.532611570807278 0.173942993736566 -0.828292671446612 4.774106202409300 
0.441356912107569 0.892132746851202 -0.096453295073839 0.531057340045771 
1
1.000000000000000 0.000000000000000 0.000000000000000 -1.868535785803650 
0.000000000000000 1.000000000000000 0.000000000000000 -3.193099804440148 
0.000000000000000 0.000000000000000 1.000000000000000 -0.371831127154602 
2  46 1 2 1 52 1 53 1 0
2  2 1 52 1 53 1 0
2  53 -1 52 -1 2 -1 0
1
0.722169641273486 -0.416944836789821 -0.551931166267347 2.792035267998170 
-0.532611570807278 0.173942993736566 -0.828292671446612 4.774106202409300 
0.441356912107569 0.892132746851202 -0.096453295073839 0.531057340045771 
1
1.000000000000000 0.000000000000000 0.000000000000000 -1.868535785803650 
0.000000000000000 1.000000000000000 0.000000000000000 -3.193099804440148 
0.000000000000000 0.000000000000000 1.000000000000000 -0.371831127154602 
2  46 1 2 1 57 1 58 1 0
2  2 1 57 1 58 1 0
2  58 -1 57 -1 2 -1 0
1
0.722169641273486 -0.416944836789821 -0.551931166267347 2.792035267998170 
-0.532611570807278 0.173942993736566 -0.828292671446612 4.774106202409300 
0.441356912107569 0.892132746851202 -0.096453295073839 0.531057340045771 
1
1.000000000000000 0.000000000000000 0.000000000000000 -1.868535785803650 
0.000000000000000 1.000000000000000 0.000000000000000 -3.193099804440148 
0.000000000000000 0.000000000000000 1.000000000000000 -0.371831127154602 
2  46 1 2 1 62 1 63 1 0
2  2 1 62 1 63 1 0
2  63 -1 62 -1 2 -1 0
2  6 1 7 -1 8 1 9 -1 10 1 11 -1 12 1 13 -1 14 1 15 -1 16 1 2 1 0
2  2 -1 16 -1 15 1 14 -1 13 1 12 -1 11 1 10 -1 9 1 8 -1 7 1 6 -1 0
1
1.000000000000000 0.000000000000000 0.000000000000000 0.000000000000000 
0.000000000000000 1.000000000000000 0.000000000000000 0.000000000000000 
0.000000000000000 0.000000000000000 1.000000000000000 0.000000000000000 
2  69 1 2 1 0
1
1.000000000000000 0.000000000000000 0.000000000000000 0.000000000000000 
0.000000000000000 0.993288078374917 -0.115666734017457 0.000000000000000 
0.000000000000000 0.115666734017457 0.993288078374917 0.000000000000000 
2  71 1 42 1 43 1 6 1 7 -1 8 1 9 -1 10 1 11 -1 12 1 13 -1 14 1 15 -1 16 1 2 1 0
2  16 1 2 1 0
1
0.722169641273486 0.416944836789821 0.551931166267347 -2.792035267998157 
0.532611570807278 0.173942993736566 -0.828292671446612 4.774106202409278 
-0.441356912107569 0.892132746851202 -0.096453295073839 0.531057340045790 
1
1.000000000000000 0.000000000000000 0.000000000000000 1.868535785803649 
0.000000000000000 1.000000000000000 0.000000000000000 -3.193099804440143 
0.000000000000000 0.000000000000000 1.000000000000000 -0.371831127154601 
2  12 1 13 -1 14 1 15 -1 16 1 2 1 74 1 75 1 0
1
0.722169641273486 0.416944836789821 0.551931166267347 -2.792035267998157 
0.532611570807278 0.173942993736566 -0.828292671446612 4.774106202409278 
-0.441356912107569 0.892132746851202 -0.096453295073839 0.531057340045790 
1
1.000000000000000 0.000000000000000 0.000000000000000 1.868535785803649 
0.000000000000000 1.000000000000000 0.000000000000000 -3.193099804440143 
0.000000000000000 0.000000000000000 1.000000000000000 -0.371831127154601 
2  12 1 13 -1 14 1 15 -1 16 1 2 1 77 1 78 1 0
1
0.722169641273486 0.416944836789821 0.551931166267347 -2.792035267998157 
0.532611570807278 0.173942993736566 -0.828292671446612 4.774106202409278 
-0.441356912107569 0.892132746851202 -0.096453295073839 0.531057340045790 
1
1.000000000000000 0.000000000000000 0.000000000000000 1.868535785803649 
0.000000000000000 1.000000000000000 0.000000000000000 -3.193099804440143 
0.000000000000000 0.000000000000000 1.000000000000000 -0.371831127154601 
2  8 1 9 -1 10 1 11 -1 12 1 13 -1 14 1 15 -1 16 1 2 1 80 1 81 1 0
1
0.722169641273486 0.416944836789821 0.551931166267347 -2.792035267998157 
0.532611570807278 0.173942993736566 -0.828292671446612 4.774106202409278 
-0.441356912107569 0.892132746851202 -0.096453295073839 0.531057340045790 
1
1.000000000000000 0.000000000000000 0.000000000000000 1.868535785803649 
0.000000000000000 1.000000000000000 0.000000000000000 -3.193099804440143 
0.000000000000000 0.000000000000000 1.000000000000000 -0.371831127154601 
2  8 1 9 -1 10 1 11 -1 12 1 13 -1 14 1 15 -1 16 1 2 1 83 1 84 1 0
2  10 1 11 -1 12 1 13 -1 14 1 15 -1 16 1 2 1 0
1
1.000000000000000 0.000000000000000 0.000000000000000 0.000000000000000 
0.000000000000000 1.000000000000000 0.000000000000000 0.000000000000000 
0.000000000000000 0.000000000000000 1.000000000000000 0.000000000000000 
1
0.722169641273486 -0.416944836789821 -0.551931166267347 2.792035267998170 
-0.532611570807278 0.173942993736566 -0.828292671446612 4.774106202409300 
0.441356912107569 0.892132746851202 -0.096453295073839 0.531057340045771 
1
1.000000000000000 0.000000000000000 0.000000000000000 -1.868535785803650 
0.000000000000000 1.000000000000000 0.000000000000000 -3.193099804440148 
0.000000000000000 0.000000000000000 1.000000000000000 -0.371831127154602 
2  87 1 2 1 88 1 89 1 0
1
0.722169641273486 0.416944836789821 0.551931166267347 -2.792035267998157 
0.532611570807278 0.173942993736566 -0.828292671446612 4.774106202409278 
-0.441356912107569 0.892132746851202 -0.096453295073839 0.531057340045790 
1
1.000000000000000 0.000000000000000 0.000000000000000 1.868535785803649 
0.000000000000000 1.000000000000000 0.000000000000000 -3.193099804440143 
0.000000000000000 0.000000000000000 1.000000000000000 -0.371831127154601 
2  14 1 15 -1 16 1 2 1 91 1 92 1 0
1
0.722169641273486 -0.416944836789821 -0.551931166267347 2.792035267998170 
-0.532611570807278 0.173942993736566 -0.828292671446612 4.774106202409300 
0.441356912107569 0.892132746851202 -0.096453295073839 0.531057340045771 
1
1.000000000000000 0.000000000000000 0.000000000000000 -1.868535785803650 
0.000000000000000 1.000000000000000 0.000000000000000 -3.193099804440148 
0.000000000000000 0.000000000000000 1.000000000000000 -0.371831127154602 
2  87 1 2 1 94 1 95 1 0
1
0.722169641273486 0.416944836789821 0.551931166267347 -2.792035267998157 
0.532611570807278 0.173942993736566 -0.828292671446612 4.774106202409278 
-0.441356912107569 0.892132746851202 -0.096453295073839 0.531057340045790 
1
1.000000000000000 0.000000000000000 0.000000000000000 1.868535785803649 
0.000000000000000 1.000000000000000 0.000000000000000 -3.193099804440143 
0.000000000000000 0.000000000000000 1.000000000000000 -0.371831127154601 
2  14 1 15 -1 16 1 2 1 97 1 98 1 0
1
0.722169641273486 -0.416944836789821 -0.551931166267347 2.792035267998170 
-0.532611570807278 0.173942993736566 -0.828292671446612 4.774106202409300 
0.441356912107569 0.892132746851202 -0.096453295073839 0.531057340045771 
1
1.000000000000000 0.000000000000000 0.000000000000000 -1.868535785803650 
0.000000000000000 1.000000000000000 0.000000000000000 -3.193099804440148 
0.000000000000000 0.000000000000000 1.000000000000000 -0.371831127154602 
2  87 1 2 1 100 1 101 1 0
1
0.722169641273486 0.416944836789821 0.551931166267347 -2.792035267998157 
0.532611570807278 0.173942993736566 -0.828292671446612 4.774106202409278 
-0.441356912107569 0.892132746851202 -0.096453295073839 0.531057340045790 
1
1.000000000000000 0.000000000000000 0.000000000000000 1.868535785803649 
0.000000000000000 1.000000000000000 0.000000000000000 -3.193099804440143 
0.000000000000000 0.000000000000000 1.000000000000000 -0.371831127154601 
2  14 1 15 -1 16 1 2 1 103 1 104 1 0
1
0.722169641273486 -0.416944836789821 -0.551931166267347 2.792035267998170 
-0.532611570807278 0.173942993736566 -0.828292671446612 4.774106202409300 
0.441356912107569 0.892132746851202 -0.096453295073839 0.531057340045771 
1
1.000000000000000 0.000000000000000 0.000000000000000 -1.868535785803650 
0.000000000000000 1.000000000000000 0.000000000000000 -3.193099804440148 
0.000000000000000 0.000000000000000 1.000000000000000 -0.371831127154602 
2  87 1 2 1 106 1 107 1 0
1
0.722169641273486 0.416944836789821 0.551931166267347 -2.792035267998157 
0.532611570807278 0.173942993736566 -0.828292671446612 4.774106202409278 
-0.441356912107569 0.892132746851202 -0.096453295073839 0.531057340045790 
1
1.000000000000000 0.000000000000000 0.000000000000000 1.868535785803649 
0.000000000000000 1.000000000000000 0.000000000000000 -3.193099804440143 
0.000000000000000 0.000000000000000 1.000000000000000 -0.371831127154601 
2  14 1 15 -1 16 1 2 1 109 1 110 1 0
2  2 -1 0
2  71 1 42 1 43 1 6 1 7 -1 8 1 9 -1 10 1 11 -1 12 1 13 -1 14 1 15 -1 16 1 0
2  2 -1 16 -1 15 1 14 -1 13 1 12 -1 11 1 10 -1 9 1 8 -1 7 1 6 -1 43 -1 42 -1 71 -1 0
2  71 1 42 1 43 1 6 1 7 -1 8 1 9 -1 10 1 11 -1 12 1 13 -1 14 1 15 -1 0
2  2 -1 16 -1 0
1
0.722169641273486 0.416944836789821 0.551931166267347 -2.792035267998157 
0.532611570807278 0.173942993736566 -0.828292671446612 4.774106202409278 
-0.441356912107569 0.892132746851202 -0.096453295073839 0.531057340045790 
1
1.000000000000000 0.000000000000000 0.000000000000000 1.868535785803649 
0.000000000000000 1.000000000000000 0.000000000000000 -3.193099804440143 
0.000000000000000 0.000000000000000 1.000000000000000 -0.371831127154601 
2  12 1 13 -1 14 1 15 -1 16 1 2 1 117 1 118 1 0
2  118 -1 117 -1 2 -1 16 -1 15 1 14 -1 13 1 12 -1 0
2  75 -1 74 -1 2 -1 16 -1 15 1 14 -1 13 1 12 -1 0
1
0.722169641273486 0.416944836789821 0.551931166267347 -2.792035267998157 
0.532611570807278 0.173942993736566 -0.828292671446612 4.774106202409278 
-0.441356912107569 0.892132746851202 -0.096453295073839 0.531057340045790 
1
1.000000000000000 0.000000000000000 0.000000000000000 1.868535785803649 
0.000000000000000 1.000000000000000 0.000000000000000 -3.193099804440143 
0.000000000000000 0.000000000000000 1.000000000000000 -0.371831127154601 
2  12 1 13 -1 14 1 15 -1 16 1 2 1 122 1 123 1 0
2  123 -1 122 -1 2 -1 16 -1 15 1 14 -1 13 1 12 -1 0
2  78 -1 77 -1 2 -1 16 -1 15 1 14 -1 13 1 12 -1 0
1
0.722169641273486 0.416944836789821 0.551931166267347 -2.792035267998157 
0.532611570807278 0.173942993736566 -0.828292671446612 4.774106202409278 
-0.441356912107569 0.892132746851202 -0.096453295073839 0.531057340045790 
1
1.000000000000000 0.000000000000000 0.000000000000000 1.868535785803649 
0.000000000000000 1.000000000000000 0.000000000000000 -3.193099804440143 
0.000000000000000 0.000000000000000 1.000000000000000 -0.371831127154601 
2  12 1 13 -1 14 1 15 -1 16 1 2 1 127 1 128 1 0
1
0.722169641273486 0.532611570807279 -0.441356912107569 -0.292035267998157 
0.416944836789821 0.173942993736566 0.892132746851202 -0.140071279647005 
0.551931166267348 -0.828292671446612 -0.096453295073839 5.546590692209772 
2  130 1 42 1 43 1 6 1 7 -1 8 1 9 -1 10 1 11 -1 0
2  128 -1 127 -1 2 -1 16 -1 15 1 14 -1 13 1 12 -1 0
1
0.722169641273486 0.416944836789821 0.551931166267347 -2.792035267998157 
0.532611570807278 0.173942993736566 -0.828292671446612 4.774106202409278 
-0.441356912107569 0.892132746851202 -0.096453295073839 0.531057340045790 
1
1.000000000000000 0.000000000000000 0.000000000000000 1.868535785803649 
0.000000000000000 1.000000000000000 0.000000000000000 -3.193099804440143 
0.000000000000000 0.000000000000000 1.000000000000000 -0.371831127154601 
2  8 1 9 -1 10 1 11 -1 12 1 13 -1 14 1 15 -1 16 1 2 1 133 1 134 1 0
2  134 -1 133 -1 2 -1 16 -1 15 1 14 -1 13 1 12 -1 11 1 10 -1 9 1 8 -1 0
2  84 -1 83 -1 2 -1 16 -1 15 1 14 -1 13 1 12 -1 11 1 10 -1 9 1 8 -1 0
2  81 -1 80 -1 2 -1 16 -1 15 1 14 -1 13 1 12 -1 11 1 10 -1 9 1 8 -1 0
2  2 -1 16 -1 15 1 14 -1 13 1 12 -1 11 1 10 -1 0
2  20 -1 2 -1 16 -1 15 1 14 -1 13 1 12 -1 11 1 10 -1 0
2  2 1 88 1 89 1 0
2  89 -1 88 -1 2 -1 0
2  20 -1 89 -1 88 -1 2 -1 87 -1 0
2  92 -1 91 -1 2 -1 16 -1 15 1 14 -1 0
2  20 -1 92 -1 91 -1 2 -1 16 -1 15 1 14 -1 0
2  2 1 94 1 95 1 0
2  95 -1 94 -1 2 -1 0
2  20 -1 95 -1 94 -1 2 -1 87 -1 0
2  98 -1 97 -1 2 -1 16 -1 15 1 14 -1 0
2  20 -1 98 -1 97 -1 2 -1 16 -1 15 1 14 -1 0
2  2 1 100 1 101 1 0
2  101 -1 100 -1 2 -1 0
2  20 -1 101 -1 100 -1 2 -1 87 -1 0
2  104 -1 103 -1 2 -1 16 -1 15 1 14 -1 0
2  20 -1 104 -1 103 -1 2 -1 16 -1 15 1 14 -1 0
2  2 1 106 1 107 1 0
2  107 -1 106 -1 2 -1 0
2  20 -1 107 -1 106 -1 2 -1 87 -1 0
2  110 -1 109 -1 2 -1 16 -1 15 1 14 -1 0
2  20 -1 110 -1 109 -1 2 -1 16 -1 15 1 14 -1 0
Curve2ds 122
8 2.87192358775817791 3.34940666864918679
1 0.00000000000000000 0.00000000000000000 1.00000000000000000 0.00000000000000000 
8 0.00000000000000000 1.00000000000000000
7 0 0  1 2 2  3.34940666864918679 0.00000000000000000  3.34940666864918679 -0.50000000000000000 
 0.00000000000000000 2 1.00000000000000000 2
8 0.00000000000000000 1.00000000000000000
7 0 0  3 4 2  -1.85913761802739441 -0.24999635849336055  -1.85913761802736532 -0.08333112043248588  -1.85913761802733757 0.08333830624813011  -1.85913761802730870 0.25000364117698493 
 0.00000000000000000 4 1.00000000000000000 4
8 2.87192358775817880 3.34940666864918679
1 0.00000000000000000 -0.50000000000000000 1.00000000000000000 0.00000000000000000 
8 -0.49999999999999911 0.00000000000000000
1 2.87192358775817835 -0.00000000000000056 0.00000000000000000 1.00000000000000000 
8 0.22471234748414406 0.72471234748412816
1 -0.00000000000000100 0.00000000000000000 0.00000000000000000 -1.00000000000000000 
8 5.23598775598298793 6.28318530717958712
1 6.28318530717958623 -0.22471234748416097 -1.00000000000000000 0.00000000000000000 
8 0.22471234748414007 0.72471234748411606
1 1.04719755119659808 0.00000000000000000 0.00000000000000000 -1.00000000000000000 
8 0.22471234748414007 0.72471234748411606
1 4.18879020478639141 0.00000000000000000 0.00000000000000000 -1.00000000000000000 
8 5.23598775598298793 6.28318530717958712
1 6.28318530717958623 -0.72471234748412428 -1.00000000000000000 0.00000000000000000 
8 2.09439510239319482 2.97497258536047315
1 6.28318530717958623 -0.72471234748411384 -1.00000000000000000 0.00000000000000000 
8 -0.72471234748465208 -0.22471234748465205
1 3.30821272181923920 0.00000000000049536 0.00000000000000000 1.00000000000000000 
8 2.09439510239319482 2.97497258536040921
1 6.28318530717958623 -0.22471234748415089 -1.00000000000000000 0.00000000000000000 
8 -0.52471234748415607 -0.02471234748415601
1 3.06709399070304878 0.00000000000012305 0.00000000000000000 1.00000000000000000 
8 3.21609131648733593 4.71238898038469056
1 6.28318530717958623 -0.02471234748403910 -1.00000000000000000 0.00000000000000000 
8 3.21609131647514390 4.71238898038469056
1 6.28318530717958623 -0.52471234748399265 -1.00000000000000000 0.00000000000000000 
8 0.02471234748403701 0.52471234748399109
1 1.57079632679489567 0.00000000000000000 0.00000000000000000 -1.00000000000000000 
8 0.02471234748426101 0.52471234748427809
1 1.57079632679488657 0.00000000000000000 0.00000000000000000 -1.00000000000000000 
8 4.71238898038470921 6.28318530717958623
1 6.28318530717958623 -0.02471234748428569 -1.00000000000000000 0.00000000000000000 
8 4.71238898038471543 6.28318530717958623
1 6.28318530717958623 -0.52471234748427764 -1.00000000000000000 0.00000000000000000 
8 0.02471234748428601 0.52471234748427809
1 -0.00000000000000089 0.00000000000000000 0.00000000000000000 -1.00000000000000000 
8 0.00000000000000000 3.78293865798141793
7 0 0  7 8 2  1.85913761802785871 -0.24999635849335286  1.34640647669992153 -0.25000257170181889  0.81556162134785848 -0.25000678779433261  0.27281786598203778 -0.25000892090669941  -0.27281786600781083 -0.25000892090672611  -0.81556162130152432 -0.25000678779437485  -1.34640647672364788 -0.25000257170170825  -1.85913761802791533 -0.24999635849336035 
 0.00000000000000000 8 3.78293865798141837 8
8 0.00000000000000000 3.78292739458390814
7 0 0  7 8 2  -1.85913761802796107 0.25000364117698465  -1.34638547495266758 0.24999743023727855  -0.81556699471302052 0.24999321266304644  -0.27280709681119092 0.24999107783589061  0.27280709681524967 0.24999107783592206  0.81556699470556082 0.24999321266308921  1.34638547495663596 0.24999743023716553  1.85913761802790689 0.25000364117699270 
 0.00000000000000000 8 3.78292739458390814 8
8 0.00000000000000000 0.50000000000000000
7 0 0  3 4 2  1.85913761802785893 -0.24999635849335283  1.85913761802787336 -0.08333112043265205  1.85913761802789157 0.08333830624820884  1.85913761802790689 0.25000364117699264 
 0.00000000000000000 4 0.50000000000000000 4
8 0.00000000000000000 0.50000000000000011
1 3.98681827655194354 0.00000000000000000 0.00000000000000000 -1.00000000000000000 
8 0.00000000000000000 0.50000000000000011
1 5.43795968421742604 0.00000000000000000 0.00000000000000000 -1.00000000000000000 
8 0.00000000000000000 0.50000000000000000
7 0 0  3 4 2  1.85913761802791000 -0.24999635849334800  1.85913761802788602 -0.08333112043263974  1.85913761802786182 0.08333830624790346  1.85913761802783850 0.25000364117699397 
 0.00000000000000000 4 0.50000000000000000 4
8 3.98681827655194398 5.43795968421742604
1 0.00000000000000000 0.00000000000000000 1.00000000000000000 0.00000000000000000 
8 3.98681827655194398 5.43795968421742604
1 0.00000000000000000 -0.50000000000000000 1.00000000000000000 0.00000000000000000 
8 0.00000000000000000 3.78293865798151696
7 0 0  7 8 2  -1.85913761802794908 -0.24999635849335544  -1.34640647673378178 -0.25000257170177392  -0.81556162127616361 -0.25000678779437113  -0.27281786603651453 -0.25000892090671312  0.27281786599655822 -0.25000892090668680  0.81556162134786392 -0.25000678779435925  1.34640647669744928 -0.25000257170181300  1.85913761802790978 -0.24999635849334806 
 0.00000000000000000 8 3.78293865798151741 8
8 0.00000000000000000 3.78292739458384908
7 0 0  7 8 2  -1.85913761802793265 0.25000364117698975  -1.34638547501126649 0.24999743023720633  -0.81556699456779091 0.24999321266304300  -0.27280709697559297 0.24999107783592120  0.27280709689888499 0.24999107783592328  0.81556699470486815 0.24999321266306698  1.34638547494170124 0.24999743023716531  1.85913761802783806 0.25000364117699714 
 0.00000000000000000 8 3.78292739458384908 8
8 0.00000000000000000 1.00000000000000000
7 0 0  3 4 2  -1.85913761802733468 -0.24999635849335511  -1.85913761802730249 -0.08333112043251310  -1.85913761802727073 0.08333830624832463  -1.85913761802723876 0.25000364117698975 
 0.00000000000000000 4 1.00000000000000000 4
8 0.00000000000000000 1.00000000000000000
7 0 0  1 2 2  -0.20781401505937946 0.00000000000002898  -0.20781401505938568 -0.49999999999997646 
 0.00000000000000000 2 1.00000000000000000 2
8 5.63474060023121659 6.83744726853013063
1 0.00000000000000000 0.00000000000000000 1.00000000000000000 0.00000000000000000 
8 1.87889017630276300 2.58733069223925005
1 0.00000000000000000 0.00000000000000000 1.00000000000000000 0.00000000000000000 
8 1.26270247728702989 1.87889017630276300
1 0.00000000000000000 0.00000000000000000 1.00000000000000000 0.00000000000000000 
8 0.55426196135054195 1.26270247728702989
1 0.00000000000000000 0.00000000000000000 1.00000000000000000 0.00000000000000000 
8 5.63474060023121659 6.83744726853013063
1 0.00000000000000000 0.00000000000000000 1.00000000000000000 0.00000000000000000 
8 0.00000000000000000 1.57079632679487702
1 0.00000000000000000 -0.02471234748392967 1.00000000000000000 0.00000000000000000 
8 1.57079632679489589 3.06709399070442901
1 0.00000000000000000 -0.02471234748399543 1.00000000000000000 0.00000000000000000 
8 3.30821272181919701 4.18879020478639141
1 0.00000000000000000 -0.22471234748412044 1.00000000000000000 0.00000000000000000 
8 -0.00000000000000100 1.04719755119659808
1 0.00000000000000000 -0.22471234748413588 1.00000000000000000 0.00000000000000000 
8 0.00000000000000000 0.26966906583163602
1 0.00000000000000000 0.00000000000000164 1.00000000000000000 -0.00000000000000185 
8 6.07537129212020410 6.28318530717958623
1 -6.28318530717958712 0.00000000000001295 1.00000000000000000 -0.00000000000000180 
8 0.00000000000000000 6.28318530717958623
1 0.00000000000000000 -670.99584322709392836 1.00000000000000000 0.00000000000000000 
8 0.00000000000000000 6.28318530717958623
1 6.28318530717958623 -670.99584322709392836 -1.00000000000000000 0.00000000000000000 
8 0.00000000000000000 6.28318530717958623
1 0.00000000000000000 -3.97528765251595662 1.00000000000000000 0.00000000000000000 
8 0.00000000000000000 6.28318530717958623
1 6.28318530717958623 -3.97528765251601079 -1.00000000000000000 0.00000000000000000 
8 0.00000000000000000 6.28318530717958623
1 0.00000000000000000 -3.97528765251585714 1.00000000000000000 0.00000000000000000 
8 0.00000000000000000 6.28318530717958623
1 6.28318530717958623 -3.97528765251589800 -1.00000000000000000 0.00000000000000000 
8 0.00000000000000000 6.28318530717958623
1 0.00000000000000000 -3.97528765251559690 1.00000000000000000 0.00000000000000000 
8 0.00000000000000000 6.28318530717958623
1 0.00000000000000000 -670.99584322709392836 1.00000000000000000 0.00000000000000000 
8 0.00000000000000000 6.28318530717958623
1 6.28318530717958623 -670.99584322709392836 -1.00000000000000000 0.00000000000000000 
8 0.00000000000000000 6.28318530717958623
1 6.28318530717958623 -3.97528765251592819 -1.00000000000000000 0.00000000000000000 
8 0.00000000000000000 6.28318530717958623
1 0.00000000000000000 -3.97528765251569904 1.00000000000000000 0.00000000000000000 
8 0.00000000000000000 6.28318530717958623
1 6.28318530717958623 -3.97528765251603033 -1.00000000000000000 0.00000000000000000 
8 0.00000000000000000 0.50000000000007416
1 6.83744726853013063 0.00000000000000000 0.00000000000000000 -1.00000000000000000 
8 0.00000000000000000 0.50000000000007416
1 2.58733069223925050 0.00000000000007505 0.00000000000000000 -1.00000000000000000 
8 5.63474060023120060 6.83744726853013240
1 0.00000000000000000 -0.50000000000007760 1.00000000000000000 0.00000000000000000 
8 0.00000000000000000 0.50000000000008116
1 5.63474060023121659 0.00000000000000000 0.00000000000000000 -1.00000000000000000 
8 1.87889017630276300 2.58733069223923184
1 0.00000000000000000 -0.50000000000000000 1.00000000000000000 0.00000000000000000 
8 0.00000000000000000 0.50000000000000011
1 1.87889017630276300 0.00000000000000000 0.00000000000000000 -1.00000000000000000 
8 0.00000000000000000 0.50000000000000011
1 1.87889017630276323 0.00000000000000000 0.00000000000000000 -1.00000000000000000 
8 0.00000000000000000 0.50000000000000011
1 1.26270247728703011 0.00000000000000000 0.00000000000000000 -1.00000000000000000 
8 0.00000000000000000 0.50000000000000011
1 1.26270247728702989 0.00000000000000000 0.00000000000000000 -1.00000000000000000 
8 1.26270247728702989 1.87889017630276300
1 0.00000000000000000 -0.50000000000000000 1.00000000000000000 0.00000000000000000 
8 0.55426196135055905 1.26270247728702989
1 0.00000000000000000 -0.50000000000000000 1.00000000000000000 0.00000000000000000 
8 0.00000000000000000 0.50000000000000311
1 0.55426196135054173 0.00000000000000488 0.00000000000000000 -1.00000000000000000 
8 0.00000000000000000 0.50000000000000311
1 6.83744726853013063 0.00000000000000000 0.00000000000000000 -1.00000000000000000 
8 5.72892334582903917 6.93163001412797186
1 12.56637061435917246 -0.50000000000001055 -1.00000000000000000 0.00000000000000000 
8 0.00000000000000000 0.50000000000001010
1 5.63474060023121659 0.00000000000000000 0.00000000000000000 -1.00000000000000000 
8 0.02471234748393001 0.52471234748397111
1 -0.00000000000000089 0.00000000000000000 0.00000000000000000 -1.00000000000000000 
8 0.02471234748393001 0.52471234748397111
1 1.57079632679488657 0.00000000000000000 0.00000000000000000 -1.00000000000000000 
8 0.00000000000000000 1.57079632679489700
1 0.00000000000000000 -0.52471234748397089 1.00000000000000000 0.00000000000000000 
8 0.02471234748398401 0.52471234748400808
1 1.57079632679489567 0.00000000000000000 0.00000000000000000 -1.00000000000000000 
8 -0.52471234748398810 -0.02471234748398801
1 3.06709399070163791 -0.00000000000000251 0.00000000000000000 1.00000000000000000 
8 1.57079632679489589 3.06709399070442901
1 0.00000000000000000 -0.52471234748401008 1.00000000000000000 0.00000000000000000 
8 -0.72471234748411906 -0.22471234748411906
1 3.30821272181921966 -0.00000000000000986 0.00000000000000000 1.00000000000000000 
8 -0.50000000000000011 0.00000000000000000
1 0.26966906583163591 0.00000000000000056 0.00000000000000000 1.00000000000000000 
8 0.22471234748413504 0.72471234748415014
1 -0.00000000000000100 0.00000000000000000 0.00000000000000000 -1.00000000000000000 
8 0.22471234748412305 0.72471234748412616
1 1.04719755119659808 0.00000000000000000 0.00000000000000000 -1.00000000000000000 
8 0.22471234748412305 0.72471234748412616
1 4.18879020478639141 0.00000000000000000 0.00000000000000000 -1.00000000000000000 
8 -0.00000000000000100 1.04719755119659808
1 0.00000000000000000 -0.72471234748415014 1.00000000000000000 0.00000000000000000 
8 3.30821272181921699 4.18879020478639141
1 0.00000000000000000 -0.72471234748413527 1.00000000000000000 0.00000000000000000 
8 0.00000000000000000 6.28318530717958623
1 0.00000000000000000 -670.49584322709392836 1.00000000000000000 0.00000000000000000 
8 670.49584322709381468 670.99584322709381468
1 0.00000000000000000 0.00000000000000000 0.00000000000000000 -1.00000000000000000 
8 670.49584322709381468 670.99584322709381468
1 6.28318530717958623 0.00000000000000000 0.00000000000000000 -1.00000000000000000 
8 0.00000000000000000 6.28318530717958623
1 6.28318530717958623 -670.49584322709392836 -1.00000000000000000 0.00000000000000000 
8 670.49584322709381468 670.99584322709381468
1 0.00000000000000000 0.00000000000000000 0.00000000000000000 -1.00000000000000000 
8 670.49584322709381468 670.99584322709381468
1 6.28318530717958623 0.00000000000000000 0.00000000000000000 -1.00000000000000000 
8 0.00000000000000000 6.28318530717958623
1 0.00000000000000000 -3.47528765251599836 1.00000000000000000 0.00000000000000000 
8 3.47528765251599880 3.97528765251595573
1 0.00000000000000000 0.00000000000000000 0.00000000000000000 -1.00000000000000000 
8 3.47528765251599880 3.97528765251595573
1 6.28318530717958623 0.00000000000000000 0.00000000000000000 -1.00000000000000000 
8 0.00000000000000000 6.28318530717958623
1 6.28318530717958623 -3.47528765251599570 -1.00000000000000000 0.00000000000000000 
8 3.47528765251599880 3.97528765251601302
1 0.00000000000000000 0.00000000000000000 0.00000000000000000 -1.00000000000000000 
8 3.47528765251599880 3.97528765251601302
1 6.28318530717958623 0.00000000000000000 0.00000000000000000 -1.00000000000000000 
8 0.00000000000000000 6.28318530717958623
1 0.00000000000000000 -3.47528765251589178 1.00000000000000000 0.00000000000000000 
8 3.47528765251589267 3.97528765251585980
1 0.00000000000000000 0.00000000000000000 0.00000000000000000 -1.00000000000000000 
8 3.47528765251589267 3.97528765251585980
1 6.28318530717958623 0.00000000000000000 0.00000000000000000 -1.00000000000000000 
8 0.00000000000000000 6.28318530717958623
1 6.28318530717958623 -3.47528765251588290 -1.00000000000000000 0.00000000000000000 
8 3.47528765251588379 3.97528765251589977
1 0.00000000000000000 0.00000000000000000 0.00000000000000000 -1.00000000000000000 
8 3.47528765251588379 3.97528765251589977
1 6.28318530717958623 0.00000000000000000 0.00000000000000000 -1.00000000000000000 
8 0.00000000000000000 6.28318530717958623
1 0.00000000000000000 -3.47528765251558092 1.00000000000000000 0.00000000000000000 
8 3.47528765251555605 3.97528765251557203
1 0.00000000000000000 0.00000000000000000 0.00000000000000000 -1.00000000000000000 
8 3.47528765251555605 3.97528765251557203
1 6.28318530717958623 0.00000000000000000 0.00000000000000000 -1.00000000000000000 
8 0.00000000000000000 6.28318530717958623
1 0.00000000000000000 -670.49584322709392836 1.00000000000000000 0.00000000000000000 
8 670.49584322709381468 670.99584322709381468
1 0.00000000000000000 0.00000000000000000 0.00000000000000000 -1.00000000000000000 
8 670.49584322709381468 670.99584322709381468
1 6.28318530717958623 0.00000000000000000 0.00000000000000000 -1.00000000000000000 
8 0.00000000000000000 6.28318530717958623
1 6.28318530717958623 -670.49584322709392836 -1.00000000000000000 0.00000000000000000 
8 670.49584322709381468 670.99584322709381468
1 0.00000000000000000 0.00000000000000000 0.00000000000000000 -1.00000000000000000 
8 670.49584322709381468 670.99584322709381468
1 6.28318530717958623 0.00000000000000000 0.00000000000000000 -1.00000000000000000 
8 0.00000000000000000 6.28318530717958623
1 6.28318530717958623 -3.47528765251588734 -1.00000000000000000 0.00000000000000000 
8 3.47528765251583405 3.97528765251590288
1 0.00000000000000000 0.00000000000000000 0.00000000000000000 -1.00000000000000000 
8 3.47528765251583405 3.97528765251590288
1 6.28318530717958623 0.00000000000000000 0.00000000000000000 -1.00000000000000000 
8 0.00000000000000000 6.28318530717958623
1 0.00000000000000000 -3.47528765251568306 1.00000000000000000 0.00000000000000000 
8 3.47528765251565774 3.97528765251569904
1 0.00000000000000000 0.00000000000000000 0.00000000000000000 -1.00000000000000000 
8 3.47528765251565774 3.97528765251569904
1 6.28318530717958623 0.00000000000000000 0.00000000000000000 -1.00000000000000000 
8 0.00000000000000000 6.28318530717958623
1 6.28318530717958623 -3.47528765251601435 -1.00000000000000000 0.00000000000000000 
8 3.47528765251596106 3.97528765251602989
1 0.00000000000000000 0.00000000000000000 0.00000000000000000 -1.00000000000000000 
8 3.47528765251596106 3.97528765251602989
1 6.28318530717958623 0.00000000000000000 0.00000000000000000 -1.00000000000000000 
8 6.07537129212020410 6.28318530717958623
1 -6.28318530717958712 -0.49999999999998829 1.00000000000000000 -0.00000000000000160 
8 0.00000000000000000 0.26966906583163602
1 0.00000000000000000 -0.49999999999999822 1.00000000000000000 -0.00000000000000207 
Curves 122
2 1.08768234975628553 -0.02099478411011534 -0.00000000000001435 -0.00000000000000019 -0.00000000000000009 -1.00000000000000000 -0.00000000000000132 -1.00000000000000000 0.00000000000000009 -1.00000000000000000 0.00000000000000132 0.00000000000000019 6.00000000000000444
7 0 0  1 2 2  2.32561100554836298 5.84991082262288220 -0.00000000000004113  2.32561100554836253 5.84991082262288309 0.49999999999995959 
 0.00000000000000000 2 1.00000000000000000 2
2 1.08768234975628575 -0.02099478411011555 0.49999999999998568 -0.00000000000000019 -0.00000000000000009 -1.00000000000000000 -0.00000000000000132 -1.00000000000000000 0.00000000000000009 -1.00000000000000000 0.00000000000000132 0.00000000000000019 6.00000000000000444
1 -0.51079251445579055 5.76215990070354778 -0.00000000000001295 0.00000000000000010 -0.00000000000000002 -1.00000000000000000 
1 -30.38998722553521858 25.53846761443636382 -0.00000000000000977 0.83388967357964328 -0.55193116626734906 -0.00000000000000008 
1 -30.38998722553521503 25.53846761443637092 0.49999999999996103 -0.83388967357964328 0.55193116626734906 -0.00000000000000006 
1 -13.56443083486197487 14.40204362931028470 -0.22471234748417063 0.00000000000000160 -0.00000000000000126 1.00000000000000000 
2 -15.81071065155161293 11.00823357184284745 -0.00000000000001044 -0.00000000000000142 0.00000000000000129 -1.00000000000000000 0.55193116626734895 0.83388967357964339 0.00000000000000029 0.83388967357964339 -0.55193116626734895 -0.00000000000000190 4.06985500000114708
1 -17.62669646859272277 14.65047398583804572 -0.22471234748416441 0.00000000000000160 -0.00000000000000126 1.00000000000000000 
2 -15.81071065155161115 11.00823357184284745 0.49999999999995304 -0.00000000000000142 0.00000000000000129 -1.00000000000000000 0.55193116626734895 0.83388967357964339 0.00000000000000029 0.83388967357964339 -0.55193116626734895 -0.00000000000000190 4.06985500000114708
2 -19.44268228563382550 18.29271439983323688 0.49999999999995703 -0.00000000000000142 0.00000000000000129 -1.00000000000000000 0.55193116626734895 0.83388967357964339 0.00000000000000029 0.83388967357964339 -0.55193116626734895 -0.00000000000000190 4.06985500000114708
1 -21.09498927735136320 14.57335943880092444 -0.22471234748465424 -0.00000000000000148 0.00000000000000127 -1.00000000000000000 
2 -19.44268228563382550 18.29271439983323688 -0.00000000000000577 -0.00000000000000142 0.00000000000000129 -1.00000000000000000 0.55193116626734895 0.83388967357964339 0.00000000000000029 0.83388967357964339 -0.55193116626734895 -0.00000000000000190 4.06985500000114708
1 -0.51956837032620573 0.95499190475162488 -0.00000000000000132 -0.83388967357964405 0.55193116626734795 0.00000000000000010 
1 -72.46713180108727670 48.57532328980175862 -0.02471234748416330 -0.00000000000000148 0.00000000000000127 -1.00000000000000000 
1 -0.51956837032623215 0.95499190475156803 0.49999999999999878 -0.83388967357964405 0.55193116626734795 0.00000000000000010 
