
CASCADE Topology V1, (c) Matra-Datavision
Locations 7
1
1.000000000000000 0.000000000000000 0.000000000000000 0.000000000000000 
0.000000000000000 0.993288078374917 -0.115666734017457 0.000000000000000 
0.000000000000000 0.115666734017457 0.993288078374917 0.000000000000000 
1
1.000000000000000 0.000000000000000 0.000000000000000 0.000000000000000 
0.000000000000000 0.993288078374917 -0.115666734017457 0.000000000000000 
0.000000000000000 0.115666734017457 0.993288078374917 0.000000000000000 
1
1.000000000000000 0.000000000000000 0.000000000000000 0.000000000000000 
0.000000000000000 0.993288078374917 -0.115666734017457 0.000000000000000 
0.000000000000000 0.115666734017457 0.993288078374917 0.000000000000000 
1
1.000000000000000 0.000000000000000 0.000000000000000 0.000000000000000 
0.000000000000000 1.000000000000000 0.000000000000000 0.000000000000000 
0.000000000000000 0.000000000000000 1.000000000000000 0.000000000000000 
2  2 1 3 -1 4 -1 0
1
1.000000000000000 0.000000000000000 0.000000000000000 0.000000000000000 
0.000000000000000 1.000000000000000 0.000000000000000 -0.000000000000000 
0.000000000000000 0.000000000000000 1.000000000000000 0.500000000000000 
2  6 -1 2 1 3 -1 4 -1 0
Curve2ds 6
1 0.00000000000000000 0.00000000000000000 1.00000000000000000 0.00000000000000000 
1 0.00000000000000000 -0.49999999999999989 1.00000000000000000 0.00000000000000000 
1 0.00000000000000000 0.00000000000000000 1.00000000000000000 0.00000000000000000 
1 0.00000000000000000 -0.49999999999999989 1.00000000000000000 0.00000000000000000 
1 0.00000000000000000 0.00000000000000000 1.00000000000000000 0.00000000000000000 
1 0.00000000000000000 -0.49999999999999989 1.00000000000000000 0.00000000000000000 
Curves 5
1 0.00000000000000000 3.22610691872901167 0.00000000000000000 0.86456118947926575 0.50252756108117802 0.00000000000000000 
2 246.79810519257358692 146.67789655617536937 0.00000000000000000 0.00000000000000000 0.00000000000000000 1.00000000000000000 1.00000000000000000 0.00000000000000000 -0.00000000000000000 -0.00000000000000000 1.00000000000000000 0.00000000000000000 55.00000000000000000
2 0.00000000000000000 -628.86305465254429237 0.00000000000000000 0.00000000000000000 0.00000000000000000 1.00000000000000000 1.00000000000000000 0.00000000000000000 -0.00000000000000000 -0.00000000000000000 1.00000000000000000 0.00000000000000000 868.86305465254429237
2 -246.79810519257358692 146.67789655617536937 0.00000000000000000 0.00000000000000000 0.00000000000000000 1.00000000000000000 1.00000000000000000 0.00000000000000000 -0.00000000000000000 -0.00000000000000000 1.00000000000000000 0.00000000000000000 54.99999999999997158
1 0.00000000000000000 3.22610691872901167 0.00000000000000000 -0.86456118947926575 0.50252756108117813 0.00000000000000000 
Polygon3D 0
PolygonOnTriangulations 0
Surfaces 3
2 246.79810519257358692 146.67789655617536937 0.00000000000000611 -0.00000000000000000 0.00000000000000004 -1.00000000000000000 1.00000000000000000 0.00000000000000000 0.00000000000000000 -0.00000000000000000 1.00000000000000000 0.00000000000000004 55.00000000000000000
2 0.00000000000000000 -628.86305465254429237 -0.00000000000002618 -0.00000000000000000 0.00000000000000004 -1.00000000000000000 1.00000000000000000 0.00000000000000000 0.00000000000000000 -0.00000000000000000 1.00000000000000000 0.00000000000000004 868.86305465254429237
2 -246.79810519257358692 146.67789655617536937 0.00000000000000611 -0.00000000000000000 0.00000000000000004 -1.00000000000000000 1.00000000000000000 0.00000000000000000 0.00000000000000000 -0.00000000000000000 1.00000000000000000 0.00000000000000004 54.99999999999997158
Triangulations 0

TShapes 11
Ve
0.000000100000000
0.000000000000000 3.226106918729012 0.000000000000000
0 0

0101101
*
Ve
0.000000100000000
294.348970613933204 174.316912415640161 0.000000000000000
0 0

0101101
*
Ed
 0.000000100000000 1 1 0
1  1 0 0.000000000000000 340.460541365756512
0

0101000
+11 0 -10 0 *
Ve
0.000000100000040
263.476458765689813 199.088129546404701 0.000000000000000
0 0

0101101
*
Ed
 0.000000100000000 1 1 0
1  2 0 0.526519819010765 1.262702477287030
2  1 1 5 0.526519819010765 1.262702477287030
2  2 1 7 0.526519819010765 1.262702477287030
0

0101000
+10 0 -8 0 *
Ve
0.000000100000040
-263.476458765689813 199.088129546404701 0.000000000000000
0 0

0101101
*
Ed
 0.000000100000000 1 1 0
1  3 0 1.262702477287030 1.878890176302763
2  3 2 5 1.262702477287030 1.878890176302763
2  4 2 7 1.262702477287030 1.878890176302763
0

0101000
+8 0 -6 0 *
Ve
0.000000100000000
-294.348970613933147 174.316912415640161 0.000000000000000
0 0

0101101
*
Ed
 0.000000100000000 1 1 0
1  4 0 1.878890176302763 2.615072834579028
2  5 3 5 1.878890176302763 2.615072834579028
2  6 3 7 1.878890176302763 2.615072834579028
0

0101000
+6 0 -4 0 *
Ed
 0.000000100000000 1 1 0
1  5 0 0.000000000000000 340.460541365756455
0

0101000
+11 0 -4 0 *
Wi

0101100
+9 0 +7 0 +5 0 +3 0 -2 0 *

+1 1 