
CASCADE Topology V1, (c) Matra-Datavision
Locations 12
1
1.000000000000000 0.000000000000000 0.000000000000000 0.000000000000000 
0.000000000000000 1.000000000000000 0.000000000000000 0.000000000000000 
0.000000000000000 0.000000000000000 1.000000000000000 0.000000000000000 
1
1.000000000000000 0.000000000000000 0.000000000000000 0.000000000000000 
0.000000000000000 1.000000000000000 0.000000000000000 0.000000000000000 
0.000000000000000 0.000000000000000 1.000000000000000 0.000000000000000 
1
1.000000000000000 0.000000000000000 0.000000000000000 0.000000000000000 
0.000000000000000 1.000000000000000 0.000000000000000 0.000000000000000 
0.000000000000000 0.000000000000000 1.000000000000000 0.000000000000000 
1
1.000000000000000 0.000000000000000 0.000000000000000 0.000000000000000 
0.000000000000000 1.000000000000000 0.000000000000000 0.000000000000000 
0.000000000000000 0.000000000000000 1.000000000000000 0.000000000000000 
2  3 1 4 -1 0
1
1.000000000000000 0.000000000000000 0.000000000000000 0.000000000000000 
0.000000000000000 1.000000000000000 0.000000000000000 0.000000000000000 
0.000000000000000 0.000000000000000 1.000000000000000 93.000000000000000 
2  6 -1 0
2  6 1 3 1 4 -1 0
2  3 1 4 -1 2 1 0
2  6 1 3 1 4 -1 2 1 0
1
1.000000000000000 0.000000000000000 0.000000000000000 0.000000000000000 
0.000000000000000 1.000000000000000 0.000000000000000 0.000000000000000 
0.000000000000000 0.000000000000000 1.000000000000000 0.000000000000000 
2  11 -1 0
Curve2ds 107
1 1.04719755115711055 0.00000000000000000 0.00000000000000000 -1.00000000000000000 
1 0.00000000000000000 -0.99999999999998312 1.00000000000000000 0.00000000000000000 
1 0.00000000000000000 -0.99999999999998990 -1.00000000000000000 0.00000000000000000 
1 0.00000000000000000 0.00000000000000000 0.00000000000000000 -1.00000000000000000 
1 0.00000000000000000 0.00000000000000000 1.00000000000000000 0.00000000000000000 
1 0.00000000000000711 -0.99999999999999001 -1.00000000000000000 0.00000000000000000 
1 -0.00000000000000711 -0.99999999999999001 1.00000000000000000 0.00000000000000000 
1 0.00000000000000000 0.00000000000000000 1.00000000000000000 0.00000000000000000 
1 0.00000000000000000 -93.00000000000000000 1.00000000000000000 0.00000000000000000 
1 27.00000000000013500 0.00000000000000000 0.00000000000000000 -1.00000000000000000 
1 0.00000000000000000 -0.99999999999998990 1.00000000000000000 0.00000000000000000 
2 14.99999997689709375 -82.99999999999656097 1.00000000000000000 -0.00000000000000011 -0.00000000000000011 -1.00000000000000000 1.70000000004957852
1 0.00000000000000000 -585.07418906783732382 1.00000000000000000 0.00000000000000000 
2 14.99999997689709375 -12.99999999999793765 1.00000000000000000 -0.00000000000000011 -0.00000000000000011 -1.00000000000000000 1.70000000004957852
1 0.00000000000000000 -585.07418906783732382 1.00000000000000000 0.00000000000000000 
1 1.57079632679489678 0.00000000000000000 0.00000000000000000 -1.00000000000000000 
1 1.57079632679489678 0.00000000000000000 0.00000000000000000 -1.00000000000000000 
1 0.00000000000000000 -1.00000000000000000 1.00000000000000000 0.00000000000000000 
1 0.00000000000000000 -1.00000000000000000 -1.00000000000000000 0.00000000000000000 
1 0.00000000000000000 0.00000000000000000 1.00000000000000000 0.00000000000000000 
1 0.00000000000000000 0.00000000000000000 1.00000000000000000 0.00000000000000000 
1 0.00000000000000000 -93.00000000000000000 1.00000000000000000 0.00000000000000000 
1 0.00000000000000000 0.00000000000000000 1.00000000000000000 0.00000000000000000 
1 6.28318530717958623 0.00000000000000000 -1.00000000000000000 0.00000000000000000 
6 0 1 27.00000000000011369 -1.00000000000000000  27.00000000000011369 0.00000000000000000  
6 0 1 0.00000000000000000 -0.99999999999997158  0.00000000000000000 0.00000000000000000  
1 0.00000000000000000 0.00000000000000000 1.00000000000000000 0.00000000000000000 
1 0.00000000000000000 0.00000000000000000 1.00000000000000000 0.00000000000000000 
6 0 1 0.00000000000000000 -1.00000000000000000  0.00000000000000000 0.00000000000000000  
6 0 1 -0.00000000000005684 -1.00000000000000000  0.00000000000000000 0.00000000000000000  
8 0.00000000000000000 1.00000000000000000
1 5.23598775602247546 0.00000000000000000 0.00000000000000000 1.00000000000000000 
6 0 1 0.00000000000005684 -1.00000000000000000  0.00000000000000000 0.00000000000000000  
6 0 1 -93.00000000000000000 -1.00000000000000000  -93.00000000000000000 0.00000000000000000  
8 0.00000000000000000 1.00000000000000000
1 1.04719755115711055 0.00000000000000000 0.00000000000000000 1.00000000000000000 
1 0.00000000000000000 -93.00000000000000000 1.00000000000000000 0.00000000000000000 
1 0.00000000000000000 0.00000000000000000 -1.00000000000000000 0.00000000000000000 
6 0 1 -27.00000000000011369 -1.00000000000000000  -27.00000000000011369 0.00000000000000000  
6 0 1 93.00000000000000000 -0.99999999999997158  93.00000000000000000 0.00000000000000000  
1 27.00000000000013500 0.00000000000000000 0.00000000000000000 -1.00000000000000000 
1 0.00000000000000000 0.00000000000000000 1.00000000000000000 0.00000000000000000 
2 14.99999997691671538 -82.99999999999656097 1.00000000000000000 -0.00000000000000011 -0.00000000000000011 -1.00000000000000000 1.70000000004957852
1 0.00000000000000000 -584.07418906783732382 1.00000000000000000 0.00000000000000000 
1 0.00000000000000000 0.00000000000000000 0.00000000000000000 -1.00000000000000000 
1 6.28318530717958623 0.00000000000000000 0.00000000000000000 -1.00000000000000000 
2 14.99999997691671538 -12.99999999999793765 1.00000000000000000 -0.00000000000000011 -0.00000000000000011 -1.00000000000000000 1.70000000004957852
1 0.00000000000000000 -584.07418906783732382 1.00000000000000000 0.00000000000000000 
1 0.00000000000000000 0.00000000000000000 0.00000000000000000 -1.00000000000000000 
1 6.28318530717958623 0.00000000000000000 0.00000000000000000 -1.00000000000000000 
1 1.04719755115711055 0.00000000000000000 0.00000000000000000 -1.00000000000000000 
1 0.00000000000000000 -0.99999999999998990 1.00000000000000000 0.00000000000000000 
1 0.00000000000000000 -0.99999999999998312 -1.00000000000000000 0.00000000000000000 
1 0.00000000000000000 0.00000000000000000 0.00000000000000000 -1.00000000000000000 
1 0.00000000000000000 0.00000000000000000 1.00000000000000000 0.00000000000000000 
1 0.00000000000000000 0.00000000000000000 1.00000000000000000 0.00000000000000000 
1 0.00000000000000000 -93.00000000000000000 1.00000000000000000 0.00000000000000000 
1 6.28318530717958623 0.00000000000000000 -1.00000000000000000 0.00000000000000000 
1 0.00000000000000000 0.00000000000000000 1.00000000000000000 0.00000000000000000 
1 6.28318530717958623 1.00000000000000000 -1.00000000000000000 0.00000000000000000 
1 4.71238898038468967 0.00000000000000000 0.00000000000000000 1.00000000000000000 
6 0 1 -0.00000000000000000 -1.00000000000000000  0.00000000000000000 0.00000000000000000  
8 0.00000000000000000 1.00000000000000000
1 1.57079632679489678 0.00000000000000000 0.00000000000000000 1.00000000000000000 
1 1.57079632679489678 0.00000000000000000 0.00000000000000000 1.00000000000000000 
7 0 0  1 2 2  -93.00000000000000000 -1.00000000000000000  -93.00000000000000000 0.00000000000000000 
 0.00000000000000000 2 1.00000000000000000 2
8 0.00000000000000000 1.00000000000000000
1 4.71238898038468967 0.00000000000000000 0.00000000000000000 1.00000000000000000 
1 0.00000000000000000 1.00000000000000000 1.00000000000000000 0.00000000000000000 
1 0.00000000000000000 0.00000000000000000 0.00000000000000000 -1.00000000000000000 
1 0.00000000000000000 0.00000000000000000 -1.00000000000000000 0.00000000000000000 
8 0.00000000000000000 93.00000000000000000
1 1.04719755115711055 0.00000000000000000 0.00000000000000000 -1.00000000000000000 
1 0.00000000000000000 0.00000000000000000 1.00000000000000000 0.00000000000000000 
1 -0.00000000000000711 -0.99999999999999001 1.00000000000000000 0.00000000000000000 
1 0.00000000000000711 -0.99999999999999001 -1.00000000000000000 0.00000000000000000 
1 0.00000000000000000 0.00000000000000000 1.00000000000000000 0.00000000000000000 
1 0.00000000000000000 -93.00000000000000000 1.00000000000000000 0.00000000000000000 
1 27.00000000000013500 0.00000000000000000 0.00000000000000000 -1.00000000000000000 
1 -0.00000000000000000 -0.99999999999998990 -1.00000000000000000 0.00000000000000000 
2 14.99999997689709375 -82.99999999999648992 1.00000000000000000 0.00000000000000008 -0.00000000000000008 1.00000000000000000 1.70000000004957852
1 6.28318530717958623 -585.07418906783721013 -1.00000000000000000 0.00000000000000000 
2 14.99999997689709375 -12.99999999999786837 1.00000000000000000 0.00000000000000008 -0.00000000000000008 1.00000000000000000 1.70000000004957852
1 6.28318530717958623 -585.07418906783721013 -1.00000000000000000 0.00000000000000000 
1 0.00000000000000000 1.00000000000000000 1.00000000000000000 0.00000000000000000 
1 1.04719755115711055 0.00000000000000000 0.00000000000000000 1.00000000000000000 
6 0 1 0.00000000000000000 -1.00000000000000000  0.00000000000000000 0.00000000000000000  
1 5.23598775602247546 0.00000000000000000 0.00000000000000000 1.00000000000000000 
7 0 0  1 2 2  -93.00000000000000000 -1.00000000000000000  -93.00000000000000000 0.00000000000000000 
 0.00000000000000000 2 1.00000000000000000 2
1 6.28318530717958623 1.00000000000000000 -1.00000000000000000 0.00000000000000000 
1 0.00000000000000000 0.00000000000000000 -1.00000000000000000 0.00000000000000000 
8 0.00000000000000000 93.00000000000000000
1 1.57079632679489678 0.00000000000000000 0.00000000000000000 -1.00000000000000000 
1 0.00000000000000000 0.00000000000000000 1.00000000000000000 0.00000000000000000 
1 0.00000000000000000 0.00000000000000000 -1.00000000000000000 0.00000000000000000 
6 0 1 -27.00000000000011369 -1.00000000000000000  -27.00000000000011369 0.00000000000000000  
6 0 1 0.00000000000000000 -0.99999999999997158  0.00000000000000000 0.00000000000000000  
6 0 1 27.00000000000011369 -1.00000000000000000  27.00000000000011369 0.00000000000000000  
6 0 1 -93.00000000000000000 -0.99999999999997158  -93.00000000000000000 0.00000000000000000  
1 0.00000000000000000 -93.00000000000000000 1.00000000000000000 0.00000000000000000 
1 0.00000000000000000 0.00000000000000000 1.00000000000000000 0.00000000000000000 
1 27.00000000000013500 0.00000000000000000 0.00000000000000000 -1.00000000000000000 
1 0.00000000000000000 0.00000000000000000 -1.00000000000000000 0.00000000000000000 
2 14.99999997691671538 -82.99999999999648992 1.00000000000000000 0.00000000000000008 -0.00000000000000008 1.00000000000000000 1.70000000004957852
1 6.28318530717958623 -584.07418906783721013 -1.00000000000000000 0.00000000000000000 
1 0.00000000000000000 0.00000000000000000 0.00000000000000000 -1.00000000000000000 
1 6.28318530717958623 0.00000000000000000 0.00000000000000000 -1.00000000000000000 
2 14.99999997691671538 -12.99999999999786837 1.00000000000000000 0.00000000000000008 -0.00000000000000008 1.00000000000000000 1.70000000004957852
1 6.28318530717958623 -584.07418906783721013 -1.00000000000000000 0.00000000000000000 
1 0.00000000000000000 0.00000000000000000 0.00000000000000000 -1.00000000000000000 
1 6.28318530717958623 0.00000000000000000 0.00000000000000000 -1.00000000000000000 
1 0.00000000000000000 0.00000000000000000 -1.00000000000000000 0.00000000000000000 
1 -0.00000000001982640 0.00000000000000000 0.00000000000000000 -1.00000000000000000 
Curves 44
1 292.53709455407363293 -209.31088913336668611 0.00000000000000000 0.00000000000000000 0.00000000000000000 1.00000000000000000 
1 292.53709455407363293 -209.31088913336668611 0.00000000000000000 0.86602540377461945 -0.50000000001700740 0.00000000000000000 
1 315.91978045598847302 -222.81088913382595251 0.00000000000000000 0.00000000000000000 0.00000000000000000 1.00000000000000000 
2 305.52747559068524197 -216.81088912207030717 82.99999999999656097 -0.50000000000000011 -0.86602540378443871 0.00000000000000000 0.86602540378443871 -0.50000000000000011 0.00000000000000011 -0.00000000000000010 0.00000000000000006 1.00000000000000000 1.70000000004957852
2 305.52747559068524197 -216.81088912207030717 12.99999999999793765 -0.50000000000000011 -0.86602540378443871 0.00000000000000000 0.86602540378443871 -0.50000000000000011 0.00000000000000011 -0.00000000000000010 0.00000000000000006 1.00000000000000000 1.70000000004957852
1 0.00000000000006100 -130.92581088526526401 0.00000000000000000 0.00000000000000000 0.00000000000000000 1.00000000000000000 
2 0.00000000000003309 -715.99999995339703673 0.00000000000000000 0.00000000000000000 0.00000000000000000 1.00000000000000000 1.00000000000000000 0.00000000000000000 -0.00000000000000000 -0.00000000000000000 1.00000000000000000 0.00000000000000000 585.07418906813177273
6 0 1 315.91978045598847302 -222.81088913382595251 0.00000000000000000  315.41978045597147684 -223.67691453760056675 0.00000000000000000  
1 292.03709455405663675 -210.17691453714130034 0.00000000000000000 0.86602540377461945 -0.50000000001700740 0.00000000000000000 
6 0 1 292.53709455407363293 -209.31088913336668611 0.00000000000000000  292.03709455405663675 -210.17691453714130034 0.00000000000000000  
6 0 1 292.53709455407363293 -209.31088913336668611 93.00000000000000000  292.03709455405663675 -210.17691453714130034 93.00000000000000000  
1 292.03709455405663675 -210.17691453714130034 93.00000000000000000 0.86602540377461945 -0.50000000001700740 0.00000000000000000 
6 0 1 315.91978045598847302 -222.81088913382595251 93.00000000000000000  315.41978045597147684 -223.67691453760056675 93.00000000000000000  
1 315.41978045597147684 -223.67691453760056675 0.00000000000000000 0.00000000000000000 0.00000000000000000 1.00000000000000000 
2 305.02747559068524197 -217.67691452585472689 82.99999999999656097 -0.50000000000000011 -0.86602540378443871 0.00000000000000000 0.86602540378443871 -0.50000000000000011 0.00000000000000011 -0.00000000000000010 0.00000000000000006 1.00000000000000000 1.70000000004957852
1 14.46262424324305407 -724.34999995342184320 82.99999999999656097 0.50000000000000000 0.86602540378443871 -0.00000000000000010 
2 305.02747559068524197 -217.67691452585472689 12.99999999999793765 -0.50000000000000011 -0.86602540378443871 0.00000000000000000 0.86602540378443871 -0.50000000000000011 0.00000000000000011 -0.00000000000000010 0.00000000000000006 1.00000000000000000 1.70000000004957852
1 14.46262424324306117 -724.34999995342184320 12.99999999999793765 0.50000000000000000 0.86602540378443871 -0.00000000000000010 
1 -292.53709455407363293 -209.31088913336668611 0.00000000000000000 0.00000000000000000 0.00000000000000000 1.00000000000000000 
2 -0.00000000000003309 -715.99999995339703673 0.00000000000000000 0.00000000000000000 0.00000000000000000 -1.00000000000000000 -1.00000000000000000 -0.00000000000000000 -0.00000000000000000 -0.00000000000000000 1.00000000000000000 0.00000000000000000 585.07418906813177273
2 0.00000000000003309 -715.99999995339703673 0.00000000000000000 0.00000000000000000 0.00000000000000000 1.00000000000000000 1.00000000000000000 0.00000000000000000 -0.00000000000000000 -0.00000000000000000 1.00000000000000000 0.00000000000000000 584.07418906813177273
6 0 1 0.00000000000006100 -130.92581088526526401 0.00000000000000000  -0.00000000000006083 -131.92581088526526401 0.00000000000000000  
7 0 0  1 2 2  -0.00000000000005684 -130.92581088526526401 93.00000000000000000  -0.00000000000005684 -131.92581088526526401 93.00000000000000000 
 0.00000000000000000 2 1.00000000000000000 2
2 0.00000000000003309 -715.99999995339703673 93.00000000000000000 0.00000000000000000 0.00000000000000000 1.00000000000000000 1.00000000000000000 0.00000000000000000 -0.00000000000000000 -0.00000000000000000 1.00000000000000000 0.00000000000000000 584.07418906813177273
1 292.03709455405663675 -210.17691453714130034 0.00000000000000000 0.00000000000000000 0.00000000000000000 1.00000000000000000 
1 -292.53709455407363293 -209.31088913336668611 0.00000000000000000 -0.86602540377461945 -0.50000000001700740 0.00000000000000000 
1 -315.91978045598847302 -222.81088913382595251 0.00000000000000000 0.00000000000000000 0.00000000000000000 1.00000000000000000 
2 -305.52747559068524197 -216.81088912207030717 82.99999999999648992 0.49999999999999989 -0.86602540378443882 0.00000000000000011 -0.86602540378443882 -0.49999999999999989 -0.00000000000000008 0.00000000000000012 -0.00000000000000006 -1.00000000000000000 1.70000000004957852
2 -305.52747559068524197 -216.81088912207030717 12.99999999999786837 0.49999999999999989 -0.86602540378443882 0.00000000000000011 -0.86602540378443882 -0.49999999999999989 -0.00000000000000008 0.00000000000000012 -0.00000000000000006 -1.00000000000000000 1.70000000004957852
2 -0.00000000000003309 -715.99999995339703673 0.00000000000000000 0.00000000000000000 0.00000000000000000 -1.00000000000000000 -1.00000000000000000 -0.00000000000000000 -0.00000000000000000 -0.00000000000000000 1.00000000000000000 0.00000000000000000 584.07418906813177273
6 0 1 -292.53709455407363293 -209.31088913336668611 0.00000000000000000  -292.03709455403947004 -210.17691453713138117 0.00000000000000000  
7 0 0  1 2 2  -292.53709455407346240 -209.31088913336657242 93.00000000000000000  -292.03709455403924267 -210.17691453713126748 93.00000000000000000 
 0.00000000000000000 2 1.00000000000000000 2
2 -0.00000000000003309 -715.99999995339703673 93.00000000000000000 0.00000000000000000 0.00000000000000000 -1.00000000000000000 -1.00000000000000000 -0.00000000000000000 -0.00000000000000000 -0.00000000000000000 1.00000000000000000 0.00000000000000000 584.07418906813177273
1 -0.00000000000006083 -131.92581088526526401 0.00000000000000000 0.00000000000000000 0.00000000000000000 1.00000000000000000 
1 -292.03709455405663675 -210.17691453714130034 0.00000000000000000 -0.86602540377461945 -0.50000000001700740 0.00000000000000000 
6 0 1 -315.91978045598847302 -222.81088913382595251 0.00000000000000000  -315.41978045597147684 -223.67691453760056675 0.00000000000000000  
6 0 1 -315.91978045598847302 -222.81088913382595251 93.00000000000000000  -315.41978045597147684 -223.67691453760056675 93.00000000000000000  
1 -292.03709455405663675 -210.17691453714130034 93.00000000000000000 -0.86602540377461945 -0.50000000001700740 0.00000000000000000 
1 -315.41978045597147684 -223.67691453760056675 0.00000000000000000 -0.00000000000000000 0.00000000000000000 1.00000000000000000 
2 -305.02747559068524197 -217.67691452585472689 82.99999999999648992 0.49999999999999989 -0.86602540378443882 0.00000000000000011 -0.86602540378443882 -0.49999999999999989 -0.00000000000000008 0.00000000000000012 -0.00000000000000006 -1.00000000000000000 1.70000000004957852
1 -14.46262424324323348 -724.34999995342184320 82.99999999999656097 -0.49999999999999983 0.86602540378443882 -0.00000000000000022 
2 -305.02747559068524197 -217.67691452585472689 12.99999999999786837 0.49999999999999989 -0.86602540378443882 0.00000000000000011 -0.86602540378443882 -0.49999999999999989 -0.00000000000000008 0.00000000000000012 -0.00000000000000006 -1.00000000000000000 1.70000000004957852
1 -14.46262424324322637 -724.34999995342184320 12.99999999999793410 -0.49999999999999983 0.86602540378443882 -0.00000000000000022 
1 -292.03709455403947004 -210.17691453713138117 0.00000000000000000 -0.00000000000000000 -0.00000000000000000 1.00000000000000000 
Polygon3D 0
PolygonOnTriangulations 0
Surfaces 32
1 292.53709455407363293 -209.31088913336668611 0.00000000000000000 0.50000000001700740 0.86602540377461945 -0.00000000000000000 0.86602540377461945 -0.50000000001700740 0.00000000000000000 0.00000000000000000 -0.00000000000000000 -1.00000000000000000 
2 0.00000000000003309 -715.99999995339703673 0.00000000000000000 -0.00000000000000000 -0.00000000000000000 -1.00000000000000000 1.00000000000000000 0.00000000000000000 0.00000000000000000 -0.00000000000000000 1.00000000000000000 -0.00000000000000000 585.07418906813177273
1 292.03709455403947004 -210.17691453713138117 0.00000000000000000 0.86602540376470982 -0.50000000003417144 0.00000000000000000 0.00000000000000000 0.00000000000000000 1.00000000000000000 -0.50000000003417144 -0.86602540376470982 0.00000000000000000 
1 292.03709455405663675 -210.17691453714130034 0.00000000000000000 -0.86602540377462300 0.50000000001700129 0.00000000000000000 0.00000000000000000 0.00000000000000000 -1.00000000000000000 -0.50000000001700129 -0.86602540377462300 -0.00000000000000000 
1 292.53709455407363293 -209.31088913336668611 0.00000000000000000 0.50000000001700740 0.86602540377461945 -0.00000000000000000 0.86602540377461945 -0.50000000001700740 0.00000000000000000 0.00000000000000000 -0.00000000000000000 -1.00000000000000000 
1 292.03709455405663675 -210.17691453714130034 93.00000000000000000 0.00000000000000000 0.00000000000000000 1.00000000000000000 -0.86602540377461945 0.50000000001700740 0.00000000000000000 -0.50000000001700740 -0.86602540377461945 0.00000000000000000 
1 292.03709455405663675 -210.17691453714130034 0.00000000000000000 0.00000000000000000 -0.00000000000000000 -1.00000000000000000 0.86602540377461945 -0.50000000001700740 0.00000000000000000 -0.50000000001700740 -0.86602540377461945 0.00000000000000000 
1 315.41978045597147684 -223.67691453760056675 0.00000000000000000 0.86602540377462300 -0.50000000001700129 0.00000000000000000 0.00000000000000000 0.00000000000000000 1.00000000000000000 -0.50000000001700129 -0.86602540377462300 0.00000000000000000 
2 12.99038105676657295 -723.49999995339703673 82.99999999999656097 -0.50000000000000011 -0.86602540378443871 -0.00000000000000000 0.86602540378443871 -0.50000000000000011 0.00000000000000011 -0.00000000000000010 0.00000000000000006 1.00000000000000000 1.70000000004957852
2 12.99038105676657828 -723.49999995339703673 12.99999999999793765 -0.50000000000000011 -0.86602540378443871 -0.00000000000000000 0.86602540378443871 -0.50000000000000011 0.00000000000000011 -0.00000000000000010 0.00000000000000006 1.00000000000000000 1.70000000004957852
2 -0.00000000000003309 -715.99999995339703673 0.00000000000000000 0.00000000000000000 0.00000000000000000 -1.00000000000000000 -1.00000000000000000 -0.00000000000000000 -0.00000000000000000 -0.00000000000000000 1.00000000000000000 0.00000000000000000 585.07418906813177273
1 0.00000000000006083 -131.92581088526526401 0.00000000000000000 1.00000000000000000 -0.00000000000000016 0.00000000000000000 -0.00000000000000000 0.00000000000000000 1.00000000000000000 -0.00000000000000016 -1.00000000000000000 0.00000000000000000 
1 -0.00000000000006083 -131.92581088526526401 0.00000000000000000 -1.00000000000000000 0.00000000000012183 0.00000000000000000 0.00000000000000000 0.00000000000000000 -1.00000000000000000 -0.00000000000012183 -1.00000000000000000 -0.00000000000000000 
2 0.00000000000003309 -715.99999995339703673 0.00000000000000000 -0.00000000000000000 -0.00000000000000000 -1.00000000000000000 1.00000000000000000 0.00000000000000000 0.00000000000000000 -0.00000000000000000 1.00000000000000000 -0.00000000000000000 585.07418906813177273
9 0 0 0 0 7 1 8 2 2 2 292.53709455407368978 -209.31088913336668611 93.00000000000000000  292.03709455403952688 -210.17691453713138117 93.00000000000000000  
254.63683768916408212 -187.42916562806021830 93.00000000000019895  254.20161623785634220 -188.33259094437229919 93.00000000000019895  
214.82704017624047310 -168.85486361501131114 92.99999999999955946  214.45986103179873794 -169.79003584882849509 92.99999999999955946  
173.45405468820092665 -153.78794865125351521 93.00000000000083844  173.15758962799500864 -154.74887302940010159 93.00000000000083844  
130.89040792432561489 -142.38305387304512806 92.99999999999894840  130.66669200868417988 -143.36347132573848739 92.99999999999894840  
87.52689397970034690 -134.74489224259284015 93.00000000000069633  87.37729432957995357 -135.73836472620220661 93.00000000000069633  
43.76344700762081885 -130.92581088526512190 92.99999999999982947  43.68864718252939383 -131.92581088526588928 92.99999999999982947  
-0.00000000000005684 -130.92581088526526401 93.00000000000000000  -0.00000000000005684 -131.92581088526526401 93.00000000000000000  

1.04719755115711055 8
1.57079632679489678 8

0.00000000000000000 2
1.00000000000000000 2

9 0 0 0 0 7 1 8 2 2 2 -0.00000000000007721 -130.92581088526520716 0.00000000000000000  -0.00000000000013494 -131.92581088526517874 0.00000000000000000  
43.76344700762087570 -130.92581088526532085 0.00000000000000000  43.68864718252945778 -131.92581088526611666 0.00000000000000000  
87.52689397970085849 -134.74489224259198750 0.00000000000000000  87.37729432958012410 -135.73836472620189397 0.00000000000000000  
130.89040792432570015 -142.38305387304677652 0.00000000000000000  130.66669200868517464 -143.36347132573911267 0.00000000000000000  
173.45405468820061401 -153.78794865125234992 0.00000000000000000  173.15758962799358756 -154.74887302939956157 0.00000000000000000  
214.82704017624101311 -168.85486361501159536 0.00000000000000000  214.45986103179976112 -169.79003584882880773 0.00000000000000000  
254.63683768916388317 -187.42916562806013303 0.00000000000000000  254.20161623785600113 -188.33259094437215708 0.00000000000000000  
292.53709455407346240 -209.31088913336657242 0.00000000000000000  292.03709455403924267 -210.17691453713126748 0.00000000000000000  

4.71238898038468967 8
5.23598775602247546 8

0.00000000000000000 2
1.00000000000000000 2

1 292.03709455405663675 -210.17691453714130034 0.00000000000000000 0.50000000001700740 0.86602540377461945 -0.00000000000000000 0.86602540377461945 -0.50000000001700740 0.00000000000000000 0.00000000000000000 -0.00000000000000000 -1.00000000000000000 
1 -292.53709455407363293 -209.31088913336668611 0.00000000000000000 0.50000000001700740 -0.86602540377461945 0.00000000000000000 -0.86602540377461945 -0.50000000001700740 0.00000000000000000 0.00000000000000000 -0.00000000000000000 -1.00000000000000000 
1 -292.03709455405663675 -210.17691453714130034 0.00000000000000000 0.86602540377462300 0.50000000001700129 0.00000000000000000 -0.00000000000000000 0.00000000000000000 1.00000000000000000 0.50000000001700129 -0.86602540377462300 0.00000000000000000 
1 -292.03709455403947004 -210.17691453713138117 0.00000000000000000 -0.86602540376470982 -0.50000000003417144 -0.00000000000000000 0.00000000000000000 0.00000000000000000 -1.00000000000000000 0.50000000003417144 -0.86602540376470982 0.00000000000000000 
2 -0.00000000000003309 -715.99999995339703673 0.00000000000000000 0.00000000000000000 0.00000000000000000 -1.00000000000000000 -1.00000000000000000 -0.00000000000000000 -0.00000000000000000 -0.00000000000000000 1.00000000000000000 0.00000000000000000 585.07418906813177273
9 0 0 0 0 7 1 8 2 2 2 0.00000000000007721 -130.92581088526520716 92.99999999999995737  0.00000000000013494 -131.92581088526517874 92.99999999999995737  
-43.76344700762087570 -130.92581088526532085 93.00000000000044054  -43.68864718252945778 -131.92581088526611666 93.00000000000044054  
-87.52689397970085849 -134.74489224259198750 92.99999999999904787  -87.37729432958012410 -135.73836472620189397 92.99999999999904787  
-130.89040792432570015 -142.38305387304677652 93.00000000000115108  -130.66669200868517464 -143.36347132573911267 93.00000000000115108  
-173.45405468820061401 -153.78794865125234992 92.99999999999916156  -173.15758962799358756 -154.74887302939956157 92.99999999999916156  
-214.82704017624101311 -168.85486361501159536 93.00000000000045475  -214.45986103179976112 -169.79003584882880773 93.00000000000045475  
-254.63683768916388317 -187.42916562806013303 92.99999999999982947  -254.20161623785600113 -188.33259094437215708 92.99999999999982947  
-292.53709455407346240 -209.31088913336657242 93.00000000000000000  -292.03709455403924267 -210.17691453713126748 93.00000000000000000  

4.71238898038468967 8
5.23598775602247546 8

0.00000000000000000 2
1.00000000000000000 2

9 0 0 0 0 7 1 8 2 2 2 -292.53709455407368978 -209.31088913336668611 0.00000000000000000  -292.03709455403952688 -210.17691453713138117 0.00000000000000000  
-254.63683768916408212 -187.42916562806021830 0.00000000000000000  -254.20161623785634220 -188.33259094437229919 0.00000000000000000  
-214.82704017624047310 -168.85486361501131114 0.00000000000000000  -214.45986103179873794 -169.79003584882849509 0.00000000000000000  
-173.45405468820092665 -153.78794865125351521 0.00000000000000000  -173.15758962799500864 -154.74887302940010159 0.00000000000000000  
-130.89040792432561489 -142.38305387304512806 0.00000000000000000  -130.66669200868417988 -143.36347132573848739 0.00000000000000000  
-87.52689397970034690 -134.74489224259284015 0.00000000000000000  -87.37729432957995357 -135.73836472620220661 0.00000000000000000  
-43.76344700762081885 -130.92581088526512190 0.00000000000000000  -43.68864718252939383 -131.92581088526588928 0.00000000000000000  
0.00000000000005684 -130.92581088526526401 0.00000000000000000  0.00000000000005684 -131.92581088526526401 0.00000000000000000  

1.04719755115711055 8
1.57079632679489678 8

0.00000000000000000 2
1.00000000000000000 2

2 0.00000000000003309 -715.99999995339703673 0.00000000000000000 -0.00000000000000000 -0.00000000000000000 -1.00000000000000000 1.00000000000000000 0.00000000000000000 0.00000000000000000 -0.00000000000000000 1.00000000000000000 -0.00000000000000000 584.07418906813177273
1 -292.53709455407363293 -209.31088913336668611 0.00000000000000000 0.50000000001700740 -0.86602540377461945 0.00000000000000000 -0.86602540377461945 -0.50000000001700740 0.00000000000000000 0.00000000000000000 -0.00000000000000000 -1.00000000000000000 
1 -292.03709455405663675 -210.17691453714130034 93.00000000000000000 0.00000000000000000 0.00000000000000000 1.00000000000000000 -0.86602540377461945 -0.50000000001700740 0.00000000000000000 0.50000000001700740 -0.86602540377461945 0.00000000000000000 
1 -292.03709455405663675 -210.17691453714130034 0.00000000000000000 0.00000000000000000 -0.00000000000000000 -1.00000000000000000 0.86602540377461945 0.50000000001700740 0.00000000000000000 0.50000000001700740 -0.86602540377461945 0.00000000000000000 
1 -315.41978045597147684 -223.67691453760056675 0.00000000000000000 -0.86602540377462300 -0.50000000001700129 0.00000000000000000 0.00000000000000000 -0.00000000000000000 -1.00000000000000000 0.50000000001700129 -0.86602540377462300 0.00000000000000000 
2 -12.99038105676675059 -723.49999995339703673 82.99999999999656097 0.49999999999999994 -0.86602540378443882 0.00000000000000011 -0.86602540378443882 -0.49999999999999989 -0.00000000000000008 -0.00000000000000012 0.00000000000000006 1.00000000000000000 1.70000000004957852
2 -12.99038105676674171 -723.49999995339703673 12.99999999999793410 0.49999999999999994 -0.86602540378443882 0.00000000000000011 -0.86602540378443882 -0.49999999999999989 -0.00000000000000008 -0.00000000000000012 0.00000000000000006 1.00000000000000000 1.70000000004957852
2 -0.00000000000003309 -715.99999995339703673 0.00000000000000000 0.00000000000000000 0.00000000000000000 -1.00000000000000000 -1.00000000000000000 -0.00000000000000000 -0.00000000000000000 -0.00000000000000000 1.00000000000000000 0.00000000000000000 584.07418906813177273
1 -292.03709455405663675 -210.17691453714130034 0.00000000000000000 0.50000000001700740 -0.86602540377461945 0.00000000000000000 -0.86602540377461945 -0.50000000001700740 0.00000000000000000 0.00000000000000000 -0.00000000000000000 -1.00000000000000000 
Triangulations 0

TShapes 121
Ve
0.000000102469508
292.537094554073633 -209.310889133366686 0.000000000000000
0 0

0101101
*
Ed
 0.000000100000000 1 1 0
1  1 0 0.000000000000000 93.000000000000000
2  1 2 0 0.000000000000000 93.000000000000000
4 G1 1 0 2 0
2  2 3 0 0.000000000000000 93.000000000000000
2  3 4 0 0.000000000000000 93.000000000000000
2  4 1 0 0.000000000000000 93.000000000000000
0

0101000
+121 0 -121 6 *
Ve
0.000000102469508
315.919780455988473 -222.810889133825953 0.000000000000000
0 0

0101101
*
Ed
 0.000000100000000 1 1 0
2  5 5 0 0.000000000000000 27.000000000000131
1  2 0 0.000000000000000 27.000000000000131
2  6 6 7 0.000000000000000 27.000000000000131
2  7 7 0 0.000000000000000 27.000000000000131
2  8 1 0 0.000000000000000 27.000000000000131
2  9 1 7 0.000000000000000 27.000000000000131
0

0101000
+121 0 -119 0 *
Ed
 0.000000102469508 1 1 0
1  3 0 0.000000000000000 93.000000000000000
2  10 1 0 0.000000000000000 93.000000000000000
2  11 8 0 0.000000000000000 93.000000000000000
0

0101000
+119 0 -119 6 *
Wi

0101100
+120 5 -118 5 +118 8 -117 5 *
Ve
0.000000100033417
306.999718777144949 -217.660889122123990 82.999999999996504
0 0

0101101
*
Ed
 0.000000100000000 1 1 0
1  4 0 0.000000000000000 6.283185307179586
2  12 1 5 0.000000000000000 6.283185307179586
2  13 9 0 0.000000000000000 6.283185307179586
0

0101100
+115 0 -115 0 *
Wi

0101100
+114 0 *
Ve
0.000000100033417
306.999718777144949 -217.660889122123990 12.999999999997877
0 0

0101101
*
Ed
 0.000000100000000 1 1 0
1  5 0 0.000000000000000 6.283185307179586
2  14 1 5 0.000000000000000 6.283185307179586
2  15 10 0 0.000000000000000 6.283185307179586
0

0101100
+112 0 -112 0 *
Wi

0101100
+111 0 *
Fa
0  0.000000100000000 1 5

0101000
+116 0 +113 0 +110 0 *
Ve
0.000000102469508
0.000000000000061 -130.925810885265264 0.000000000000000
0 0

0101101
*
Ed
 0.000000100000000 1 1 0
1  6 0 0.000000000000000 93.000000000000000
2  16 2 0 0.000000000000000 93.000000000000000
2  17 11 0 0.000000000000000 93.000000000000000
4 C2 2 0 11 0
2  18 12 0 0.000000000000000 93.000000000000000
2  19 13 0 0.000000000000000 93.000000000000000
0

0101000
+108 0 -108 6 *
Ed
 0.000000100000000 1 1 0
2  20 14 0 1.047197551157111 1.570796326794897
1  7 0 1.047197551157111 1.570796326794897
2  21 2 0 1.047197551157111 1.570796326794897
2  22 2 7 1.047197551157111 1.570796326794897
2  23 15 7 1.047197551157111 1.570796326794897
2  24 16 0 1.047197551157111 1.570796326794897
0

0101000
+121 0 -108 0 *
Wi

0101100
+120 0 -107 0 -106 0 +106 6 *
Fa
0  0.000000100000000 2 0

0101000
+105 0 *
Ve
0.000000102469508
315.419780455971477 -223.676914537600567 0.000000000000000
0 0

0101101
*
Ed
 0.000000100000000 1 1 0
1  8 0 0.000000000000000 1.000000000000000
4 C0 8 0 7 0
2  25 7 0 0.000000000000000 1.000000000000000
2  26 8 0 0.000000000000000 1.000000000000000
0

0101000
+119 0 -103 0 *
Ve
0.000000102479421
292.037094554048053 -210.176914537136327 0.000000000000000
0 0

0101101
*
Ed
 0.000000100000000 1 1 0
2  27 17 0 0.000000000000000 27.000000000000131
1  9 0 0.000000000000000 27.000000000000131
2  28 7 0 0.000000000000000 27.000000000000131
0

0101000
+101 0 -103 0 *
Ed
 0.000000100018169 1 1 0
1  10 0 0.000000000000000 1.000000000000000
4 C0 4 0 7 0
2  29 4 0 0.000000000000000 1.000000000000000
2  30 7 0 0.000000000000000 1.000000000000000
2  31 16 0 0.000000000000000 1.000000000000000
0

0101000
+121 0 -101 0 *
Wi

0101100
+118 0 +102 0 -100 0 -99 0 *
Fa
0  0.000000100000000 7 0

0101000
+98 0 *
Ve
0.000000102479421
292.037094554048053 -210.176914537136327 93.000000000000000
0 0

0101101
*
Ed
 0.000000100018169 1 1 0
1  11 0 0.000000000000000 1.000000000000000
4 C0 6 0 4 0
2  32 6 0 0.000000000000000 1.000000000000000
2  33 4 0 0.000000000000000 1.000000000000000
2  34 15 0 0.000000000000000 1.000000000000000
0

0101000
+121 6 -96 0 *
Ve
0.000000102469508
315.419780455971477 -223.676914537600567 93.000000000000000
0 0

0101101
*
Ed
 0.000000100000000 1 1 0
2  35 17 0 0.000000000000000 27.000000000000131
1  12 0 0.000000000000000 27.000000000000131
2  36 6 0 0.000000000000000 27.000000000000131
0

0101000
+96 0 -94 0 *
Ed
 0.000000100000000 1 1 0
1  13 0 0.000000000000000 1.000000000000000
4 C0 8 0 6 0
2  37 6 0 0.000000000000000 1.000000000000000
2  38 8 0 0.000000000000000 1.000000000000000
0

0101000
+119 6 -94 0 *
Wi

0101100
-118 6 +95 0 +93 0 -92 0 *
Fa
0  0.000000100000000 6 0

0101000
+91 0 *
Ed
 0.000000100000000 1 1 0
2  39 17 0 0.000000000000000 93.000000000000000
1  14 0 0.000000000000000 93.000000000000000
2  40 8 0 0.000000000000000 93.000000000000000
0

0101000
+103 0 -94 0 *
Wi

0101000
+117 0 +92 0 -89 0 -102 0 *
Fa
0  0.000000100000000 8 0

0101000
+88 0 *
Ve
0.000000100033466
306.499718777144949 -218.526914525908467 82.999999999996504
0 0

0101101
*
Ed
 0.000000100000000 1 1 0
1  15 0 0.000000000000000 6.283185307179586
2  41 17 5 0.000000000000000 6.283185307179586
2  42 9 0 0.000000000000000 6.283185307179586
0

0101100
+86 0 -86 0 *
Ed
 0.000000100000000 1 1 0
1  16 0 584.074189067803786 585.074189067803786
3  43 44CN 9 0 584.074189067803786 585.074189067803786
0

0101000
+86 0 -115 0 *
Wi

0101100
-85 0 -84 0 +114 0 +84 0 *
Fa
0  0.000000100000000 9 0

0101000
+83 0 *
Ve
0.000000100033466
306.499718777144949 -218.526914525908467 12.999999999997877
0 0

0101101
*
Ed
 0.000000100000000 1 1 0
1  17 0 0.000000000000000 6.283185307179586
2  45 17 5 0.000000000000000 6.283185307179586
2  46 10 0 0.000000000000000 6.283185307179586
0

0101100
+81 0 -81 0 *
Ed
 0.000000100000000 1 1 0
1  18 0 584.074189067803786 585.074189067803786
3  47 48CN 10 0 584.074189067803786 585.074189067803786
0

0101000
+81 0 -112 0 *
Wi

0101100
-80 0 -79 0 +111 0 +79 0 *
Fa
0  0.000000100000000 10 0

0101000
+78 0 *
Ve
0.000000102469508
-292.537094554073633 -209.310889133366686 0.000000000000000
0 0

0101101
*
Ed
 0.000000100000000 1 1 0
1  19 0 0.000000000000000 93.000000000000000
2  49 11 0 0.000000000000000 93.000000000000000
4 G1 11 0 18 0
2  50 19 0 0.000000000000000 93.000000000000000
2  51 20 0 0.000000000000000 93.000000000000000
2  52 18 0 0.000000000000000 93.000000000000000
0

0101000
+76 0 -76 6 *
Ed
 0.000000100000000 1 1 0
2  53 21 0 1.047197551157111 1.570796326794897
1  20 0 1.047197551157111 1.570796326794897
2  54 11 0 1.047197551157111 1.570796326794897
2  55 11 7 1.047197551157111 1.570796326794897
2  56 22 7 1.047197551157111 1.570796326794897
2  57 23 0 1.047197551157111 1.570796326794897
0

0101000
+76 0 -108 0 *
Wi

0101100
+75 0 -107 0 -74 0 +74 6 *
Fa
0  0.000000100000000 11 0

0101000
+73 0 *
Ve
0.000000102469568
-0.000000000000000 -131.925810885265264 0.000000000000000
0 0

0101101
*
Ed
 0.000000100000000 1 1 0
2  21 24 0 1.047197551157111 1.570796326794897
1  21 0 1.047197551157111 1.570796326794897
2  58 16 0 1.047197551157111 1.570796326794897
0

0101000
+101 0 -71 0 *
Ed
 0.000000100000112 1 1 0
1  22 0 0.000000000000000 1.000000000000000
2  59 16 0 0.000000000000000 1.000000000000000
4 C0 13 0 16 0
2  60 13 0 0.000000000000000 1.000000000000000
2  61 23 0 0.000000000000000 1.000000000000000
0

0101000
+108 0 -71 0 *
Wi

0101100
-106 0 +99 0 +70 0 -69 0 *
Fa
0  0.000000100000000 16 0

0101000
+68 0 *
Ve
0.000000102469568
-0.000000000000000 -131.925810885265264 93.000000000000000
0 0

0101101
*
Ed
 0.000000100000118 1 1 0
1  23 0 0.000000000000000 1.000000000000000
2  62 15 0 0.000000000000000 1.000000000000000
4 C0 15 0 13 0
2  63 13 0 0.000000000000000 1.000000000000000
2  64 22 0 0.000000000000000 1.000000000000000
0

0101000
+108 6 -66 0 *
Ed
 0.000000100000000 1 1 0
2  22 24 0 1.047197551157111 1.570796326794897
1  24 0 1.047197551157111 1.570796326794897
2  65 15 0 1.047197551157111 1.570796326794897
0

0101000
+96 0 -66 0 *
Wi

0101100
+106 6 +65 0 -64 0 -95 0 *
Fa
0  0.000000100000000 15 0

0101000
+63 0 *
Ed
 0.000000100019826 1 1 0
2  66 17 0 0.000000000000000 93.000000000000000
1  25 0 0.000000000000000 93.000000000000000
2  67 4 0 0.000000000000000 93.000000000000000
2  68 24 0 0.000000000000000 93.000000000000000
0

0101000
+101 0 -96 0 *
Wi

0101100
+61 5 -100 5 +93 5 -89 5 *
Wi

0101100
+85 0 *
Wi

0101100
+80 0 *
Fa
0  0.000000100000000 17 5

0101000
+60 0 +59 0 +58 0 *
Ve
0.000000102469508
-315.919780455988473 -222.810889133825953 0.000000000000000
0 0

0101101
*
Ed
 0.000000100000000 1 1 0
2  69 25 0 0.000000000000000 27.000000000000131
1  26 0 0.000000000000000 27.000000000000131
2  70 26 7 0.000000000000000 27.000000000000131
2  71 27 0 0.000000000000000 27.000000000000131
