
CASCADE Topology V1, (c) Matra-Datavision
Locations 46
1
1.000000000000000 0.000000000000000 0.000000000000000 0.000000000000000 
0.000000000000000 1.000000000000000 0.000000000000000 0.000000000000000 
0.000000000000000 0.000000000000000 1.000000000000000 0.000000000000000 
1
1.000000000000000 0.000000000000000 0.000000000000000 0.000000000000000 
0.000000000000000 1.000000000000000 0.000000000000000 0.000000000000000 
0.000000000000000 0.000000000000000 1.000000000000000 0.000000000000000 
1
1.000000000000000 0.000000000000000 0.000000000000000 0.000000000000000 
0.000000000000000 1.000000000000000 0.000000000000000 0.000000000000000 
0.000000000000000 0.000000000000000 1.000000000000000 0.000000000000000 
2  2 1 3 -1 0
1
1.000000000000000 0.000000000000000 0.000000000000000 0.000000000000000 
0.000000000000000 1.000000000000000 0.000000000000000 0.000000000000000 
0.000000000000000 0.000000000000000 1.000000000000000 0.000000000000000 
1
1.000000000000000 0.000000000000000 0.000000000000000 0.000000000000000 
0.000000000000000 1.000000000000000 0.000000000000000 0.000000000000000 
0.000000000000000 0.000000000000000 1.000000000000000 0.000000000000000 
1
1.000000000000000 0.000000000000000 0.000000000000000 0.000000000000000 
0.000000000000000 1.000000000000000 0.000000000000000 0.000000000000000 
0.000000000000000 0.000000000000000 1.000000000000000 0.000000000000000 
1
1.000000000000000 0.000000000000000 0.000000000000000 0.000000000000000 
0.000000000000000 1.000000000000000 0.000000000000000 0.000000000000000 
0.000000000000000 0.000000000000000 1.000000000000000 0.000000000000000 
1
1.000000000000000 0.000000000000000 0.000000000000000 0.000000000000000 
0.000000000000000 1.000000000000000 0.000000000000000 0.000000000000000 
0.000000000000000 0.000000000000000 1.000000000000000 0.000000000000000 
1
1.000000000000000 0.000000000000000 0.000000000000000 0.000000000000000 
0.000000000000000 1.000000000000000 0.000000000000000 0.000000000000000 
0.000000000000000 0.000000000000000 1.000000000000000 0.000000000000000 
1
1.000000000000000 0.000000000000000 0.000000000000000 0.000000000000000 
0.000000000000000 1.000000000000000 0.000000000000000 0.000000000000000 
0.000000000000000 0.000000000000000 1.000000000000000 0.000000000000000 
1
1.000000000000000 0.000000000000000 0.000000000000000 0.000000000000000 
0.000000000000000 1.000000000000000 0.000000000000000 0.000000000000000 
0.000000000000000 0.000000000000000 1.000000000000000 0.000000000000000 
2  5 -1 6 -1 7 1 8 1 9 1 10 1 11 1 12 -1 0
1
1.000000000000000 0.000000000000000 0.000000000000000 0.000000000000000 
0.000000000000000 1.000000000000000 0.000000000000000 0.000000000000000 
0.000000000000000 0.000000000000000 1.000000000000000 3.000000000000000 
2  5 -1 6 -1 7 1 8 1 9 1 10 1 11 1 12 -1 14 1 0
1
1.000000000000000 0.000000000000000 0.000000000000000 0.000000000000000 
0.000000000000000 1.000000000000000 0.000000000000000 0.000000000000000 
0.000000000000000 0.000000000000000 1.000000000000000 0.000000000000000 
1
1.000000000000000 0.000000000000000 0.000000000000000 0.000000000000000 
0.000000000000000 1.000000000000000 0.000000000000000 0.000000000000000 
0.000000000000000 0.000000000000000 1.000000000000000 0.000000000000000 
2  16 1 17 -1 3 1 2 -1 0
2  7 1 8 1 9 1 10 1 11 1 12 -1 0
2  9 -1 8 -1 7 -1 0
2  12 1 11 -1 10 -1 9 -1 8 -1 7 -1 0
2  14 -1 12 1 11 -1 10 -1 9 -1 8 -1 7 -1 0
2  5 -1 6 -1 0
2  7 1 8 1 9 1 10 1 11 1 12 -1 14 1 0
1
1.000000000000000 0.000000000000000 0.000000000000000 0.000000000000000 
0.000000000000000 1.000000000000000 0.000000000000000 0.000000000000000 
0.000000000000000 0.000000000000000 1.000000000000000 0.000000000000000 
2  6 1 25 1 9 1 10 1 11 1 12 -1 2 1 3 -1 0
2  12 1 11 -1 10 -1 9 -1 25 -1 6 -1 0
2  14 -1 12 1 11 -1 10 -1 9 -1 25 -1 6 -1 0
2  9 -1 25 -1 6 -1 0
2  5 -1 6 -1 7 1 8 1 25 -1 6 -1 0
2  3 1 2 -1 12 1 11 -1 10 -1 9 -1 25 -1 6 -1 0
2  6 1 25 1 9 1 10 1 11 1 12 -1 14 1 2 1 3 -1 0
2  3 1 2 -1 14 -1 12 1 11 -1 10 -1 9 -1 25 -1 6 -1 0
2  10 1 11 1 12 -1 2 1 3 -1 0
2  7 1 8 1 9 1 10 1 11 1 12 -1 2 1 3 -1 0
2  16 1 17 -1 3 1 2 -1 12 1 11 -1 10 -1 9 -1 8 -1 7 -1 0
2  16 1 17 -1 3 1 2 -1 14 -1 12 1 11 -1 10 -1 9 -1 8 -1 7 -1 0
2  16 1 17 -1 0
2  5 -1 6 -1 7 1 8 1 9 1 10 1 11 1 12 -1 2 1 3 -1 0
2  17 -1 0
2  10 1 11 1 12 -1 14 1 2 1 3 -1 0
2  7 1 8 1 9 1 10 1 11 1 12 -1 14 1 2 1 3 -1 0
2  5 -1 6 -1 7 1 8 1 9 1 10 1 11 1 12 -1 14 1 2 1 3 -1 0
2  3 1 2 -1 0
2  6 1 25 1 9 1 10 1 11 1 12 -1 0
2  6 1 25 1 9 1 10 1 11 1 12 -1 14 1 0
Curve2ds 131
1 0.00000000000000000 0.00000000000000000 0.00000000000000000 -1.00000000000000000 
1 0.00000000000000000 0.00000000000000000 0.00000000000000000 -1.00000000000000000 
1 14.50000000000001066 -0.00000000000000000 0.00000000000000000 -1.00000000000000000 
1 0.00000000000000000 0.00000000000000000 0.00000000000000000 -1.00000000000000000 
1 0.00000000000000000 -362.25451715559307786 0.00000000000000000 1.00000000000000000 
1 3.00000000000000000 -362.25451715559307786 -0.00000000000000000 1.00000000000000000 
1 0.00000000000000124 -176.04135436847519713 -1.00000000000000000 0.00000000000000000 
1 0.00000000000000000 0.00000000000000000 1.00000000000000000 0.00000000000000000 
1 0.00000000000000000 -3.00000000000000000 1.00000000000000000 0.00000000000000000 
1 0.00000000000000000 0.00000000000000000 1.00000000000000000 0.00000000000000000 
1 0.00000000000000000 -3.00000000000000000 1.00000000000000000 0.00000000000000000 
1 0.00000000000000124 -176.04135436847519713 1.00000000000000000 0.00000000000000000 
1 4.71238898038468879 0.00000000000000000 0.00000000000000000 -1.00000000000000000 
1 0.00000000000000000 0.00000000000000000 0.00000000000000000 -1.00000000000000000 
1 11.50000000000001066 -362.25451715559307786 0.00000000000000000 1.00000000000000000 
1 63.00641495328051178 0.00000000000000000 0.00000000000000000 -1.00000000000000000 
1 0.00000000000000000 0.00000000000000000 0.00000000000000000 -1.00000000000000000 
1 2.26046237088744917 -362.25451715559307786 0.00000000000000000 1.00000000000000000 
1 0.00000000000000000 -362.25451715559307786 0.00000000000000000 1.00000000000000000 
1 -14.50000000000000888 -176.04135436847519713 -0.43011493385387412 0.90277413768665171 
1 0.00000000000000000 0.00000000000000000 1.00000000000000000 0.00000000000000000 
1 0.00000000000000000 -3.00000000000000000 1.00000000000000000 0.00000000000000000 
1 -41.60000000000000142 -119.16079244030001405 0.00000000000000000 1.00000000000000000 
1 0.00000000000000000 0.00000000000000000 1.00000000000000000 0.00000000000000000 
1 0.00000000000000000 -3.00000000000000000 1.00000000000000000 0.00000000000000000 
1 -41.60000000000000142 145.34835172134819459 0.86602540378443837 0.50000000000000044 
1 0.00000000000000000 0.00000000000000000 1.00000000000000000 0.00000000000000000 
1 0.00000000000000000 -3.00000000000000000 1.00000000000000000 0.00000000000000000 
1 -15.49999999999999822 160.41719374719744451 -0.50000000000000000 0.86602540378443871 
1 0.00000000000000000 0.00000000000000000 1.00000000000000000 0.00000000000000000 
1 0.00000000000000000 -3.00000000000000000 1.00000000000000000 0.00000000000000000 
1 -0.00000000000002905 -362.25451715559307786 1.00000000000000000 0.00000000000000000 
1 -0.00000000000002905 -359.25451715559307786 1.00000000000000000 0.00000000000000000 
1 0.00000000000000000 0.00000000000000000 1.00000000000000000 0.00000000000000000 
1 0.00000000000000000 -3.00000000000000000 1.00000000000000000 0.00000000000000000 
1 -17.00000000000000000 163.01526995855076052 0.86602540378443860 0.50000000000000022 
8 -86.41511226738720097 -85.95101065224943682
1 -0.00000000000062251 86.41511226738720097 -0.00000000000000726 -1.00000000000000000 
8 -86.41511226738720097 -85.95101065224943682
1 86.41511226738720097 -362.25451715559307786 1.00000000000000000 0.00000000000000000 
1 86.41511226738720097 -362.25451715559307786 1.00000000000000000 0.00000000000000000 
2 0.00000000000000124 169.36612291963663779 1.00000000000000000 0.00000000000000000 -0.00000000000000000 1.00000000000000000 3.00000000000000000
1 0.00000000000000000 -362.25451715559307786 1.00000000000000000 0.00000000000000000 
1 3.14159265358979312 -362.25451715559307786 -1.00000000000000000 0.00000000000000000 
1 0.00000000000000000 0.00000000000000000 1.00000000000000000 0.00000000000000000 
1 0.00000000000000000 -3.00000000000000000 1.00000000000000000 0.00000000000000000 
1 17.00000000000000000 163.01526995855076052 -0.86602540378443860 0.50000000000000022 
1 0.00000000000000000 0.00000000000000000 1.00000000000000000 0.00000000000000000 
1 0.00000000000000000 -3.00000000000000000 1.00000000000000000 0.00000000000000000 
1 15.50000000000000178 160.41719374719744451 0.50000000000000000 0.86602540378443871 
1 -0.00000000000002905 -362.25451715559307786 1.00000000000000000 0.00000000000000000 
1 -0.00000000000002905 -359.25451715559307786 1.00000000000000000 0.00000000000000000 
2 16.88564064605490600 159.61719374719766051 1.00000000000000000 0.00000000000000000 -0.00000000000000000 1.00000000000000000 1.59999999999991460
1 0.00000000000000000 -362.25451715559307786 1.00000000000000000 0.00000000000000000 
1 0.00000000000000000 0.00000000000000000 1.00000000000000000 0.00000000000000000 
1 0.00000000000000000 -3.00000000000000000 1.00000000000000000 0.00000000000000000 
1 41.60000000000000142 145.34835172134819459 -0.86602540378443837 0.50000000000000044 
2 38.60000000000000142 143.61630091377932672 1.00000000000000000 0.00000000000000000 -0.00000000000000000 1.00000000000000000 3.00000000000000000
1 0.00000000000000000 -362.25451715559307786 1.00000000000000000 0.00000000000000000 
1 0.00000000000000000 0.00000000000000000 1.00000000000000000 0.00000000000000000 
1 0.00000000000000000 -3.00000000000000000 1.00000000000000000 0.00000000000000000 
1 41.60000000000000142 -119.16079244030001405 0.00000000000000000 1.00000000000000000 
2 31.60000000000005471 -116.90033006941234817 1.00000000000000000 0.00000000000000000 -0.00000000000000000 1.00000000000000000 10.00000000000000000
1 0.00000000000000000 -362.25451715559307786 1.00000000000000000 0.00000000000000000 
1 0.00000000000000000 0.00000000000000000 1.00000000000000000 0.00000000000000000 
1 0.00000000000000000 -3.00000000000000000 1.00000000000000000 0.00000000000000000 
1 14.50000000000001243 -176.04135436847519713 0.43011493385387412 0.90277413768665171 
2 11.50000000000001776 -171.28895327222232936 1.00000000000000000 0.00000000000000000 -0.00000000000000000 1.00000000000000000 4.75240109625286333
1 0.00000000000000000 -362.25451715559307786 1.00000000000000000 0.00000000000000000 
8 -86.41511226738720097 -85.95101065224943682
1 -0.00000000000062251 86.41511226738720097 -0.00000000000000726 -1.00000000000000000 
8 -86.41511226738720097 -85.95101065224943682
1 86.41511226738720097 -359.25451715559307786 1.00000000000000000 0.00000000000000000 
1 86.41511226738720097 -359.25451715559307786 1.00000000000000000 0.00000000000000000 
2 0.00000000000000124 169.36612291963663779 1.00000000000000000 0.00000000000000000 -0.00000000000000000 1.00000000000000000 3.00000000000000000
1 0.00000000000000000 -359.25451715559307786 1.00000000000000000 0.00000000000000000 
1 3.14159265358979312 -359.25451715559307786 -1.00000000000000000 0.00000000000000000 
2 16.88564064605490600 159.61719374719766051 1.00000000000000000 0.00000000000000000 -0.00000000000000000 1.00000000000000000 1.59999999999991460
1 0.00000000000000000 -359.25451715559307786 1.00000000000000000 0.00000000000000000 
2 38.60000000000000142 143.61630091377932672 1.00000000000000000 0.00000000000000000 -0.00000000000000000 1.00000000000000000 3.00000000000000000
1 0.00000000000000000 -359.25451715559307786 1.00000000000000000 0.00000000000000000 
2 31.60000000000005471 -116.90033006941234817 1.00000000000000000 0.00000000000000000 -0.00000000000000000 1.00000000000000000 10.00000000000000000
1 0.00000000000000000 -359.25451715559307786 1.00000000000000000 0.00000000000000000 
2 11.50000000000001776 -171.28895327222232936 1.00000000000000000 0.00000000000000000 -0.00000000000000000 1.00000000000000000 4.75240109625286333
1 0.00000000000000000 -359.25451715559307786 1.00000000000000000 0.00000000000000000 
1 5.83855957305824536 0.00000000000000000 0.00000000000000000 -1.00000000000000000 
1 2.99997315284715249 0.00000000000000000 0.00000000000000000 -1.00000000000000000 
1 2.99997315284715338 -362.25451715559307786 0.00000000000000000 1.00000000000000000 
1 264.50914416164823706 0.00000000000000000 0.00000000000000000 -1.00000000000000000 
1 0.00000000000000000 0.00000000000000000 0.00000000000000000 -1.00000000000000000 
1 1.73205080756886787 -362.25451715559307786 0.00000000000000000 1.00000000000000000 
1 0.00000000000000000 -362.25451715559307786 0.00000000000000000 1.00000000000000000 
1 30.13768405169847497 0.00000000000000000 0.00000000000000000 -1.00000000000000000 
1 0.00000000000000000 0.00000000000000000 0.00000000000000000 -1.00000000000000000 
8 0.00000000000000000 3.00000000000000000
1 2.61799387799154060 -362.25451715559307786 -0.00000000000000000 1.00000000000000000 
1 -0.00000000000002905 -362.25451715559307786 0.00000000000000000 1.00000000000000000 
1 0.00000000000000000 0.00000000000000000 0.00000000000000000 -1.00000000000000000 
1 3.00000000000000000 0.00000000000000000 0.00000000000000000 -1.00000000000000000 
1 2.99999999999999423 -362.25451715559307786 0.00000000000000000 1.00000000000000000 
1 19.62990915244727930 0.00000000000000000 0.00000000000000000 -1.00000000000000000 
1 19.62990915244727930 0.00000000000000000 0.00000000000000000 -1.00000000000000000 
1 1.73205080756888563 -362.25451715559307786 0.00000000000000000 1.00000000000000000 
1 -0.00000000000000000 -362.25451715559307786 0.00000000000000000 1.00000000000000000 
1 1.73205080756888563 -362.25451715559307786 0.00000000000000000 1.00000000000000000 
1 0.00000000000000000 -362.25451715559307786 0.00000000000000000 1.00000000000000000 
1 1.57079632679489656 0.00000000000000000 0.00000000000000000 -1.00000000000000000 
1 0.46410161513776416 0.00000000000000000 0.00000000000000000 -1.00000000000000000 
8 359.25451715559307786 362.25451715559307786
1 1.57079632679489656 0.00000000000000000 0.00000000000000000 -1.00000000000000000 
1 0.46410161513776416 0.00000000000000000 0.00000000000000000 -1.00000000000000000 
1 1.04719755119659585 0.00000000000000000 0.00000000000000000 -1.00000000000000000 
1 0.00000000000000000 0.00000000000000000 0.00000000000000000 -1.00000000000000000 
1 17.89785834487839011 -362.25451715559307786 0.00000000000000000 1.00000000000000000 
1 2.09439510239319704 0.00000000000000000 0.00000000000000000 -1.00000000000000000 
1 0.00000000000000000 0.00000000000000000 0.00000000000000000 -1.00000000000000000 
1 3.00000000000000000 0.00000000000000000 0.00000000000000000 -1.00000000000000000 
1 2.99999999999999423 -362.25451715559307786 0.00000000000000000 1.00000000000000000 
1 0.00000000000000000 0.00000000000000000 0.00000000000000000 -1.00000000000000000 
1 30.13768405169847497 0.00000000000000000 0.00000000000000000 -1.00000000000000000 
8 0.00000000000000000 3.00000000000000000
1 2.61799387799154060 -362.25451715559307786 -0.00000000000000000 1.00000000000000000 
1 -0.00000000000002905 -362.25451715559307786 0.00000000000000000 1.00000000000000000 
1 5.75958653158127465 0.00000000000000000 0.00000000000000000 -1.00000000000000000 
1 3.00665927567398361 0.00000000000000000 0.00000000000000000 -1.00000000000000000 
1 26.93768405169883451 -362.25451715559307786 0.00000000000000000 1.00000000000000000 
1 1.04719755119659563 0.00000000000000000 0.00000000000000000 -1.00000000000000000 
1 1.73205080756887586 0.00000000000000000 0.00000000000000000 -1.00000000000000000 
1 1.73205080756888208 -362.25451715559307786 0.00000000000000000 1.00000000000000000 
1 -0.00000000000000355 0.00000000000000000 0.00000000000000000 -1.00000000000000000 
1 0.00000000000000000 0.00000000000000000 0.00000000000000000 -1.00000000000000000 
1 262.77709335407934077 -362.25451715559307786 0.00000000000000000 1.00000000000000000 
1 6.28318788833327435 0.00000000000000000 0.00000000000000000 -1.00000000000000000 
1 2.26048818242455241 0.00000000000000000 0.00000000000000000 -1.00000000000000000 
1 2.26048818242455241 -362.25451715559307786 0.00000000000000000 1.00000000000000000 
1 5.83856522224514585 0.00000000000000000 0.00000000000000000 -1.00000000000000000 
1 0.00000000000000000 0.00000000000000000 0.00000000000000000 -1.00000000000000000 
1 60.74595258239305906 -362.25451715559307786 0.00000000000000000 1.00000000000000000 
Curves 42
1 0.00000000000000000 -167.50000000000000000 0.00000000000000000 0.00000000000000000 0.00000000000000000 1.00000000000000000 
1 -14.50000000000001066 -167.50000000000000000 0.00000000000000000 0.00000000000000000 0.00000000000000000 1.00000000000000000 
1 0.00000000000000000 -167.50000000000000000 0.00000000000000000 -1.00000000000000000 -0.00000000000000000 -0.00000000000000000 
1 0.00000000000000000 -167.50000000000000000 0.00000000000000000 1.00000000000000000 0.00000000000000000 0.00000000000000000 
1 11.50000000000001066 -167.50000000000000000 362.25451715559307786 -0.00000000000000000 -0.00000000000000000 -1.00000000000000000 
1 -41.60000000000000142 -110.61943807182483113 0.00000000000000000 0.00000000000000000 0.00000000000000000 1.00000000000000000 
1 -14.50000000000001066 -167.50000000000000000 0.00000000000000000 -0.43011493385387412 0.90277413768665171 -0.00000000000000000 
1 -41.60000000000000142 -110.61943807182483113 0.00000000000000000 -0.00000000000000000 1.00000000000000000 -0.00000000000000000 
1 -41.60000000000000142 153.88970608982339172 0.00000000000000000 0.86602540378443837 0.50000000000000044 -0.00000000000000000 
1 -15.50000000000000000 168.95854811567264164 0.00000000000000000 -0.50000000000000000 0.86602540378443871 -0.00000000000000000 
1 -17.00000000000000000 171.55662432702595765 0.00000000000000000 0.86602540378443860 0.50000000000000022 -0.00000000000000000 
1 -0.00000000000062375 94.95646663586239811 0.00000000000000000 -0.00000000000000726 -1.00000000000000000 0.00000000000000000 
2 0.00000000000000000 177.90747728811183492 0.00000000000000000 0.00000000000000000 0.00000000000000000 1.00000000000000000 1.00000000000000000 0.00000000000000000 -0.00000000000000000 -0.00000000000000000 1.00000000000000000 0.00000000000000000 3.00000000000000000
1 17.00000000000000000 171.55662432702595765 0.00000000000000000 -0.86602540378443849 0.50000000000000011 0.00000000000000000 
1 15.50000000000000000 168.95854811567264164 0.00000000000000000 0.50000000000000000 0.86602540378443871 0.00000000000000000 
2 16.88564064605490600 168.15854811567285765 0.00000000000000000 0.00000000000000000 0.00000000000000000 1.00000000000000000 1.00000000000000000 0.00000000000000000 -0.00000000000000000 -0.00000000000000000 1.00000000000000000 0.00000000000000000 1.59999999999991460
1 41.60000000000000142 153.88970608982339172 0.00000000000000000 -0.86602540378443837 0.50000000000000044 0.00000000000000000 
2 38.60000000000000142 152.15765528225452385 0.00000000000000000 0.00000000000000000 0.00000000000000000 1.00000000000000000 1.00000000000000000 0.00000000000000000 -0.00000000000000000 -0.00000000000000000 1.00000000000000000 0.00000000000000000 3.00000000000000000
1 41.60000000000000142 -110.61943807182483113 0.00000000000000000 0.00000000000000000 1.00000000000000000 0.00000000000000000 
2 31.60000000000005471 -108.35897570093715103 0.00000000000000000 0.00000000000000000 0.00000000000000000 1.00000000000000000 1.00000000000000000 0.00000000000000000 -0.00000000000000000 -0.00000000000000000 1.00000000000000000 0.00000000000000000 10.00000000000000000
1 14.50000000000001066 -167.50000000000000000 0.00000000000000000 0.43011493385387412 0.90277413768665171 0.00000000000000000 
2 11.50000000000001599 -162.74759890374713223 0.00000000000000000 0.00000000000000000 0.00000000000000000 1.00000000000000000 1.00000000000000000 0.00000000000000000 -0.00000000000000000 -0.00000000000000000 1.00000000000000000 0.00000000000000000 4.75240109625286333
1 -0.00000000000062375 94.95646663586239811 3.00000000000000000 -0.00000000000000726 -1.00000000000000000 0.00000000000000000 
2 0.00000000000000000 177.90747728811183492 3.00000000000000000 0.00000000000000000 0.00000000000000000 1.00000000000000000 1.00000000000000000 0.00000000000000000 -0.00000000000000000 -0.00000000000000000 1.00000000000000000 0.00000000000000000 3.00000000000000000
2 16.88564064605490600 168.15854811567285765 3.00000000000000000 0.00000000000000000 0.00000000000000000 1.00000000000000000 1.00000000000000000 0.00000000000000000 -0.00000000000000000 -0.00000000000000000 1.00000000000000000 0.00000000000000000 1.59999999999991460
2 38.60000000000000142 152.15765528225452385 3.00000000000000000 0.00000000000000000 0.00000000000000000 1.00000000000000000 1.00000000000000000 0.00000000000000000 -0.00000000000000000 -0.00000000000000000 1.00000000000000000 0.00000000000000000 3.00000000000000000
2 31.60000000000005471 -108.35897570093715103 3.00000000000000000 0.00000000000000000 0.00000000000000000 1.00000000000000000 1.00000000000000000 0.00000000000000000 -0.00000000000000000 -0.00000000000000000 1.00000000000000000 0.00000000000000000 10.00000000000000000
2 11.50000000000001599 -162.74759890374713223 3.00000000000000000 0.00000000000000000 0.00000000000000000 1.00000000000000000 1.00000000000000000 0.00000000000000000 -0.00000000000000000 -0.00000000000000000 1.00000000000000000 0.00000000000000000 4.75240109625286333
1 15.79033325415981537 -164.79170182383603560 362.25451715559307786 -0.00000000000000000 -0.00000000000000000 -1.00000000000000000 
1 -41.60000000000000142 153.88970608982339172 0.00000000000000000 0.00000000000000000 0.00000000000000000 1.00000000000000000 
1 -15.50000000000000000 168.95854811567264164 0.00000000000000000 0.00000000000000000 0.00000000000000000 1.00000000000000000 
1 -17.00000000000000000 171.55662432702595765 0.00000000000000000 0.00000000000000000 0.00000000000000000 1.00000000000000000 
1 0.00000000000000000 181.37157890324959908 0.00000000000000000 0.00000000000000000 0.00000000000000000 1.00000000000000000 
1 0.00000000000000018 180.90747728811183492 362.25451715559307786 -0.00000000000000000 -0.00000000000000000 -1.00000000000000000 
1 1.50000000000000488 180.50555349946515094 362.25451715559307786 -0.00000000000000000 -0.00000000000000000 -1.00000000000000000 
1 17.00000000000000000 171.55662432702595765 0.00000000000000000 0.00000000000000000 0.00000000000000000 1.00000000000000000 
1 15.50000000000000000 168.95854811567264164 0.00000000000000000 0.00000000000000000 0.00000000000000000 1.00000000000000000 
1 18.27128129210992213 167.35854811567287470 362.25451715559307786 -0.00000000000000000 -0.00000000000000000 -1.00000000000000000 
1 40.10000000000000853 154.75573149360783987 362.25451715559307786 -0.00000000000000000 -0.00000000000000000 -1.00000000000000000 
1 41.60000000000000142 152.15765528225452385 362.25451715559307786 -0.00000000000000000 -0.00000000000000000 -1.00000000000000000 
1 41.59999999996674092 -108.35894988940027872 362.25451715559307786 -0.00000000000000000 -0.00000000000000000 -1.00000000000000000 
1 40.62774137686658094 -112.66012503947587220 362.25451715559307786 -0.00000000000000000 -0.00000000000000000 -1.00000000000000000 
Polygon3D 0
PolygonOnTriangulations 0
Surfaces 40
1 0.00000000000000000 -167.50000000000000000 0.00000000000000000 0.00000000000000000 -1.00000000000000000 0.00000000000000000 -1.00000000000000000 0.00000000000000000 0.00000000000000000 -0.00000000000000000 -0.00000000000000000 -1.00000000000000000 
1 0.00000000000000000 -167.50000000000000000 0.00000000000000000 0.00000000000000000 1.00000000000000000 0.00000000000000000 1.00000000000000000 0.00000000000000000 0.00000000000000000 0.00000000000000000 0.00000000000000000 -1.00000000000000000 
1 -14.50000000000001066 -167.50000000000000000 0.00000000000000000 -0.90277413768665171 -0.43011493385387412 0.00000000000000000 -0.43011493385387412 0.90277413768665171 0.00000000000000000 -0.00000000000000000 0.00000000000000000 -1.00000000000000000 
1 -14.50000000000001066 -167.50000000000000000 362.25451715559307786 -0.90277413769307513 -0.43011493384039179 -0.00000000000000000 -0.43011493384039179 0.90277413769307513 -0.00000000000000000 -0.00000000000000000 -0.00000000000000000 1.00000000000000000 
1 -11.50000000000001066 -167.50000000000000000 362.25451715559307786 -0.00000000000000000 -1.00000000000000000 -0.00000000000000000 -1.00000000000000000 0.00000000000000000 0.00000000000000000 -0.00000000000000000 -0.00000000000000000 1.00000000000000000 
1 -0.00000000000000124 8.54135436847519003 0.00000000000000000 0.00000000000000000 0.00000000000000000 1.00000000000000000 1.00000000000000000 0.00000000000000000 -0.00000000000000000 -0.00000000000000000 1.00000000000000000 0.00000000000000000 
2 11.50000000000001599 -162.74759890374713223 362.25451715559307786 0.00000000000000000 0.00000000000000000 1.00000000000000000 1.00000000000000000 0.00000000000000000 -0.00000000000000000 -0.00000000000000000 1.00000000000000000 0.00000000000000000 4.75240109625286333
1 11.50000000000001066 -167.50000000000000000 362.25451715559307786 0.00000000000000000 -1.00000000000000000 0.00000000000000000 1.00000000000000000 0.00000000000000000 0.00000000000000000 -0.00000000000000000 0.00000000000000000 1.00000000000000000 
1 -41.60000000000000142 -110.61943807182483113 0.00000000000000000 -1.00000000000000000 0.00000000000000000 0.00000000000000000 0.00000000000000000 1.00000000000000000 0.00000000000000000 0.00000000000000000 0.00000000000000000 -1.00000000000000000 
1 -40.62774137686658094 -112.66012503947587220 362.25451715559307786 -0.90277413769236614 -0.43011493384187993 -0.00000000000000000 -0.43011493384187993 0.90277413769236614 -0.00000000000000000 -0.00000000000000000 -0.00000000000000000 1.00000000000000000 
1 -41.59999999996674092 -110.61943807182483113 362.25451715559307786 -1.00000000000000000 -0.00000000000000000 -0.00000000000000000 0.00000000000000000 1.00000000000000000 -0.00000000000000000 -0.00000000000000000 0.00000000000000000 1.00000000000000000 
1 -41.60000000000000142 153.88970608982339172 0.00000000000000000 -0.50000000000000044 0.86602540378443837 0.00000000000000000 0.86602540378443837 0.50000000000000044 0.00000000000000000 0.00000000000000000 0.00000000000000000 -1.00000000000000000 
1 -15.50000000000000000 168.95854811567264164 0.00000000000000000 -0.86602540378443871 -0.50000000000000000 0.00000000000000000 -0.50000000000000000 0.86602540378443871 0.00000000000000000 -0.00000000000000000 0.00000000000000000 -1.00000000000000000 
1 -15.49999999999984013 168.95854811567275533 362.25451715559307786 -0.86602540378440163 -0.50000000000006428 -0.00000000000000000 -0.50000000000006428 0.86602540378440163 -0.00000000000000000 -0.00000000000000000 -0.00000000000000000 1.00000000000000000 
1 -17.00000000000000000 171.55662432702595765 0.00000000000000000 -0.50000000000000022 0.86602540378443860 0.00000000000000000 0.86602540378443860 0.50000000000000022 0.00000000000000000 0.00000000000000000 0.00000000000000000 -1.00000000000000000 
1 0.00000000000000355 181.37157890324959908 362.25451715559307786 -1.00000000000000000 0.00000000000000726 0.00000000000000000 -0.00000000000000726 -1.00000000000000000 0.00000000000000000 0.00000000000000000 0.00000000000000000 1.00000000000000000 
1 -0.00000000000000355 181.37157890324959908 362.25451715559307786 1.00000000000000000 0.00000000000000726 -0.00000000000000000 0.00000000000000726 -1.00000000000000000 0.00000000000000000 -0.00000000000000000 0.00000000000000000 1.00000000000000000 
2 0.00000000000000000 177.90747728811183492 362.25451715559307786 0.00000000000000000 0.00000000000000000 1.00000000000000000 1.00000000000000000 0.00000000000000000 -0.00000000000000000 -0.00000000000000000 1.00000000000000000 0.00000000000000000 3.00000000000000000
2 0.00000000000000000 177.90747728811183492 362.25451715559307786 0.00000000000000000 0.00000000000000000 1.00000000000000000 -1.00000000000000000 0.00000000000000000 0.00000000000000000 -0.00000000000000000 1.00000000000000000 -0.00000000000000000 3.00000000000000000
1 17.00000000000000000 171.55662432702595765 0.00000000000000000 -0.50000000000000022 -0.86602540378443860 0.00000000000000000 -0.86602540378443860 0.50000000000000022 0.00000000000000000 -0.00000000000000000 0.00000000000000000 -1.00000000000000000 
1 15.50000000000000000 168.95854811567264164 0.00000000000000000 -0.86602540378443871 0.50000000000000000 0.00000000000000000 0.50000000000000000 0.86602540378443871 0.00000000000000000 0.00000000000000000 0.00000000000000000 -1.00000000000000000 
1 15.49999999999984013 168.95854811567275533 362.25451715559307786 0.86602540378440163 -0.50000000000006428 0.00000000000000000 0.50000000000006428 0.86602540378440163 0.00000000000000000 -0.00000000000000000 0.00000000000000000 1.00000000000000000 
2 16.88564064605490600 168.15854811567285765 362.25451715559307786 0.00000000000000000 0.00000000000000000 1.00000000000000000 1.00000000000000000 0.00000000000000000 -0.00000000000000000 -0.00000000000000000 1.00000000000000000 0.00000000000000000 1.59999999999991460
1 41.60000000000000142 153.88970608982339172 0.00000000000000000 -0.50000000000000044 -0.86602540378443837 0.00000000000000000 -0.86602540378443837 0.50000000000000044 0.00000000000000000 -0.00000000000000000 0.00000000000000000 -1.00000000000000000 
2 38.60000000000000142 152.15765528225452385 362.25451715559307786 0.00000000000000000 0.00000000000000000 1.00000000000000000 1.00000000000000000 0.00000000000000000 -0.00000000000000000 -0.00000000000000000 1.00000000000000000 0.00000000000000000 3.00000000000000000
1 41.60000000000000142 -110.61943807182483113 0.00000000000000000 -1.00000000000000000 0.00000000000000000 0.00000000000000000 0.00000000000000000 1.00000000000000000 0.00000000000000000 0.00000000000000000 0.00000000000000000 -1.00000000000000000 
2 31.60000000000005471 -108.35897570093715103 362.25451715559307786 0.00000000000000000 0.00000000000000000 1.00000000000000000 1.00000000000000000 0.00000000000000000 -0.00000000000000000 -0.00000000000000000 1.00000000000000000 0.00000000000000000 10.00000000000000000
1 14.50000000000001066 -167.50000000000000000 0.00000000000000000 -0.90277413768665171 0.43011493385387412 0.00000000000000000 0.43011493385387412 0.90277413768665171 0.00000000000000000 0.00000000000000000 0.00000000000000000 -1.00000000000000000 
1 14.50000000000001066 -167.50000000000000000 362.25451715559307786 0.90277413769307513 -0.43011493384039179 0.00000000000000000 0.43011493384039179 0.90277413769307513 0.00000000000000000 -0.00000000000000000 0.00000000000000000 1.00000000000000000 
1 -41.60000000000000142 152.15765528225452385 362.25451715559307786 -1.00000000000000000 -0.00000000000000000 -0.00000000000000000 0.00000000000000000 1.00000000000000000 -0.00000000000000000 -0.00000000000000000 0.00000000000000000 1.00000000000000000 
1 -41.60000000000000142 153.88970608982339172 362.25451715559307786 -0.50000000000000588 0.86602540378443527 -0.00000000000000000 0.86602540378443527 0.50000000000000588 -0.00000000000000000 -0.00000000000000000 0.00000000000000000 1.00000000000000000 
2 -16.88564064605490600 168.15854811567285765 362.25451715559307786 -0.00000000000000000 -0.00000000000000000 1.00000000000000000 -1.00000000000000000 0.00000000000000000 -0.00000000000000000 -0.00000000000000000 1.00000000000000000 0.00000000000000000 1.59999999999991460
1 1.50000000000000488 180.50555349946515094 362.25451715559307786 0.50000000000000377 0.86602540378443649 -0.00000000000000000 -0.86602540378443649 0.50000000000000377 0.00000000000000000 0.00000000000000000 0.00000000000000000 1.00000000000000000 
1 -1.50000000000000488 180.50555349946515094 362.25451715559307786 -0.50000000000000377 0.86602540378443649 -0.00000000000000000 0.86602540378443649 0.50000000000000377 -0.00000000000000000 -0.00000000000000000 0.00000000000000000 1.00000000000000000 
2 0.00000000000000000 177.90747728811183492 362.25451715559307786 -0.00000000000000000 -0.00000000000000000 1.00000000000000000 -1.00000000000000000 0.00000000000000000 -0.00000000000000000 -0.00000000000000000 1.00000000000000000 0.00000000000000000 3.00000000000000000
1 19.59807621135244204 170.05662432702581555 362.25451715559307786 -0.89736679948483034 0.44128542598000259 0.00000000000000000 -0.44128542598000259 -0.89736679948483034 0.00000000000000000 0.00000000000000000 0.00000000000000000 1.00000000000000000 
1 41.60000000000000142 153.88970608982339172 362.25451715559307786 0.50000000000000588 0.86602540378443527 -0.00000000000000000 -0.86602540378443527 0.50000000000000588 0.00000000000000000 0.00000000000000000 0.00000000000000000 1.00000000000000000 
1 41.60000000000000142 152.15765528225452385 362.25451715559307786 1.00000000000000000 0.00000000000000000 0.00000000000000000 -0.00000000000000000 1.00000000000000000 0.00000000000000000 0.00000000000000000 -0.00000000000000000 1.00000000000000000 
1 41.59999999996674092 -110.61943807182483113 362.25451715559307786 1.00000000000000000 0.00000000000000000 0.00000000000000000 -0.00000000000000000 1.00000000000000000 0.00000000000000000 0.00000000000000000 -0.00000000000000000 1.00000000000000000 
1 40.62774137686658094 -112.66012503947587220 362.25451715559307786 0.90277413769236614 -0.43011493384187993 0.00000000000000000 0.43011493384187993 0.90277413769236614 0.00000000000000000 -0.00000000000000000 0.00000000000000000 1.00000000000000000 
Triangulations 0

TShapes 116
Ve
0.000000100000000
0.000000000000000 -167.500000000000000 0.000000000000000
0 0

0101101
*
Ed
 0.000000100000000 1 1 0
1  1 0 0.000000000000000 3.000000000000000
4 C2 1 0 2 0
2  1 2 0 0.000000000000000 3.000000000000000
2  2 1 0 0.000000000000000 3.000000000000000
0

0101000
+116 13 -116 15 *
Ve
0.000000100041060
-14.500000000000011 -167.500000000000000 0.000000000000000
0 0

0101101
*
Ed
 0.000000100000000 1 1 0
1  2 0 0.000000000000000 3.000000000000000
2  3 1 0 0.000000000000000 3.000000000000000
2  4 3 0 0.000000000000000 3.000000000000000
2  5 4 18 0.000000000000000 3.000000000000000
2  6 5 18 0.000000000000000 3.000000000000000
0

0101000
+114 13 -114 15 *
Ed
 0.000000100000000 1 1 0
1  3 0 0.000000000000000 14.500000000000011
2  7 6 20 0.000000000000000 14.500000000000011
2  8 1 21 0.000000000000000 14.500000000000011
2  9 1 22 0.000000000000000 14.500000000000011
0

0101000
+116 23 -114 23 *
Wi

0101100
+115 0 -113 0 -112 19 +112 24 *
Fa
0  0.000000100000000 1 0

0111000
+111 0 *
Ve
0.000000100000000
11.500000000000011 -167.500000000000000 0.000000000000000
0 0

0101101
*
Ed
 0.000000100000000 1 1 0
1  4 0 0.000000000000000 11.500000000000011
2  10 2 27 0.000000000000000 11.500000000000011
2  11 2 28 0.000000000000000 11.500000000000011
2  12 6 29 0.000000000000000 11.500000000000011
0

0101000
+116 30 -109 31 *
Ve
0.000000100000000
11.500000000000011 -167.500000000000000 3.000000000000000
0 0

0101101
*
Ed
 0.000000100000000 1 1 0
1  5 0 359.254517155593078 362.254517155593078
2  13 7 0 359.254517155593078 362.254517155593078
2  14 8 0 359.254517155593078 362.254517155593078
2  15 2 4 359.254517155593078 362.254517155593078
0

0101000
+107 0 -109 0 *
Ed
 0.000000100000000 1 1 0
1  4 0 0.000000000000000 11.500000000000011
2  10 2 27 0.000000000000000 11.500000000000011
2  11 2 28 0.000000000000000 11.500000000000011
2  12 6 29 0.000000000000000 11.500000000000011
0

0101000
+116 30 -107 33 *
Wi

0101100
-108 26 +106 0 +105 32 +115 4 *
Fa
0  0.000000100000000 2 4

0111000
+104 0 *
Ve
0.000000100033261
-41.600000000000001 -110.619438071824831 0.000000000000000
0 0

0101101
*
Ed
 0.000000100033261 1 1 0
1  6 0 0.000000000000000 3.000000000000000
2  16 3 0 0.000000000000000 3.000000000000000
2  17 9 0 0.000000000000000 3.000000000000000
2  18 10 18 0.000000000000000 3.000000000000000
2  19 11 18 0.000000000000000 3.000000000000000
0

0101000
+102 13 -102 15 *
Ed
 0.000000100000000 1 1 0
1  7 0 0.000000000000000 63.006414953280512
2  20 6 20 0.000000000000000 63.006414953280512
2  21 3 21 0.000000000000000 63.006414953280512
2  22 3 22 0.000000000000000 63.006414953280512
0

0101000
+114 23 -102 23 *
Wi

0101100
+113 0 -101 0 -100 19 +100 24 *
Fa
0  0.000000100000000 3 0

0111000
+99 0 *
Ve
0.000000100000029
-41.600000000000001 153.889706089823392 0.000000000000000
0 0

0101101
*
Ed
 0.000000100000000 1 1 0
1  8 0 0.000000000000000 264.509144161648237
2  23 6 20 0.000000000000000 264.509144161648237
2  24 9 21 0.000000000000000 264.509144161648237
2  25 9 22 0.000000000000000 264.509144161648237
0

0101000
+102 23 -97 23 *
Ve
0.000000150001000
-15.500000000000000 168.958548115672642 0.000000000000000
0 0

0101101
*
Ed
 0.000000100000000 1 1 0
1  9 0 0.000000000000000 30.137684051698475
2  26 6 20 0.000000000000000 30.137684051698475
2  27 12 21 0.000000000000000 30.137684051698475
2  28 12 22 0.000000000000000 30.137684051698475
0

0101000
+97 23 -95 23 *
Ve
0.000000100000177
-17.000000000000000 171.556624327025958 0.000000000000000
0 0

0101101
*
Ed
 0.000000100000177 1 1 0
1  10 0 0.000000000000000 3.000000000000000
2  29 6 20 0.000000000000000 3.000000000000000
2  30 13 21 0.000000000000000 3.000000000000000
2  31 13 22 0.000000000000000 3.000000000000000
2  32 14 36 0.000000000000000 3.000000000000000
2  33 14 37 0.000000000000000 3.000000000000000
0

0101000
+95 23 -93 23 *
Ve
0.000000212133034
0.000000000000000 181.371578903249599 0.000000000000000
0 0

0101101
*
Ed
 0.000000100000000 1 1 0
1  11 0 0.000000000000000 19.629909152447276
2  34 15 21 0.000000000000000 19.629909152447276
2  35 15 22 0.000000000000000 19.629909152447276
2  36 6 20 0.000000000000000 19.629909152447276
0

0101000
+93 23 -91 23 *
Ve
0.000000150001000
0.000000000000000 180.907477288111835 0.000000000000000
0 0

0101101
*
Ed
 0.000000150000000 1 1 0
1  12 0 -86.415112267387201 -85.951010652249437
2  37 6 34 -86.415112267387201 -85.951010652249437
2  38 16 0 -86.415112267387201 -85.951010652249437
2  39 17 38 -86.415112267387201 -85.951010652249437
0

0101000
+91 39 -89 0 *
Ve
0.000000100000036
1.500000000000008 180.505553499465151 -0.000000000000028
0 0

0101101
*
Ed
 0.000000100000000 1 1 0
1  13 0 1.047197551196596 1.570796326794897
2  40 6 34 1.047197551196596 1.570796326794897
2  41 18 0 1.047197551196596 1.570796326794897
2  42 19 40 1.047197551196596 1.570796326794897
0

0101000
+87 0 -89 0 *
Ve
0.000000100000177
17.000000000000000 171.556624327025958 0.000000000000000
0 0

0101101
*
Ed
 0.000000100000000 1 1 0
1  14 0 0.000000000000000 17.897858344878387
2  43 20 27 0.000000000000000 17.897858344878387
2  44 20 28 0.000000000000000 17.897858344878387
2  45 6 29 0.000000000000000 17.897858344878387
0

0101000
+85 0 -87 31 *
Ve
0.000000150001000
15.500000000000000 168.958548115672642 0.000000000000000
0 0

0101101
*
Ed
 0.000000100000177 1 1 0
1  15 0 0.000000000000000 3.000000000000000
2  46 21 27 0.000000000000000 3.000000000000000
2  47 21 28 0.000000000000000 3.000000000000000
2  48 6 29 0.000000000000000 3.000000000000000
2  49 22 31 0.000000000000000 3.000000000000000
2  50 22 33 0.000000000000000 3.000000000000000
0

0101000
+83 0 -85 0 *
Ve
0.000000100000097
18.271281292109908 167.358548115672846 0.000000000000000
0 0

0101101
*
Ed
 0.000000100000000 1 1 0
1  16 0 2.617993877991538 5.759586531581270
2  51 6 34 2.617993877991538 5.759586531581270
2  52 23 0 2.617993877991538 5.759586531581270
0

0101000
+83 26 -81 0 *
Ve
0.000000100000036
40.100000000000009 154.755731493607840 0.000000000000000
0 0

0101101
*
Ed
 0.000000100000000 1 1 0
1  17 0 1.732050807568876 26.937684051698835
2  53 24 27 1.732050807568876 26.937684051698835
2  54 24 28 1.732050807568876 26.937684051698835
2  55 6 29 1.732050807568876 26.937684051698835
0

0101000
+79 31 -81 31 *
Ve
0.000000100000028
