
CASCADE Topology V1, (c) Matra-Datavision
Locations 10
1
0.707106781186547 -0.707106781186548 0.000000000000000 0.000000000000000 
0.707106781186548 0.707106781186547 0.000000000000000 -309.170999999999992 
0.000000000000000 0.000000000000000 1.000000000000000 0.000000000000000 
1
0.707106781186548 0.707106781186547 0.000000000000000 16.970562748477146 
-0.707106781186547 0.707106781186548 -0.000000000000000 -16.970562748477132 
-0.000000000000000 0.000000000000000 1.000000000000000 0.000000000000000 
1
1.000000000000000 0.000000000000000 0.000000000000000 0.000000000000000 
0.000000000000000 1.000000000000000 0.000000000000000 0.000000000000000 
0.000000000000000 0.000000000000000 1.000000000000000 0.000000000000000 
2  2 1 3 1 0
1
-0.707106781186547 0.707106781186548 0.000000000000000 -16.970562748477132 
-0.707106781186548 -0.707106781186547 0.000000000000000 -16.970562748477146 
0.000000000000000 0.000000000000000 1.000000000000000 0.000000000000000 
2  5 1 3 1 0
1
-0.707106781186548 -0.707106781186547 0.000000000000000 -16.970562748477146 
0.707106781186547 -0.707106781186548 0.000000000000000 16.970562748477132 
0.000000000000000 0.000000000000000 1.000000000000000 0.000000000000000 
2  7 1 3 1 0
1
0.707106781186547 -0.707106781186548 0.000000000000000 16.970562748477128 
0.707106781186548 0.707106781186547 0.000000000000000 16.970562748477150 
0.000000000000000 0.000000000000000 1.000000000000000 0.000000000000000 
2  9 1 3 1 0
Curve2ds 0
Curves 1
2 2.29999999999999982 0.00000000000000000 0.00000000000000000 0.00000000000000000 0.00000000000000000 1.00000000000000000 1.00000000000000000 0.00000000000000000 -0.00000000000000000 -0.00000000000000000 1.00000000000000000 0.00000000000000000 3.10000000000000009
Polygon3D 0
PolygonOnTriangulations 0
Surfaces 4
1 -0.00000000000000011 0.00000000000000254 0.00000000000000000 0.00000000000000000 0.00000000000000000 1.00000000000000000 1.00000000000000000 0.00000000000000000 -0.00000000000000000 -0.00000000000000000 1.00000000000000000 0.00000000000000000 
1 -0.00000000000000011 0.00000000000000254 0.00000000000000000 0.00000000000000000 0.00000000000000000 1.00000000000000000 1.00000000000000000 0.00000000000000000 -0.00000000000000000 -0.00000000000000000 1.00000000000000000 0.00000000000000000 
1 -0.00000000000000011 0.00000000000000254 0.00000000000000000 0.00000000000000000 0.00000000000000000 1.00000000000000000 1.00000000000000000 0.00000000000000000 -0.00000000000000000 -0.00000000000000000 1.00000000000000000 0.00000000000000000 
1 -0.00000000000000011 0.00000000000000254 0.00000000000000000 0.00000000000000000 0.00000000000000000 1.00000000000000000 1.00000000000000000 0.00000000000000000 -0.00000000000000000 -0.00000000000000000 1.00000000000000000 0.00000000000000000 
Triangulations 0

TShapes 11
Ve
0.000000100000000
5.400000000000000 0.000000000000000 0.000000000000000
0 0

0101101
*
Ed
 0.000000100000000 1 1 0
1  1 0 0.000000000000000 6.283185307179586
0

0101100
+11 0 -11 0 *
Wi

0101100
+10 4 *
Fa
0  0.000000100000000 1 0

0101000
+9 0 *
Wi

0101100
+10 6 *
Fa
0  0.000000100000000 2 0

0101000
+7 0 *
Wi

0101100
+10 8 *
Fa
0  0.000000100000000 3 0

0101000
+5 0 *
Wi

0101100
+10 10 *
Fa
0  0.000000100000000 4 0

0101000
+3 0 *
Co

0100000
+8 0 +6 0 +4 0 +2 0 *

+1 1 