
CASCADE Topology V1, (c) Matra-Datavision
Locations 5
1
-0.500000000000001 0.866025403784438 0.000000000000000 0.000000000000000 
-0.866025403784438 -0.500000000000001 0.000000000000000 -4.240000000000000 
0.000000000000000 0.000000000000000 1.000000000000000 0.000000000000000 
1
0.000000000000000 -0.000000000000000 1.000000000000000 0.000000000000000 
1.000000000000000 0.000000000000000 -0.000000000000000 0.000000000000000 
-0.000000000000000 1.000000000000000 0.000000000000000 0.000000000000000 
1
1.000000000000000 0.000000000000000 0.000000000000000 0.000000000000000 
0.000000000000000 1.000000000000000 0.000000000000000 0.000000000000000 
0.000000000000000 0.000000000000000 1.000000000000000 0.000000000000000 
1
-0.500000000000001 -0.866025403784438 0.000000000000000 0.000000000000001 
0.866025403784438 -0.500000000000001 0.000000000000000 -8.371578903249574 
0.000000000000000 0.000000000000000 1.000000000000000 0.000000000000000 
2  2 1 3 1 4 1 0
Curve2ds 0
Curves 1
2 293.49999999999675993 255.99999999999937472 0.00000000000000000 0.00000000000000000 0.00000000000000000 1.00000000000000000 1.00000000000000000 0.00000000000000000 -0.00000000000000000 -0.00000000000000000 1.00000000000000000 0.00000000000000000 1.70000000000001195
Polygon3D 0
PolygonOnTriangulations 0
Surfaces 1
1 -254.17845601072983186 -155.12157890324817799 255.99999999999931788 -0.49999999999999822 0.86602540378443971 0.00000000000000000 0.86602540378443971 0.49999999999999822 0.00000000000000000 0.00000000000000000 0.00000000000000000 -1.00000000000000000 
Triangulations 0

TShapes 4
Ve
0.000000100000000
295.199999999996749 255.999999999999375 0.000000000000000
0 0

0101101
*
Ed
 0.000000100000000 1 1 0
1  1 0 0.000000000000000 6.283185307179586
0

0101100
+4 0 -4 0 *
Wi

0101100
+3 5 *
Fa
0  0.000000100000000 1 0

1101000
+2 0 *

+1 1 