
CASCADE Topology V1, (c) Matra-Datavision
Locations 138
1
0.000000000000000 -1.000000000000000 0.000000000000000 1226.069600000000037 
1.000000000000000 0.000000000000000 0.000000000000000 758.197300000000041 
0.000000000000000 0.000000000000000 1.000000000000000 0.000000000000000 
1
1.000000000000000 0.000000000000000 0.000000000000000 0.000000000000000 
0.000000000000000 1.000000000000000 0.000000000000000 0.000000000000000 
0.000000000000000 0.000000000000000 1.000000000000000 0.000000000000000 
1
1.000000000000000 0.000000000000000 0.000000000000000 0.000000000000000 
0.000000000000000 1.000000000000000 0.000000000000000 0.000000000000000 
0.000000000000000 0.000000000000000 1.000000000000000 0.000000000000000 
1
1.000000000000000 0.000000000000000 0.000000000000000 0.000000000000000 
0.000000000000000 1.000000000000000 0.000000000000000 0.000000000000000 
0.000000000000000 0.000000000000000 1.000000000000000 0.000000000000000 
1
1.000000000000000 0.000000000000000 0.000000000000000 0.000000000000000 
0.000000000000000 1.000000000000000 0.000000000000000 0.000000000000000 
0.000000000000000 0.000000000000000 1.000000000000000 0.000000000000000 
1
1.000000000000000 0.000000000000000 0.000000000000000 0.000000000000000 
0.000000000000000 1.000000000000000 0.000000000000000 0.000000000000000 
0.000000000000000 0.000000000000000 1.000000000000000 0.000000000000000 
1
1.000000000000000 0.000000000000000 0.000000000000000 0.000000000000000 
0.000000000000000 1.000000000000000 0.000000000000000 0.000000000000000 
0.000000000000000 0.000000000000000 1.000000000000000 0.000000000000000 
1
1.000000000000000 0.000000000000000 0.000000000000000 0.000000000000000 
0.000000000000000 1.000000000000000 0.000000000000000 0.000000000000000 
0.000000000000000 0.000000000000000 1.000000000000000 0.000000000000000 
1
1.000000000000000 0.000000000000000 0.000000000000000 0.000000000000000 
0.000000000000000 1.000000000000000 0.000000000000000 0.000000000000000 
0.000000000000000 0.000000000000000 1.000000000000000 0.000000000000000 
1
1.000000000000000 0.000000000000000 0.000000000000000 0.000000000000000 
0.000000000000000 1.000000000000000 0.000000000000000 0.000000000000000 
0.000000000000000 0.000000000000000 1.000000000000000 0.000000000000000 
1
1.000000000000000 0.000000000000000 0.000000000000000 0.000000000000000 
0.000000000000000 1.000000000000000 0.000000000000000 0.000000000000000 
0.000000000000000 0.000000000000000 1.000000000000000 0.000000000000000 
1
1.000000000000000 0.000000000000000 0.000000000000000 0.000000000000000 
0.000000000000000 1.000000000000000 0.000000000000000 0.000000000000000 
0.000000000000000 0.000000000000000 1.000000000000000 0.000000000000000 
1
1.000000000000000 0.000000000000000 0.000000000000000 0.000000000000000 
0.000000000000000 1.000000000000000 0.000000000000000 0.000000000000000 
0.000000000000000 0.000000000000000 1.000000000000000 0.000000000000000 
1
1.000000000000000 0.000000000000000 0.000000000000000 0.000000000000000 
0.000000000000000 1.000000000000000 0.000000000000000 0.000000000000000 
0.000000000000000 0.000000000000000 1.000000000000000 0.000000000000000 
1
1.000000000000000 0.000000000000000 0.000000000000000 0.000000000000000 
0.000000000000000 1.000000000000000 0.000000000000000 0.000000000000000 
0.000000000000000 0.000000000000000 1.000000000000000 0.000000000000000 
1
1.000000000000000 0.000000000000000 0.000000000000000 0.000000000000000 
0.000000000000000 1.000000000000000 0.000000000000000 0.000000000000000 
0.000000000000000 0.000000000000000 1.000000000000000 0.000000000000000 
2  2 1 3 -1 4 1 5 -1 6 1 7 -1 8 1 9 -1 10 1 11 -1 12 1 13 1 14 -1 15 1 16 1 0
1
1.000000000000000 0.000000000000000 0.000000000000000 0.000000000000000 
0.000000000000000 1.000000000000000 0.000000000000000 0.000000000000000 
0.000000000000000 0.000000000000000 1.000000000000000 0.000000000000000 
2  18 -1 16 -1 15 -1 14 1 13 -1 12 -1 11 1 10 -1 9 1 8 -1 7 1 6 -1 5 1 4 -1 3 1 2 -1 0
1
1.000000000000000 0.000000000000000 0.000000000000000 0.000000000000000 
0.000000000000000 1.000000000000000 0.000000000000000 0.000000000000000 
0.000000000000000 0.000000000000000 1.000000000000000 0.000000000000000 
1
1.000000000000000 0.000000000000000 0.000000000000000 0.000000000000000 
0.000000000000000 1.000000000000000 0.000000000000000 0.000000000000000 
0.000000000000000 0.000000000000000 1.000000000000000 0.000000000000000 
1
1.000000000000000 0.000000000000000 0.000000000000000 0.000000000000000 
0.000000000000000 1.000000000000000 0.000000000000000 0.000000000000000 
0.000000000000000 0.000000000000000 1.000000000000000 0.000000000000000 
2  20 1 21 1 22 -1 0
2  22 1 21 -1 20 -1 0
2  18 -1 16 -1 15 -1 14 1 13 -1 12 -1 11 1 10 -1 9 1 8 -1 7 1 6 -1 5 1 4 -1 3 1 2 -1 22 1 21 -1 20 -1 0
1
1.000000000000000 0.000000000000000 0.000000000000000 0.000000000000000 
0.000000000000000 1.000000000000000 0.000000000000000 0.000000000000000 
0.000000000000000 0.000000000000000 1.000000000000000 3.000000000000000 
2  20 1 21 1 22 -1 26 1 0
2  26 -1 22 1 21 -1 20 -1 0
2  18 -1 16 -1 15 -1 14 1 13 -1 12 -1 11 1 10 -1 9 1 8 -1 7 1 6 -1 5 1 4 -1 3 1 2 -1 26 -1 22 1 21 -1 20 -1 0
2  20 1 21 1 22 -1 2 1 3 -1 4 1 5 -1 6 1 7 -1 8 1 9 -1 10 1 11 -1 12 1 13 1 14 -1 15 1 16 1 0
2  13 1 14 -1 15 1 16 1 0
1
1.000000000000000 0.000000000000000 0.000000000000000 -30.299999999999990 
0.000000000000000 1.000000000000000 0.000000000000000 369.500000000000000 
0.000000000000000 0.000000000000000 1.000000000000000 3.000000000000000 
1
1.000000000000000 0.000000000000000 0.000000000000000 0.000000000000000 
0.000000000000000 1.000000000000000 0.000000000000000 0.000000000000000 
0.000000000000000 0.000000000000000 1.000000000000000 0.000000000000000 
1
-0.500000000000000 -0.866025403784439 -0.000000000000000 0.000000000000000 
0.866025403784439 -0.500000000000000 0.000000000000001 0.000000000000000 
-0.000000000000001 -0.000000000000000 1.000000000000000 0.000000000000000 
2  32 1 33 1 34 1 0
2  18 -1 16 -1 15 -1 14 1 13 -1 0
1
1.000000000000000 0.000000000000000 0.000000000000000 0.000000000000000 
0.000000000000000 1.000000000000000 0.000000000000000 370.000000000000000 
0.000000000000000 0.000000000000000 1.000000000000000 0.000000000000000 
1
1.000000000000000 0.000000000000000 0.000000000000000 0.000000000000000 
0.000000000000000 1.000000000000000 0.000000000000000 0.000000000000000 
0.000000000000000 0.000000000000000 1.000000000000000 0.000000000000000 
1
-0.500000000000000 -0.866025403784439 -0.000000000000000 0.000000000000000 
0.866025403784439 -0.500000000000000 0.000000000000001 0.000000000000000 
-0.000000000000001 -0.000000000000000 1.000000000000000 0.000000000000000 
2  37 1 38 1 39 1 16 1 0
2  18 -1 16 -1 39 -1 38 -1 37 -1 0
1
1.000000000000000 0.000000000000000 0.000000000000000 -0.000000000000035 
0.000000000000000 1.000000000000000 0.000000000000000 359.300000000000011 
0.000000000000000 0.000000000000000 1.000000000000000 3.000000000000000 
1
1.000000000000000 0.000000000000000 0.000000000000000 0.000000000000000 
0.000000000000000 1.000000000000000 0.000000000000000 0.000000000000000 
0.000000000000000 0.000000000000000 1.000000000000000 0.000000000000000 
1
-0.500000000000000 -0.866025403784439 -0.000000000000000 0.000000000000000 
0.866025403784439 -0.500000000000000 0.000000000000001 0.000000000000000 
-0.000000000000001 -0.000000000000000 1.000000000000000 0.000000000000000 
2  42 1 43 1 44 1 0
2  18 -1 16 -1 0
2  32 1 33 1 0
1
1.000000000000000 0.000000000000000 0.000000000000000 0.000000000000030 
0.000000000000000 1.000000000000000 0.000000000000000 306.699999999999989 
0.000000000000000 0.000000000000000 1.000000000000000 3.000000000000000 
2  48 1 43 1 44 1 0
1
1.000000000000000 0.000000000000000 0.000000000000000 -30.300000000000011 
0.000000000000000 1.000000000000000 0.000000000000000 289.500000000000000 
0.000000000000000 0.000000000000000 1.000000000000000 3.000000000000000 
2  50 1 33 1 34 1 0
2  50 1 33 1 0
2  8 1 9 -1 10 1 11 -1 12 1 13 1 14 -1 15 1 16 1 0
1
1.000000000000000 0.000000000000000 0.000000000000000 -34.575000000000543 
0.000000000000000 1.000000000000000 0.000000000000000 -34.574999999999733 
0.000000000000000 0.000000000000000 1.000000000000000 3.000000000000000 
2  18 -1 16 -1 15 -1 14 1 13 -1 12 -1 11 1 10 -1 9 1 8 -1 0
1
1.000000000000000 0.000000000000000 0.000000000000000 -34.575000000000003 
0.000000000000000 1.000000000000000 0.000000000000000 34.575000000000003 
0.000000000000000 0.000000000000000 1.000000000000000 3.000000000000000 
1
1.000000000000000 0.000000000000000 0.000000000000000 140.628654555576645 
0.000000000000000 1.000000000000000 0.000000000000000 47.705675950438987 
0.000000000000000 0.000000000000000 1.000000000000000 3.000000000000000 
1
1.000000000000000 0.000000000000000 0.000000000000000 0.000000000000000 
0.000000000000000 1.000000000000000 0.000000000000000 0.000000000000000 
0.000000000000000 0.000000000000000 1.000000000000000 0.000000000000000 
2  57 1 58 1 0
2  18 -1 0
1
-0.500000000000000 0.866025403784438 -0.000000000000001 0.000000000000000 
-0.866025403784438 -0.500000000000000 0.000000000000001 0.000000000000000 
0.000000000000000 0.000000000000001 1.000000000000000 0.000000000000000 
2  42 1 43 1 61 1 0
1
-0.500000000000000 0.866025403784438 -0.000000000000001 0.000000000000000 
-0.866025403784438 -0.500000000000000 0.000000000000001 0.000000000000000 
0.000000000000000 0.000000000000001 1.000000000000000 0.000000000000000 
2  37 1 38 1 63 1 16 1 0
2  18 -1 16 -1 63 -1 38 -1 37 -1 0
2  48 1 43 1 61 1 0
1
-0.500000000000000 0.866025403784438 -0.000000000000001 0.000000000000000 
-0.866025403784438 -0.500000000000000 0.000000000000001 0.000000000000000 
0.000000000000000 0.000000000000001 1.000000000000000 0.000000000000000 
2  32 1 33 1 67 1 0
2  50 1 33 1 67 1 0
1
1.000000000000000 0.000000000000000 0.000000000000000 34.575000000000003 
0.000000000000000 1.000000000000000 0.000000000000000 -34.575000000000003 
0.000000000000000 0.000000000000000 1.000000000000000 3.000000000000000 
2  10 1 11 -1 12 1 13 1 14 -1 15 1 16 1 0
2  18 -1 16 -1 15 -1 14 1 13 -1 12 -1 11 1 10 -1 0
1
1.000000000000000 0.000000000000000 0.000000000000000 34.575000000000003 
0.000000000000000 1.000000000000000 0.000000000000000 34.575000000000003 
0.000000000000000 0.000000000000000 1.000000000000000 3.000000000000000 
2  12 1 13 1 14 -1 15 1 16 1 0
2  18 -1 16 -1 15 -1 14 1 13 -1 12 -1 0
2  4 1 5 -1 6 1 7 -1 8 1 9 -1 10 1 11 -1 12 1 13 1 14 -1 15 1 16 1 0
2  18 -1 16 -1 15 -1 14 1 13 -1 12 -1 11 1 10 -1 9 1 8 -1 7 1 6 -1 5 1 4 -1 0
2  6 1 7 -1 8 1 9 -1 10 1 11 -1 12 1 13 1 14 -1 15 1 16 1 0
2  18 -1 16 -1 15 -1 14 1 13 -1 12 -1 11 1 10 -1 9 1 8 -1 7 1 6 -1 0
2  37 1 15 1 16 1 0
2  18 -1 16 -1 15 -1 37 -1 0
2  20 1 21 1 22 -1 26 1 2 1 3 -1 4 1 5 -1 6 1 7 -1 8 1 9 -1 10 1 11 -1 12 1 13 1 14 -1 15 1 16 1 0
2  32 1 33 1 34 1 13 1 14 -1 15 1 16 1 0
2  18 -1 16 -1 15 -1 14 1 13 -1 34 -1 33 -1 32 -1 0
2  37 1 38 1 39 1 0
2  42 1 43 1 44 1 16 1 0
2  18 -1 16 -1 44 -1 43 -1 42 -1 0
2  32 1 33 1 13 1 14 -1 15 1 16 1 0
2  18 -1 16 -1 15 -1 14 1 13 -1 33 -1 32 -1 0
2  48 1 43 1 44 1 16 1 0
2  18 -1 16 -1 44 -1 43 -1 48 -1 0
2  50 1 33 1 34 1 13 1 14 -1 15 1 16 1 0
2  18 -1 16 -1 15 -1 14 1 13 -1 34 -1 33 -1 50 -1 0
2  50 1 33 1 13 1 14 -1 15 1 16 1 0
2  18 -1 16 -1 15 -1 14 1 13 -1 33 -1 50 -1 0
2  54 1 8 1 9 -1 10 1 11 -1 12 1 13 1 14 -1 15 1 16 1 0
2  18 -1 16 -1 15 -1 14 1 13 -1 12 -1 11 1 10 -1 9 1 8 -1 54 -1 0
2  56 1 8 1 9 -1 10 1 11 -1 12 1 13 1 14 -1 15 1 16 1 0
2  18 -1 16 -1 15 -1 14 1 13 -1 12 -1 11 1 10 -1 9 1 8 -1 56 -1 0
2  18 -1 58 -1 57 -1 0
2  42 1 43 1 61 1 16 1 0
2  18 -1 16 -1 61 -1 43 -1 42 -1 0
2  37 1 38 1 63 1 0
2  48 1 43 1 61 1 16 1 0
2  18 -1 16 -1 61 -1 43 -1 48 -1 0
2  32 1 33 1 67 1 13 1 14 -1 15 1 16 1 0
2  18 -1 16 -1 15 -1 14 1 13 -1 67 -1 33 -1 32 -1 0
2  50 1 33 1 67 1 13 1 14 -1 15 1 16 1 0
2  18 -1 16 -1 15 -1 14 1 13 -1 67 -1 33 -1 50 -1 0
2  70 1 8 1 9 -1 10 1 11 -1 12 1 13 1 14 -1 15 1 16 1 0
2  18 -1 16 -1 15 -1 14 1 13 -1 12 -1 11 1 10 -1 9 1 8 -1 70 -1 0
1
1.000000000000000 0.000000000000000 0.000000000000000 0.000000000000000 
0.000000000000000 1.000000000000000 0.000000000000000 0.000000000000000 
0.000000000000000 0.000000000000000 1.000000000000000 0.000000000000000 
1
1.000000000000000 0.000000000000000 0.000000000000000 0.000000000000000 
0.000000000000000 1.000000000000000 0.000000000000000 0.000000000000000 
0.000000000000000 0.000000000000000 1.000000000000000 0.000000000000000 
1
1.000000000000000 0.000000000000000 0.000000000000000 0.000000000000000 
0.000000000000000 1.000000000000000 0.000000000000000 0.000000000000000 
0.000000000000000 0.000000000000000 1.000000000000000 0.000000000000000 
1
1.000000000000000 0.000000000000000 0.000000000000000 0.000000000000000 
0.000000000000000 1.000000000000000 0.000000000000000 0.000000000000000 
0.000000000000000 0.000000000000000 1.000000000000000 0.000000000000000 
1
1.000000000000000 0.000000000000000 0.000000000000000 0.000000000000000 
0.000000000000000 1.000000000000000 0.000000000000000 0.000000000000000 
0.000000000000000 0.000000000000000 1.000000000000000 0.000000000000000 
1
1.000000000000000 0.000000000000000 0.000000000000000 0.000000000000000 
0.000000000000000 1.000000000000000 0.000000000000000 0.000000000000000 
0.000000000000000 0.000000000000000 1.000000000000000 0.000000000000000 
1
1.000000000000000 0.000000000000000 0.000000000000000 0.000000000000000 
0.000000000000000 1.000000000000000 0.000000000000000 0.000000000000000 
0.000000000000000 0.000000000000000 1.000000000000000 0.000000000000000 
1
1.000000000000000 0.000000000000000 0.000000000000000 0.000000000000000 
0.000000000000000 1.000000000000000 0.000000000000000 0.000000000000000 
0.000000000000000 0.000000000000000 1.000000000000000 0.000000000000000 
1
1.000000000000000 0.000000000000000 0.000000000000000 0.000000000000000 
0.000000000000000 1.000000000000000 0.000000000000000 0.000000000000000 
0.000000000000000 0.000000000000000 1.000000000000000 3.000000000000000 
2  112 1 113 1 114 1 115 1 116 1 117 1 118 1 119 1 120 1 9 -1 10 1 11 -1 12 1 13 1 14 -1 15 1 16 1 0
2  9 1 120 -1 119 -1 118 -1 117 -1 116 -1 115 -1 114 -1 113 -1 112 -1 0
2  18 -1 16 -1 15 -1 14 1 13 -1 12 -1 11 1 10 -1 9 1 120 -1 119 -1 118 -1 117 -1 116 -1 115 -1 114 -1 113 -1 112 -1 0
2  73 1 8 1 9 -1 10 1 11 -1 12 1 13 1 14 -1 15 1 16 1 0
2  18 -1 16 -1 15 -1 14 1 13 -1 12 -1 11 1 10 -1 9 1 8 -1 73 -1 0
2  57 1 12 1 13 1 14 -1 15 1 16 1 0
2  18 -1 16 -1 15 -1 14 1 13 -1 12 -1 57 -1 0
2  50 1 4 1 5 -1 6 1 7 -1 8 1 9 -1 10 1 11 -1 12 1 13 1 14 -1 15 1 16 1 0
2  18 -1 16 -1 15 -1 14 1 13 -1 12 -1 11 1 10 -1 9 1 8 -1 7 1 6 -1 5 1 4 -1 50 -1 0
2  32 1 4 1 5 -1 6 1 7 -1 8 1 9 -1 10 1 11 -1 12 1 13 1 14 -1 15 1 16 1 0
2  18 -1 16 -1 15 -1 14 1 13 -1 12 -1 11 1 10 -1 9 1 8 -1 7 1 6 -1 5 1 4 -1 32 -1 0
2  48 1 6 1 7 -1 8 1 9 -1 10 1 11 -1 12 1 13 1 14 -1 15 1 16 1 0
2  18 -1 16 -1 15 -1 14 1 13 -1 12 -1 11 1 10 -1 9 1 8 -1 7 1 6 -1 48 -1 0
2  42 1 6 1 7 -1 8 1 9 -1 10 1 11 -1 12 1 13 1 14 -1 15 1 16 1 0
2  18 -1 16 -1 15 -1 14 1 13 -1 12 -1 11 1 10 -1 9 1 8 -1 7 1 6 -1 42 -1 0
2  15 1 16 1 0
2  18 -1 16 -1 15 -1 0
2  112 1 113 1 114 1 115 1 116 1 117 1 118 1 119 1 120 1 9 -1 0
Curve2ds 169
1 3.33445468330086392 0.00000000000000000 0.00000000000000000 -1.00000000000000000 
1 6.47604733689065526 0.00000000000000000 0.00000000000000000 -1.00000000000000000 
1 3.66519142925880548 0.00000000000000000 0.00000000000000000 -1.00000000000000000 
1 2.94873062387872187 0.00000000000000000 0.00000000000000000 -1.00000000000000000 
1 0.00000000000000000 0.00000000000000000 1.00000000000000000 0.00000000000000000 
1 0.00000000000000000 -3.00000000000000000 1.00000000000000000 0.00000000000000000 
1 7.80305559099072621 0.00000000000000000 0.00000000000000000 -1.00000000000000000 
1 1.51987028381113998 0.00000000000000000 0.00000000000000000 -1.00000000000000000 
1 0.00000000000000000 0.00000000000000000 1.00000000000000000 0.00000000000000000 
1 0.00000000000000000 -3.00000000000000000 1.00000000000000000 0.00000000000000000 
1 2.61799387792078031 0.00000000000000000 0.00000000000000000 -1.00000000000000000 
1 6.47604733689065792 0.00000000000000000 0.00000000000000000 -1.00000000000000000 
1 0.00000000000000000 0.00000000000000000 1.00000000000000000 0.00000000000000000 
1 0.00000000000000000 -3.00000000000000000 1.00000000000000000 0.00000000000000000 
1 0.00000000000000000 0.00000000000000000 1.00000000000000000 0.00000000000000000 
1 0.00000000000000000 0.00000000000000000 1.00000000000000000 0.00000000000000000 
1 0.00000000000000000 0.00000000000000000 1.00000000000000000 0.00000000000000000 
1 0.00000000000000000 0.00000000000000000 1.00000000000000000 0.00000000000000000 
1 0.00000000000000000 0.00000000000000000 1.00000000000000000 0.00000000000000000 
1 0.00000000000000000 0.00000000000000000 1.00000000000000000 0.00000000000000000 
1 0.00000000000000000 0.00000000000000000 1.00000000000000000 0.00000000000000000 
1 0.00000000000000000 0.00000000000000000 1.00000000000000000 0.00000000000000000 
1 0.00000000000000000 0.00000000000000000 1.00000000000000000 0.00000000000000000 
1 0.00000000000000000 0.00000000000000000 1.00000000000000000 0.00000000000000000 
1 0.00000000000000000 0.00000000000000000 1.00000000000000000 0.00000000000000000 
1 0.00000000000000000 0.00000000000000000 1.00000000000000000 0.00000000000000000 
1 0.00000000000000000 0.00000000000000000 1.00000000000000000 0.00000000000000000 
1 0.00000000000000000 0.00000000000000000 1.00000000000000000 0.00000000000000000 
1 0.00000000000000000 0.00000000000000000 1.00000000000000000 0.00000000000000000 
1 6.28318530717958623 3.00000000000010170 -1.00000000000000000 0.00000000000000000 
1 0.00000000000000000 0.00000000000000000 1.00000000000000000 0.00000000000000000 
1 6.28318530717958623 3.00000000000007594 -1.00000000000000000 0.00000000000000000 
1 0.00000000000000000 3.00000000000006084 1.00000000000000000 0.00000000000000000 
1 6.28318530717958623 3.00000000000006484 -1.00000000000000000 0.00000000000000000 
1 6.28318530717958623 3.00000000000008482 -1.00000000000000000 0.00000000000000000 
1 0.00000000000000000 3.00000000000004396 1.00000000000000000 0.00000000000000000 
1 6.28318530717958623 3.00000000000000000 -1.00000000000000000 0.00000000000000000 
1 6.28318530717958623 3.00000000000000000 -1.00000000000000000 0.00000000000000000 
1 0.00000000000000000 3.00000000000000000 1.00000000000000000 0.00000000000000000 
1 0.00000000000000000 3.00000000000022826 1.00000000000000000 0.00000000000000000 
1 0.00000000000000000 3.00000000000029132 1.00000000000000000 0.00000000000000000 
1 6.28318530717958623 3.00000000000028333 -1.00000000000000000 0.00000000000000000 
1 0.00000000000000000 0.00000000000000000 1.00000000000000000 0.00000000000000000 
1 6.28318530717958623 3.00000000000024158 -1.00000000000000000 0.00000000000000000 
1 6.28318530717958623 3.00000000000029754 -1.00000000000000000 0.00000000000000000 
1 6.28318530717958623 3.00000000000023448 -1.00000000000000000 0.00000000000000000 
1 6.28318530717958623 3.00000000000000000 -1.00000000000000000 0.00000000000000000 
1 0.00000000000000000 -3.00000000000000000 1.00000000000000000 0.00000000000000000 
1 6.28318530717958623 3.00000000000000000 -1.00000000000000000 0.00000000000000000 
1 6.28318530717958623 3.00000000000000000 -1.00000000000000000 0.00000000000000000 
1 6.28318530717958623 3.00000000000000000 -1.00000000000000000 0.00000000000000000 
1 6.28318530717958623 3.00000000000000000 -1.00000000000000000 0.00000000000000000 
1 0.00000000000000000 3.00000000000000666 1.00000000000000000 0.00000000000000000 
1 6.28318530717958623 3.00000000000000000 -1.00000000000000000 0.00000000000000000 
1 6.28318530717958623 3.00000000000000000 -1.00000000000000000 0.00000000000000000 
1 0.00000000000000000 0.00000000000000000 1.00000000000000000 0.00000000000000000 
1 0.00000000000000000 3.00000000000000666 1.00000000000000000 0.00000000000000000 
1 0.00000000000000000 -3.00000000000000000 1.00000000000000000 0.00000000000000000 
1 0.00000000000000000 -3.00000000000000000 1.00000000000000000 0.00000000000000000 
1 0.00000000000000000 -3.00000000000000000 1.00000000000000000 0.00000000000000000 
1 0.00000000000000000 -3.00000000000000000 1.00000000000000000 0.00000000000000000 
1 0.00000000000000000 -3.00000000000000000 1.00000000000000000 0.00000000000000000 
1 0.00000000000000000 -3.00000000000000000 1.00000000000000000 0.00000000000000000 
1 0.00000000000000000 -3.00000000000000000 1.00000000000000000 0.00000000000000000 
1 0.00000000000000000 -3.00000000000000000 1.00000000000000000 0.00000000000000000 
1 0.00000000000000000 -3.00000000000000000 1.00000000000000000 0.00000000000000000 
1 0.00000000000000000 -3.00000000000000000 1.00000000000000000 0.00000000000000000 
1 0.00000000000000000 -3.00000000000000000 1.00000000000000000 0.00000000000000000 
1 0.00000000000000000 -3.00000000000000000 1.00000000000000000 0.00000000000000000 
1 0.00000000000000000 -3.00000000000000000 1.00000000000000000 0.00000000000000000 
1 0.00000000000000000 -3.00000000000000000 1.00000000000000000 0.00000000000000000 
1 0.00000000000000000 -3.00000000000000000 1.00000000000000000 0.00000000000000000 
1 0.00000000000000000 0.00000000000000000 1.00000000000000000 0.00000000000000000 
1 6.28318530717958623 2.99999999999992184 -1.00000000000000000 0.00000000000000000 
1 0.00000000000000000 0.00000000000000000 1.00000000000000000 0.00000000000000000 
1 0.00000000000000000 0.00000000000000000 1.00000000000000000 0.00000000000000000 
1 0.00000000000000000 0.00000000000000000 1.00000000000000000 0.00000000000000000 
1 0.00000000000000000 0.00000000000000000 1.00000000000000000 0.00000000000000000 
1 0.00000000000000000 0.00000000000000000 1.00000000000000000 0.00000000000000000 
1 0.00000000000000000 0.00000000000000000 1.00000000000000000 0.00000000000000000 
1 0.00000000000000000 0.00000000000000000 1.00000000000000000 0.00000000000000000 
1 0.00000000000000000 0.00000000000000000 1.00000000000000000 0.00000000000000000 
1 0.00000000000000000 0.00000000000000000 1.00000000000000000 0.00000000000000000 
1 0.00000000000000000 0.00000000000000000 1.00000000000000000 0.00000000000000000 
1 6.28318530717958623 2.99999999999970823 -1.00000000000000000 0.00000000000000000 
1 0.00000000000000000 0.00000000000000000 1.00000000000000000 0.00000000000000000 
1 0.00000000000000000 0.00000000000000000 1.00000000000000000 0.00000000000000000 
1 0.00000000000000000 0.00000000000000000 1.00000000000000000 0.00000000000000000 
1 0.00000000000000000 0.00000000000000000 1.00000000000000000 0.00000000000000000 
1 0.00000000000000000 0.00000000000000000 1.00000000000000000 0.00000000000000000 
1 0.00000000000000000 0.00000000000000000 1.00000000000000000 0.00000000000000000 
1 0.00000000000000000 0.00000000000000000 1.00000000000000000 0.00000000000000000 
1 0.00000000000000000 0.00000000000000000 1.00000000000000000 0.00000000000000000 
1 6.28318530717958623 3.00000000000000000 -1.00000000000000000 0.00000000000000000 
1 0.00000000000000000 0.00000000000000000 1.00000000000000000 0.00000000000000000 
1 1.57079632679489656 0.00000000000000000 0.00000000000000000 -1.00000000000000000 
1 1.57079632679489567 0.00000000000000000 0.00000000000000000 -1.00000000000000000 
1 7.80305559099072621 0.00000000000000000 0.00000000000000000 -1.00000000000000000 
1 1.51987028381113998 0.00000000000000000 0.00000000000000000 -1.00000000000000000 
1 1.51987028381113998 0.00000000000000000 0.00000000000000000 -1.00000000000000000 
1 7.80305559099072621 0.00000000000000000 0.00000000000000000 -1.00000000000000000 
1 1.57079632679489589 0.00000000000000000 0.00000000000000000 -1.00000000000000000 
1 1.57079632679489656 0.00000000000000000 0.00000000000000000 -1.00000000000000000 
1 6.47604733689065704 0.00000000000000000 0.00000000000000000 -1.00000000000000000 
1 2.61799387792078031 0.00000000000000000 0.00000000000000000 -1.00000000000000000 
1 1.51987028381113998 0.00000000000000000 0.00000000000000000 -1.00000000000000000 
1 7.80305559099072710 0.00000000000000000 0.00000000000000000 -1.00000000000000000 
1 2.94873062387872187 0.00000000000000000 0.00000000000000000 -1.00000000000000000 
1 3.66519142925880592 0.00000000000000000 0.00000000000000000 -1.00000000000000000 
1 6.47604733689065615 0.00000000000000000 0.00000000000000000 -1.00000000000000000 
1 3.33445468330086392 0.00000000000000000 0.00000000000000000 -1.00000000000000000 
1 3.33445468330086392 0.00000000000000000 0.00000000000000000 -1.00000000000000000 
1 6.47604733689065526 0.00000000000000000 0.00000000000000000 -1.00000000000000000 
1 3.66519142925880548 0.00000000000000000 0.00000000000000000 -1.00000000000000000 
1 2.94873062387872187 0.00000000000000000 0.00000000000000000 -1.00000000000000000 
1 7.80305559099072621 0.00000000000000000 0.00000000000000000 -1.00000000000000000 
1 1.51987028381113998 0.00000000000000000 0.00000000000000000 -1.00000000000000000 
1 2.61799387792078031 0.00000000000000000 0.00000000000000000 -1.00000000000000000 
1 6.47604733689065792 0.00000000000000000 0.00000000000000000 -1.00000000000000000 
1 1.57079632679489678 0.00000000000000000 0.00000000000000000 -1.00000000000000000 
1 1.57079632679489567 0.00000000000000000 0.00000000000000000 -1.00000000000000000 
1 7.80305559099072532 0.00000000000000000 0.00000000000000000 -1.00000000000000000 
1 1.51987028381113998 0.00000000000000000 0.00000000000000000 -1.00000000000000000 
1 6.28318530717958623 0.00000000000000000 0.00000000000000000 1.00000000000000000 
1 0.00000000000000000 0.00000000000000000 0.00000000000000000 1.00000000000000000 
1 6.28318530717958623 0.00000000000000000 0.00000000000000000 1.00000000000000000 
1 0.00000000000000000 0.00000000000000000 0.00000000000000000 1.00000000000000000 
1 6.28318530717958623 0.00000000000000000 0.00000000000000000 1.00000000000000000 
1 0.00000000000000000 0.00000000000000000 0.00000000000000000 1.00000000000000000 
1 6.28318530717958623 0.00000000000000000 0.00000000000000000 1.00000000000000000 
1 0.00000000000000000 0.00000000000000000 0.00000000000000000 1.00000000000000000 
1 6.28318530717958623 0.00000000000000000 0.00000000000000000 1.00000000000000000 
1 0.00000000000000000 0.00000000000000000 0.00000000000000000 1.00000000000000000 
1 6.28318530717958623 0.00000000000000000 0.00000000000000000 1.00000000000000000 
1 0.00000000000000000 0.00000000000000000 0.00000000000000000 1.00000000000000000 
1 6.28318530717958623 0.00000000000000000 0.00000000000000000 1.00000000000000000 
1 0.00000000000000000 0.00000000000000000 0.00000000000000000 1.00000000000000000 
1 6.28318530717958623 0.00000000000000000 0.00000000000000000 1.00000000000000000 
1 0.00000000000000000 0.00000000000000000 0.00000000000000000 1.00000000000000000 
1 6.28318530717958623 0.00000000000000000 0.00000000000000000 1.00000000000000000 
1 0.00000000000000000 0.00000000000000000 0.00000000000000000 1.00000000000000000 
1 6.28318530717958623 0.00000000000000000 0.00000000000000000 1.00000000000000000 
1 0.00000000000000000 0.00000000000000000 0.00000000000000000 1.00000000000000000 
1 6.28318530717958623 0.00000000000000000 0.00000000000000000 1.00000000000000000 
1 0.00000000000000000 0.00000000000000000 0.00000000000000000 1.00000000000000000 
1 6.28318530717958623 0.00000000000000000 0.00000000000000000 1.00000000000000000 
1 0.00000000000000000 0.00000000000000000 0.00000000000000000 1.00000000000000000 
1 6.28318530717958623 0.00000000000000000 0.00000000000000000 1.00000000000000000 
1 0.00000000000000000 0.00000000000000000 0.00000000000000000 1.00000000000000000 
1 6.28318530717958623 0.00000000000000000 0.00000000000000000 1.00000000000000000 
1 0.00000000000000000 0.00000000000000000 0.00000000000000000 1.00000000000000000 
1 6.28318530717958623 0.00000000000000000 0.00000000000000000 1.00000000000000000 
1 0.00000000000000000 0.00000000000000000 0.00000000000000000 1.00000000000000000 
1 6.28318530717958623 0.00000000000000000 0.00000000000000000 1.00000000000000000 
1 0.00000000000000000 0.00000000000000000 0.00000000000000000 1.00000000000000000 
1 0.00000000000000000 0.00000000000000000 0.00000000000000000 -1.00000000000000000 
1 6.28318530717958623 0.00000000000000000 0.00000000000000000 -1.00000000000000000 
1 6.28318530717958623 0.00000000000000000 0.00000000000000000 1.00000000000000000 
1 0.00000000000000000 0.00000000000000000 0.00000000000000000 1.00000000000000000 
1 6.28318530717958623 0.00000000000000000 0.00000000000000000 1.00000000000000000 
1 0.00000000000000000 0.00000000000000000 0.00000000000000000 1.00000000000000000 
1 6.28318530717958623 0.00000000000000000 0.00000000000000000 1.00000000000000000 
1 0.00000000000000000 0.00000000000000000 0.00000000000000000 1.00000000000000000 
1 6.28318530717958623 0.00000000000000000 0.00000000000000000 1.00000000000000000 
1 0.00000000000000000 0.00000000000000000 0.00000000000000000 1.00000000000000000 
1 6.28318530717958623 0.00000000000000000 0.00000000000000000 1.00000000000000000 
1 0.00000000000000000 0.00000000000000000 0.00000000000000000 1.00000000000000000 
1 6.28318530717958623 0.00000000000000000 0.00000000000000000 1.00000000000000000 
1 0.00000000000000000 0.00000000000000000 0.00000000000000000 1.00000000000000000 
Curves 138
1 45.78087143720472341 364.40064797605305102 0.00000000000000000 0.00000000000000000 0.00000000000000000 1.00000000000000000 
1 149.82239484869634794 86.50000001041098585 0.00000000000000000 0.00000000000000000 0.00000000000000000 1.00000000000000000 
2 930.37557344124957126 537.15258786147876435 0.00000000000000000 0.00000000000000000 0.00000000000000000 1.00000000000000000 1.00000000000000000 0.00000000000000000 0.00000000000000000 0.00000000000000000 1.00000000000000000 0.00000000000000000 901.30517559137683747
2 930.37557344124957126 537.15258786147876435 0.00000000000000000 0.00000000000000000 0.00000000000000000 1.00000000000000000 1.00000000000000000 0.00000000000000000 0.00000000000000000 0.00000000000000000 1.00000000000000000 0.00000000000000000 901.30517559137683747
1 19.72531293463167756 386.99762535399480612 0.00000000000000000 0.00000000000000000 0.00000000000000000 1.00000000000000000 
2 18.30000000000019611 359.03392597357697014 0.00000000000000000 0.00000000000000000 0.00000000000000000 1.00000000000000000 1.00000000000000000 0.00000000000000000 0.00000000000000000 0.00000000000000000 1.00000000000000000 0.00000000000000000 28.00000000000015632
2 18.30000000000019611 359.03392597357697014 0.00000000000000000 0.00000000000000000 0.00000000000000000 1.00000000000000000 1.00000000000000000 0.00000000000000000 0.00000000000000000 0.00000000000000000 1.00000000000000000 0.00000000000000000 28.00000000000015632
1 338.47065402137445744 -142.55292631601724906 0.00000000000000000 0.00000000000000000 0.00000000000000000 1.00000000000000000 
7 0 0  6 7 2  338.47065402137445744 -142.55292631601724906 0.00000000000000000  301.00338904903054527 -109.92547516415341136 0.00000000000000000  265.69434375276279070 -74.81966408958938075 0.00000000000000000  232.74843721585190792 -37.41394119069289559 0.00000000000000000  202.35092505806045438 2.09064231225892172 0.00000000000000000  174.66362325525167876 43.47373028081041468 0.00000000000000000  149.82239484880250302 86.50000001022715423 0.00000000000000000 
 2.61799387792078031 7 2.94873062387872187 7
7 0 0  6 7 2  338.47065402137445744 -142.55292631601724906 0.00000000000000000  301.00338904903054527 -109.92547516415341136 0.00000000000000000  265.69434375276279070 -74.81966408958938075 0.00000000000000000  232.74843721585190792 -37.41394119069289559 0.00000000000000000  202.35092505806045438 2.09064231225892172 0.00000000000000000  174.66362325525167876 43.47373028081041468 0.00000000000000000  149.82239484880250302 86.50000001022715423 0.00000000000000000 
 2.61799387792078031 7 2.94873062387872187 7
2 -0.00000000000019940 -0.00000000000004015 0.00000000000000000 0.00000000000000000 0.00000000000000000 1.00000000000000000 1.00000000000000000 0.00000000000000000 0.00000000000000000 0.00000000000000000 1.00000000000000000 0.00000000000000000 387.50000000000011369
2 320.08250071357934985 -163.66869809753308118 0.00000000000000000 0.00000000000000000 0.00000000000000000 -1.00000000000000000 0.50000000000000033 0.86602540378443860 0.00000000000000000 0.86602540378443860 -0.50000000000000033 0.00000000000000000 28.00000000000018829
2 0.00000000000019940 -0.00000000000004015 0.00000000000000000 0.00000000000000000 0.00000000000000000 -1.00000000000000000 -1.00000000000000000 0.00000000000000000 0.00000000000000000 0.00000000000000000 1.00000000000000000 0.00000000000000000 387.50000000000011369
2 -0.00000000000011316 -0.00000000000005313 0.00000000000000000 0.00000000000000000 0.00000000000000000 -1.00000000000000000 0.50000000000000033 0.86602540378443860 0.00000000000000000 0.86602540378443860 -0.50000000000000033 0.00000000000000000 387.50000000000017053
2 -18.30000000000019611 359.03392597357697014 0.00000000000000000 0.00000000000000000 0.00000000000000000 -1.00000000000000000 -1.00000000000000000 0.00000000000000000 0.00000000000000000 0.00000000000000000 1.00000000000000000 0.00000000000000000 28.00000000000015632
2 0.00000000000008624 0.00000000000029224 0.00000000000000000 0.00000000000000000 0.00000000000000000 1.00000000000000000 -0.50000000000000033 -0.86602540378443860 0.00000000000000000 0.86602540378443860 -0.50000000000000033 0.00000000000000000 387.50000000000017053
7 0 0  6 7 2  -45.78087143720500762 364.40064797605259628 0.00000000000000000  -55.30344050928281519 315.63931912374823696 0.00000000000000000  -68.05144207217873031 267.50788337652261362 0.00000000000000000  -83.97279508108853463 220.27302991540162225 0.00000000000000000  -102.98601188167312159 174.19572042343210683 0.00000000000000000  -124.98116644808034437 129.52626971567741521 0.00000000000000000  -149.82239486061226330 86.49999998977236260 0.00000000000000000 
 2.61799387792078031 7 2.94873062387872187 7
2 301.78250071357916795 -195.36522787604388895 0.00000000000000000 0.00000000000000000 0.00000000000000000 1.00000000000000000 -0.50000000000000033 -0.86602540378443860 0.00000000000000000 0.86602540378443860 -0.50000000000000033 0.00000000000000000 28.00000000000018829
2 -930.37557351721864052 537.15258772989704994 0.00000000000000000 0.00000000000000000 0.00000000000000000 1.00000000000000000 -0.50000000000000056 0.86602540378443837 0.00000000000000000 -0.86602540378443837 -0.50000000000000056 0.00000000000000000 901.30517559137695116
2 0.00000007596823792 -1074.30517559137615535 0.00000000000000000 0.00000000000000000 0.00000000000000000 1.00000000000000000 -0.50000000000000033 -0.86602540378443860 0.00000000000000000 0.86602540378443860 -0.50000000000000033 0.00000000000000000 901.30517559137672379
2 -320.08250071357917932 -163.66869809753333698 0.00000000000000000 0.00000000000000000 0.00000000000000000 1.00000000000000000 -0.50000000000000056 0.86602540378443837 0.00000000000000000 -0.86602540378443837 -0.50000000000000056 0.00000000000000000 28.00000000000016342
7 0 0  6 7 2  -292.68978258416933613 -221.84772166003557459 0.00000000000000000  -245.69994853974753823 -205.71384395959486824 0.00000000000000000  -197.64290168058363406 -192.68821928693250811 0.00000000000000000  -148.77564213476327382 -182.85908872471017617 0.00000000000000000  -99.36491317638694909 -176.28636273569000537 0.00000000000000000  -49.68245680717129886 -172.99999999648821358 0.00000000000000000  0.00000001180961741 -172.99999999999943157 0.00000000000000000 
 2.61799387792078031 7 2.94873062387872187 7
2 0.00000000000021974 -0.00000000000018103 0.00000000000000000 0.00000000000000000 0.00000000000000000 1.00000000000000000 -0.50000000000000056 0.86602540378443837 0.00000000000000000 -0.86602540378443837 -0.50000000000000056 0.00000000000000000 387.50000000000028422
2 -301.78250071357899742 -195.36522787604417317 0.00000000000000000 0.00000000000000000 -0.00000000000000000 -1.00000000000000000 0.50000000000000056 -0.86602540378443837 0.00000000000000000 -0.86602540378443837 -0.50000000000000056 0.00000000000000000 28.00000000000018829
2 0.00000000000002034 0.00000000000016434 0.00000000000000000 0.00000000000000000 -0.00000000000000000 -1.00000000000000000 0.50000000000000056 -0.86602540378443837 0.00000000000000000 -0.86602540378443837 -0.50000000000000056 0.00000000000000000 387.50000000000028422
2 -304.84638669835010205 -210.99056973466838372 0.00000000000000000 0.00000000000000021 -0.00000000000000079 -1.00000000000000000 -0.49999999999999983 0.86602540378443882 -0.00000000000000079 0.86602540378443882 0.49999999999999983 -0.00000000000000021 2.75000000000000000
2 0.00000000000000000 0.00000000000000000 0.00000000000000000 0.00000000000000000 0.00000000000000000 -1.00000000000000000 -1.00000000000000000 -0.00000000000000000 -0.00000000000000000 0.00000000000000000 1.00000000000000000 0.00000000000000000 4.00000000000000000
2 -311.16292757974883898 -179.64999999999994884 0.00000000000000000 0.00000000000000021 -0.00000000000000079 -1.00000000000000000 -0.49999999999999983 0.86602540378443882 -0.00000000000000079 0.86602540378443882 0.49999999999999983 -0.00000000000000021 2.75000000000000000
2 -335.14638669835011342 -158.50943026533138891 0.00000000000000000 0.00000000000000010 -0.00000000000000060 -1.00000000000000000 0.49999999999999961 -0.86602540378443882 0.00000000000000057 -0.86602540378443882 -0.49999999999999961 0.00000000000000021 2.75000000000000000
2 -265.60999134068731564 -153.34999999999990905 0.00000000000000000 0.00000000000000021 -0.00000000000000079 -1.00000000000000000 -0.49999999999999983 0.86602540378443882 -0.00000000000000079 0.86602540378443882 0.49999999999999983 -0.00000000000000021 2.75000000000000000
2 -235.56435439559498946 -170.99056973466844056 0.00000000000000000 0.00000000000000021 -0.00000000000000079 -1.00000000000000000 -0.49999999999999983 0.86602540378443882 -0.00000000000000079 0.86602540378443882 0.49999999999999983 -0.00000000000000021 2.75000000000000000
2 -265.86435439559505767 -118.50943026533138891 0.00000000000000000 0.00000000000000010 -0.00000000000000060 -1.00000000000000000 0.49999999999999961 -0.86602540378443882 0.00000000000000057 -0.86602540378443882 -0.49999999999999961 0.00000000000000021 2.75000000000000000
2 -34.57500000000054285 -34.57499999999973284 0.00000000000000000 0.00000000000000000 0.00000000000000000 -1.00000000000000000 1.00000000000000000 0.00000000000000000 0.00000000000000000 0.00000000000000000 -1.00000000000000000 0.00000000000000000 4.25000000000000000
2 -34.57500000000000284 34.57500000000000284 0.00000000000000000 0.00000000000000000 0.00000000000000000 -1.00000000000000000 1.00000000000000000 0.00000000000000000 0.00000000000000000 0.00000000000000000 -1.00000000000000000 0.00000000000000000 4.25000000000000000
2 29.00000000000011369 -145.64082532037502915 0.00000000000000000 0.00000000000000000 0.00000000000000000 -1.00000000000000000 0.50000000000000178 -0.86602540378443760 0.00000000000000000 -0.86602540378443760 -0.50000000000000178 -0.00000000000000000 4.25000000000000000
2 235.56435439559487577 -170.99056973466872478 0.00000000000000000 0.00000000000000068 -0.00000000000000040 -1.00000000000000000 0.50000000000000067 0.86602540378443826 -0.00000000000000001 0.86602540378443826 -0.50000000000000067 0.00000000000000079 2.75000000000000000
2 304.84638669834993152 -210.99056973466872478 0.00000000000000000 0.00000000000000068 -0.00000000000000040 -1.00000000000000000 0.50000000000000067 0.86602540378443826 -0.00000000000000001 0.86602540378443826 -0.50000000000000067 0.00000000000000079 2.75000000000000000
