
CASCADE Topology V1, (c) Matra-Datavision
Locations 19
1
1.000000000000000 0.000000000000000 0.000000000000000 0.000000000000000 
0.000000000000000 1.000000000000000 0.000000000000000 0.000000000000000 
0.000000000000000 0.000000000000000 1.000000000000000 0.000000000000000 
1
1.000000000000000 0.000000000000000 0.000000000000000 0.000000000000000 
0.000000000000000 1.000000000000000 0.000000000000000 0.000000000000000 
0.000000000000000 0.000000000000000 1.000000000000000 0.000000000000000 
1
1.000000000000000 0.000000000000000 0.000000000000000 0.000000000000000 
0.000000000000000 1.000000000000000 0.000000000000000 0.000000000000000 
0.000000000000000 0.000000000000000 1.000000000000000 0.000000000000000 
1
1.000000000000000 0.000000000000000 0.000000000000000 0.000000000000000 
0.000000000000000 1.000000000000000 0.000000000000000 0.000000000000000 
0.000000000000000 0.000000000000000 1.000000000000000 0.000000000000000 
1
1.000000000000000 0.000000000000000 0.000000000000000 0.000000000000000 
0.000000000000000 1.000000000000000 0.000000000000000 0.000000000000000 
0.000000000000000 0.000000000000000 1.000000000000000 0.000000000000000 
1
1.000000000000000 0.000000000000000 0.000000000000000 0.000000000000000 
0.000000000000000 1.000000000000000 0.000000000000000 0.000000000000000 
0.000000000000000 0.000000000000000 1.000000000000000 0.000000000000000 
1
1.000000000000000 0.000000000000000 0.000000000000000 0.000000000000000 
0.000000000000000 1.000000000000000 0.000000000000000 0.000000000000000 
0.000000000000000 0.000000000000000 1.000000000000000 0.000000000000000 
2  2 1 3 -1 4 -1 5 -1 6 -1 7 -1 1 -1 0
1
1.000000000000000 0.000000000000000 0.000000000000000 0.000000000000000 
0.000000000000000 1.000000000000000 0.000000000000000 0.000000000000000 
0.000000000000000 0.000000000000000 1.000000000000000 18.000000000000000 
2  9 -1 2 1 3 -1 4 -1 5 -1 6 -1 7 -1 1 -1 0
2  5 -1 6 -1 7 -1 1 -1 0
1
-0.500000000000001 -0.866025403784439 0.000000000000000 0.000000000000085 
0.866025403784439 -0.500000000000001 0.000000000000000 -0.000000000000028 
0.000000000000000 0.000000000000000 1.000000000000001 0.000000000000000 
2  2 1 3 -1 4 -1 5 -1 12 -1 7 -1 1 -1 0
2  9 -1 2 1 3 -1 4 -1 5 -1 12 -1 7 -1 1 -1 0
1
-0.500000000000000 0.866025403784439 0.000000000000000 0.000000000000021 
-0.866025403784439 -0.500000000000000 0.000000000000000 0.000000000000099 
0.000000000000000 0.000000000000000 1.000000000000000 0.000000000000000 
2  2 1 3 -1 4 -1 5 -1 15 -1 7 -1 1 -1 0
2  9 -1 2 1 3 -1 4 -1 5 -1 15 -1 7 -1 1 -1 0
2  5 -1 12 -1 7 -1 1 -1 0
2  5 -1 15 -1 7 -1 1 -1 0
Curve2ds 21
1 0.00000000000000000 0.00000000000000000 1.00000000000000000 0.00000000000000000 
1 0.00000000000000000 -18.00000000000000000 1.00000000000000000 0.00000000000000000 
2 930.37557344124957126 537.15258786147887804 1.00000000000000000 0.00000000000000000 -0.00000000000000000 1.00000000000000000 904.30517559137683747
1 0.00000000000000000 0.00000000000000000 1.00000000000000000 0.00000000000000000 
1 0.00000000000000000 -18.00000000000000000 1.00000000000000000 0.00000000000000000 
1 0.00000000000000000 0.00000000000000000 1.00000000000000000 0.00000000000000000 
1 0.00000000000000000 -18.00000000000000000 1.00000000000000000 0.00000000000000000 
1 0.00000000000000000 0.00000000000000000 1.00000000000000000 0.00000000000000000 
1 0.00000000000000000 -18.00000000000000000 1.00000000000000000 0.00000000000000000 
2 18.30000000000017479 359.03392597357702698 1.00000000000000000 0.00000000000000000 -0.00000000000000000 1.00000000000000000 25.00000000000015632
2 -320.08250071357917932 -163.66869809753328013 -0.50000000000000056 0.86602540378443837 -0.86602540378443837 -0.50000000000000056 25.00000000000016342
2 301.78250071357916795 -195.36522787604383211 -0.50000000000000033 -0.86602540378443860 0.86602540378443860 -0.50000000000000033 25.00000000000018829
1 0.00000000000000000 0.00000000000000000 1.00000000000000000 0.00000000000000000 
1 0.00000000000000000 -18.00000000000000000 1.00000000000000000 0.00000000000000000 
1 0.00000000000000000 0.00000000000000000 1.00000000000000000 0.00000000000000000 
1 0.00000000000000000 -18.00000000000000000 1.00000000000000000 0.00000000000000000 
1 0.00000000000000000 0.00000000000000000 1.00000000000000000 0.00000000000000000 
1 0.00000000000000000 -18.00000000000000000 1.00000000000000000 0.00000000000000000 
2 -0.00000000000022053 0.00000000000001764 1.00000000000000000 0.00000000000000000 -0.00000000000000000 1.00000000000000000 384.50000000000011369
2 0.00000000000019860 -0.00000000000012323 -0.50000000000000056 0.86602540378443837 -0.86602540378443837 -0.50000000000000056 384.50000000000028422
2 0.00000000000006510 0.00000000000035004 -0.50000000000000033 -0.86602540378443860 0.86602540378443860 -0.50000000000000033 384.50000000000017053
Curves 3
2 930.37557344124957126 537.15258786147876435 0.00000000000000000 0.00000000000000000 0.00000000000000000 1.00000000000000000 1.00000000000000000 0.00000000000000000 -0.00000000000000000 -0.00000000000000000 1.00000000000000000 0.00000000000000000 904.30517559137672379
2 18.30000000000019611 359.03392597357697014 0.00000000000000000 0.00000000000000000 0.00000000000000000 1.00000000000000000 1.00000000000000000 0.00000000000000000 -0.00000000000000000 -0.00000000000000000 1.00000000000000000 0.00000000000000000 25.00000000000015987
2 -0.00000000000019940 -0.00000000000004015 0.00000000000000000 0.00000000000000000 0.00000000000000000 1.00000000000000000 1.00000000000000000 0.00000000000000000 -0.00000000000000000 -0.00000000000000000 1.00000000000000000 0.00000000000000000 384.50000000000011369
Polygon3D 0
PolygonOnTriangulations 0
Surfaces 8
2 930.37557344124957126 537.15258786147876435 0.00000000000000000 -0.00000000000000000 -0.00000000000000000 -1.00000000000000000 1.00000000000000000 0.00000000000000000 0.00000000000000000 -0.00000000000000000 1.00000000000000000 -0.00000000000000000 904.30517559137672379
1 0.00000000000002114 -0.00000000000005780 0.00000000000000000 0.00000000000000000 0.00000000000000000 1.00000000000000000 1.00000000000000000 0.00000000000000000 -0.00000000000000000 -0.00000000000000000 1.00000000000000000 0.00000000000000000 
2 18.30000000000019611 359.03392597357697014 0.00000000000000000 -0.00000000000000000 -0.00000000000000000 -1.00000000000000000 1.00000000000000000 0.00000000000000000 0.00000000000000000 -0.00000000000000000 1.00000000000000000 -0.00000000000000000 25.00000000000015987
2 -320.08250071357917932 -163.66869809753333698 0.00000000000000000 -0.00000000000000000 -0.00000000000000000 -1.00000000000000000 -0.50000000000000056 0.86602540378443837 0.00000000000000000 -0.86602540378443837 -0.50000000000000056 0.00000000000000000 25.00000000000016698
2 301.78250071357916795 -195.36522787604388895 0.00000000000000000 -0.00000000000000000 -0.00000000000000000 -1.00000000000000000 -0.50000000000000033 -0.86602540378443860 0.00000000000000000 0.86602540378443860 -0.50000000000000033 -0.00000000000000000 25.00000000000015987
2 -0.00000000000019940 -0.00000000000004015 0.00000000000000000 -0.00000000000000000 -0.00000000000000000 -1.00000000000000000 1.00000000000000000 0.00000000000000000 0.00000000000000000 -0.00000000000000000 1.00000000000000000 -0.00000000000000000 384.50000000000011369
2 0.00000000000021974 -0.00000000000018103 0.00000000000000000 -0.00000000000000000 -0.00000000000000000 -1.00000000000000000 -0.50000000000000056 0.86602540378443837 0.00000000000000000 -0.86602540378443837 -0.50000000000000056 0.00000000000000000 384.50000000000022737
2 0.00000000000008624 0.00000000000029224 0.00000000000000000 -0.00000000000000000 -0.00000000000000000 -1.00000000000000000 -0.50000000000000033 -0.86602540378443860 0.00000000000000000 0.86602540378443860 -0.50000000000000033 -0.00000000000000000 384.50000000000011369
Triangulations 0

TShapes 8
Ve
0.000000100000348
42.836492354647099 363.825642047216206 0.000000000000000
0 0

0101101
*
Ve
0.000000112022056
147.224318643354195 84.999999999999787 0.000000000000000
0 0

0101101
*
Ed
 0.000000100000000 1 1 0
1  1 0 3.334454683300864 3.665191429258806
2  1 1 8 3.334454683300864 3.665191429258806
2  2 1 10 3.334454683300864 3.665191429258806
2  3 2 11 3.334454683300864 3.665191429258806
0

0101000
+8 0 -7 0 *
Ve
0.000000100000005
19.572600834492590 384.001514706092905 0.000000000000000
0 0

0101101
*
Ed
 0.000000100000000 1 1 0
1  2 0 0.192862029711070 1.519870283811140
2  4 3 8 0.192862029711070 1.519870283811140
2  5 3 10 0.192862029711070 1.519870283811140
2  6 4 13 0.192862029711070 1.519870283811140
2  7 4 14 0.192862029711070 1.519870283811140
2  8 5 16 0.192862029711070 1.519870283811140
2  9 5 17 0.192862029711070 1.519870283811140
2  10 2 11 0.192862029711070 1.519870283811140
2  11 2 18 0.192862029711070 1.519870283811140
2  12 2 19 0.192862029711070 1.519870283811140
0

0101000
+8 0 -5 0 *
Ve
0.000000100000130
0.000000000000012 384.500000000000227 0.000000000000000
0 0

0101101
*
Ed
 0.000000100000000 1 1 0
1  3 0 1.519870283811140 1.570796326794896
2  13 6 8 1.519870283811140 1.570796326794896
2  14 6 10 1.519870283811140 1.570796326794896
2  15 7 13 1.519870283811140 1.570796326794896
2  16 7 14 1.519870283811140 1.570796326794896
2  17 8 16 1.519870283811140 1.570796326794896
2  18 8 17 1.519870283811140 1.570796326794896
2  19 2 11 1.519870283811140 1.570796326794896
2  20 2 18 1.519870283811140 1.570796326794896
2  21 2 19 1.519870283811140 1.570796326794896
0

0101000
+5 0 -3 0 *
Wi

0101000
-6 0 +4 0 +2 0 *

+1 1 