
CASCADE Topology V1, (c) Matra-Datavision
Locations 20
1
1.000000000000000 0.000000000000000 0.000000000000000 0.000000000000000 
0.000000000000000 1.000000000000000 0.000000000000000 0.000000000000000 
0.000000000000000 0.000000000000000 1.000000000000000 0.000000000000000 
1
1.000000000000000 0.000000000000000 0.000000000000000 0.000000000000000 
0.000000000000000 1.000000000000000 0.000000000000000 0.000000000000000 
0.000000000000000 0.000000000000000 1.000000000000000 0.000000000000000 
1
1.000000000000000 0.000000000000000 0.000000000000000 0.000000000000000 
0.000000000000000 1.000000000000000 0.000000000000000 0.000000000000000 
0.000000000000000 0.000000000000000 1.000000000000000 0.000000000000000 
1
1.000000000000000 0.000000000000000 0.000000000000000 0.000000000000000 
0.000000000000000 1.000000000000000 0.000000000000000 0.000000000000000 
0.000000000000000 0.000000000000000 1.000000000000000 0.000000000000000 
2  2 1 3 1 4 1 0
1
1.000000000000000 0.000000000000000 0.000000000000000 0.000000000000000 
0.000000000000000 1.000000000000000 0.000000000000000 0.000000000000000 
0.000000000000000 0.000000000000000 1.000000000000000 0.000000000000000 
1
1.000000000000000 0.000000000000000 0.000000000000000 0.000000000000000 
0.000000000000000 1.000000000000000 0.000000000000000 0.000000000000000 
0.000000000000000 0.000000000000000 1.000000000000000 0.000000000000000 
2  6 1 7 -1 1 -1 4 -1 3 -1 2 -1 0
1
1.000000000000000 0.000000000000000 0.000000000000000 0.000000000000000 
0.000000000000000 1.000000000000000 0.000000000000000 0.000000000000000 
0.000000000000000 0.000000000000000 1.000000000000000 3.000000000000000 
2  9 -1 6 1 7 -1 1 -1 4 -1 3 -1 2 -1 0
2  4 -1 3 -1 2 -1 0
1
1.000000000000000 0.000000000000000 0.000000000000000 0.000000000000000 
0.000000000000000 1.000000000000000 0.000000000000000 0.000000000000000 
0.000000000000000 0.000000000000000 1.000000000000000 0.000000000000000 
1
1.000000000000000 0.000000000000000 0.000000000000000 0.000000000000000 
0.000000000000000 1.000000000000000 0.000000000000000 0.000000000000000 
0.000000000000000 0.000000000000000 1.000000000000000 0.000000000000000 
2  12 -1 13 -1 0
1
1.000000000000000 0.000000000000000 0.000000000000000 0.000000000000000 
0.000000000000000 1.000000000000000 0.000000000000000 0.000000000000000 
0.000000000000000 0.000000000000000 1.000000000000000 0.000000000000000 
2  13 1 15 1 4 1 0
2  6 1 7 -1 1 -1 4 -1 15 -1 13 -1 0
2  9 -1 6 1 7 -1 1 -1 4 -1 15 -1 13 -1 0
2  4 -1 15 -1 13 -1 0
2  12 -1 13 -1 2 1 3 1 15 -1 13 -1 0
Curve2ds 24
1 0.00000000000000000 0.00000000000000000 1.00000000000000000 0.00000000000000000 
1 0.00000000000000000 -3.00000000000000000 1.00000000000000000 0.00000000000000000 
2 0.00000000000000254 -144.84836341909760904 -1.00000000000000000 0.00000000000000000 0.00000000000000000 1.00000000000000000 185.00000000000000000
1 0.00000000000000000 0.00000000000000000 1.00000000000000000 0.00000000000000000 
1 0.00000000000000000 -3.00000000000000000 1.00000000000000000 0.00000000000000000 
2 -156.75914473933582372 -51.39880194023376703 -1.00000000000000000 0.00000000000000000 0.00000000000000000 1.00000000000000000 2.50000000000000000
1 0.00000000000000000 0.00000000000000000 1.00000000000000000 0.00000000000000000 
1 0.00000000000000000 -3.00000000000000000 1.00000000000000000 0.00000000000000000 
3 -145.18466547414581669 -38.27319986872150537 -0.66139881515371457 -0.75003440408641431 -0.75003440408641431 0.66139881515371457 19.99999999999999645 10.00000000000001243
1 0.00000000000000000 0.00000000000000000 1.00000000000000000 0.00000000000000000 
1 0.00000000000000000 -3.00000000000000000 1.00000000000000000 0.00000000000000000 
2 0.00000000000000254 -144.84836341909760904 -1.00000000000000000 0.00000000000000000 0.00000000000000000 1.00000000000000000 170.00000000000000000
1 0.00000000000000000 0.00000000000000000 1.00000000000000000 0.00000000000000000 
1 0.00000000000000000 -3.00000000000000000 1.00000000000000000 0.00000000000000000 
2 0.00000000000000254 -144.84836341909760904 1.00000000000000000 0.00000000000000000 -0.00000000000000000 1.00000000000000000 170.00000000000000000
1 0.00000000000000000 0.00000000000000000 1.00000000000000000 0.00000000000000000 
1 0.00000000000000000 -3.00000000000000000 1.00000000000000000 0.00000000000000000 
3 145.18466547414581669 -38.27319986872150537 0.66139881515371457 -0.75003440408641431 0.75003440408641431 0.66139881515371457 19.99999999999999645 10.00000000000001243
1 0.00000000000000000 0.00000000000000000 1.00000000000000000 0.00000000000000000 
1 0.00000000000000000 -3.00000000000000000 1.00000000000000000 0.00000000000000000 
2 156.75914473933582372 -51.39880194023376703 1.00000000000000000 0.00000000000000000 -0.00000000000000000 1.00000000000000000 2.50000000000000000
1 0.00000000000000000 0.00000000000000000 1.00000000000000000 0.00000000000000000 
1 0.00000000000000000 -3.00000000000000000 1.00000000000000000 0.00000000000000000 
2 0.00000000000000254 -144.84836341909760904 1.00000000000000000 0.00000000000000000 -0.00000000000000000 1.00000000000000000 185.00000000000000000
Curves 8
2 0.00000000000000000 0.00000000000000000 0.00000000000000000 0.00000000000000000 0.00000000000000000 -1.00000000000000000 -1.00000000000000000 -0.00000000000000000 -0.00000000000000000 -0.00000000000000000 1.00000000000000000 0.00000000000000000 185.00000000000000000
2 -156.75914473933582372 93.44956147886384201 0.00000000000000000 0.00000000000000000 0.00000000000000000 -1.00000000000000000 -1.00000000000000000 -0.00000000000000000 -0.00000000000000000 -0.00000000000000000 1.00000000000000000 0.00000000000000000 2.50000000000000000
3 -145.18466547414581669 106.57516355037610367 0.00000000000000000 0.00000000000000000 0.00000000000000000 -1.00000000000000000 -0.66139881515371457 -0.75003440408641431 -0.00000000000000000 -0.75003440408641431 0.66139881515371457 0.00000000000000000 20.00000000000000000 10.00000000000001066
2 0.00000000000000000 0.00000000000000000 0.00000000000000000 0.00000000000000000 0.00000000000000000 -1.00000000000000000 -1.00000000000000000 -0.00000000000000000 -0.00000000000000000 -0.00000000000000000 1.00000000000000000 0.00000000000000000 170.00000000000000000
2 0.00000000000000000 0.00000000000000000 0.00000000000000000 0.00000000000000000 0.00000000000000000 1.00000000000000000 1.00000000000000000 0.00000000000000000 -0.00000000000000000 -0.00000000000000000 1.00000000000000000 0.00000000000000000 170.00000000000000000
3 145.18466547414581669 106.57516355037610367 0.00000000000000000 -0.00000000000000000 0.00000000000000000 1.00000000000000000 0.66139881515371457 -0.75003440408641431 0.00000000000000000 0.75003440408641431 0.66139881515371457 0.00000000000000000 20.00000000000000000 10.00000000000001066
2 156.75914473933582372 93.44956147886384201 0.00000000000000000 0.00000000000000000 0.00000000000000000 1.00000000000000000 1.00000000000000000 0.00000000000000000 -0.00000000000000000 -0.00000000000000000 1.00000000000000000 0.00000000000000000 2.50000000000000000
2 0.00000000000000000 0.00000000000000000 0.00000000000000000 0.00000000000000000 0.00000000000000000 1.00000000000000000 1.00000000000000000 0.00000000000000000 -0.00000000000000000 -0.00000000000000000 1.00000000000000000 0.00000000000000000 185.00000000000000000
Polygon3D 0
PolygonOnTriangulations 0
Surfaces 9
1 -0.00000000000000254 144.84836341909760904 0.00000000000000000 0.00000000000000000 0.00000000000000000 1.00000000000000000 1.00000000000000000 0.00000000000000000 -0.00000000000000000 -0.00000000000000000 1.00000000000000000 0.00000000000000000 
2 0.00000000000000000 0.00000000000000000 0.00000000000000000 0.00000000000000000 0.00000000000000000 -1.00000000000000000 -1.00000000000000000 -0.00000000000000000 -0.00000000000000000 -0.00000000000000000 1.00000000000000000 0.00000000000000000 185.00000000000000000
2 -156.75914473933582372 93.44956147886384201 0.00000000000000000 0.00000000000000000 0.00000000000000000 -1.00000000000000000 -1.00000000000000000 -0.00000000000000000 -0.00000000000000000 -0.00000000000000000 1.00000000000000000 0.00000000000000000 2.50000000000000000
6 -0.00000000000000000 -0.00000000000000000 -1.00000000000000000 
3 -145.18466547414581669 106.57516355037610367 0.00000000000000000 0.00000000000000000 0.00000000000000000 -1.00000000000000000 -0.66139881515371457 -0.75003440408641431 -0.00000000000000000 -0.75003440408641431 0.66139881515371457 0.00000000000000000 20.00000000000000000 10.00000000000001066
2 0.00000000000000000 0.00000000000000000 0.00000000000000000 0.00000000000000000 0.00000000000000000 -1.00000000000000000 -1.00000000000000000 -0.00000000000000000 -0.00000000000000000 -0.00000000000000000 1.00000000000000000 0.00000000000000000 170.00000000000000000
2 0.00000000000000000 0.00000000000000000 0.00000000000000000 -0.00000000000000000 -0.00000000000000000 -1.00000000000000000 1.00000000000000000 0.00000000000000000 0.00000000000000000 -0.00000000000000000 1.00000000000000000 -0.00000000000000000 170.00000000000000000
6 -0.00000000000000000 -0.00000000000000000 -1.00000000000000000 
3 145.18466547414581669 106.57516355037610367 0.00000000000000000 -0.00000000000000000 0.00000000000000000 1.00000000000000000 0.66139881515371457 -0.75003440408641431 0.00000000000000000 0.75003440408641431 0.66139881515371457 0.00000000000000000 20.00000000000000000 10.00000000000001066
2 156.75914473933582372 93.44956147886384201 0.00000000000000000 -0.00000000000000000 -0.00000000000000000 -1.00000000000000000 1.00000000000000000 0.00000000000000000 0.00000000000000000 -0.00000000000000000 1.00000000000000000 -0.00000000000000000 2.50000000000000000
2 0.00000000000000000 0.00000000000000000 0.00000000000000000 -0.00000000000000000 -0.00000000000000000 -1.00000000000000000 1.00000000000000000 0.00000000000000000 0.00000000000000000 -0.00000000000000000 1.00000000000000000 -0.00000000000000000 185.00000000000000000
Triangulations 0

TShapes 18
Ve
0.000000100000014
-158.906530283710310 94.729692458026364 0.000000000000000
0 0

0101101
*
Ve
0.000000100000011
-0.000000000000000 185.000000000000000 0.000000000000000
0 0

0101101
*
Ed
 0.000000100000000 1 1 0
1  1 0 0.537572500732668 1.570796326794897
2  1 2 8 0.537572500732668 1.570796326794897
2  2 2 10 0.537572500732668 1.570796326794897
2  3 1 11 0.537572500732668 1.570796326794897
0

0101000
+18 14 -17 14 *
Ve
0.000000100000007
-158.412641777220131 91.574475468647819 0.000000000000000
0 0

0101101
*
Ed
 0.000000100000000 1 1 0
1  2 0 5.435071212574583 6.820757807912255
2  4 3 8 5.435071212574583 6.820757807912255
2  5 3 10 5.435071212574583 6.820757807912255
2  6 1 11 5.435071212574583 6.820757807912255
0

0101000
+15 14 -18 14 *
Ve
0.000000100000032
-135.758960695135102 102.320597100372510 0.000000000000000
0 0

0101101
*
Ed
 0.000000100000000 1 1 0
1  3 0 4.559641759144434 6.283185307179590
2  7 4 8 4.559641759144434 6.283185307179590
2  8 4 10 4.559641759144434 6.283185307179590
2  9 1 11 4.559641759144434 6.283185307179590
0

0101000
+13 14 -15 14 *
Ve
0.000000100000010
-0.000000000000000 170.000000000000000 0.000000000000000
0 0

0101101
*
Ed
 0.000000100000000 1 1 0
1  4 0 0.645860530177776 1.570796326794897
2  10 5 8 0.645860530177776 1.570796326794897
2  11 5 10 0.645860530177776 1.570796326794897
2  12 1 11 0.645860530177776 1.570796326794897
0

0101000
+13 14 -11 14 *
Ve
0.000000100000032
135.758960695135102 102.320597100372510 0.000000000000000
0 0

0101101
*
Ed
 0.000000100000000 1 1 0
1  5 0 0.645860530177776 1.570796326794897
2  13 6 17 0.645860530177776 1.570796326794897
2  14 6 18 0.645860530177776 1.570796326794897
2  15 1 19 0.645860530177776 1.570796326794897
0

0101000
+9 0 -11 20 *
Ve
0.000000100000007
158.412641777220131 91.574475468647819 0.000000000000000
0 0

0101101
*
Ed
 0.000000100000000 1 1 0
1  6 0 4.559641759144434 6.283185307179590
2  16 7 17 4.559641759144434 6.283185307179590
2  17 7 18 4.559641759144434 6.283185307179590
2  18 1 19 4.559641759144434 6.283185307179590
0

0101000
+9 0 -7 0 *
Ve
0.000000100000014
158.906530283710310 94.729692458026364 0.000000000000000
0 0

0101101
*
Ed
 0.000000100000000 1 1 0
1  7 0 5.435071212574583 6.820757807912255
2  19 8 17 5.435071212574583 6.820757807912255
2  20 8 18 5.435071212574583 6.820757807912255
2  21 1 19 5.435071212574583 6.820757807912255
0

0101000
+7 0 -5 0 *
Ed
 0.000000100000000 1 1 0
1  8 0 0.537572500732668 1.570796326794897
2  22 9 17 0.537572500732668 1.570796326794897
2  23 9 18 0.537572500732668 1.570796326794897
2  24 1 19 0.537572500732668 1.570796326794897
0

0101000
+5 0 -17 20 *
Wi

0101100
-16 5 -14 5 -12 5 +10 5 -8 16 +6 16 +4 16 +3 16 *
Fa
0  0.000000100000000 1 0

0101000
+2 0 *

+1 1 