
CASCADE Topology V1, (c) Matra-Datavision
Locations 12
1
1.000000000000000 0.000000000000000 0.000000000000000 0.000000000000000 
0.000000000000000 1.000000000000000 0.000000000000000 0.000000000000000 
0.000000000000000 0.000000000000000 1.000000000000000 3.000000000000000 
1
1.000000000000000 0.000000000000000 0.000000000000000 0.000000000000000 
0.000000000000000 1.000000000000000 0.000000000000000 0.000000000000000 
0.000000000000000 0.000000000000000 1.000000000000000 0.000000000000000 
1
1.000000000000000 0.000000000000000 0.000000000000000 0.000000000000000 
0.000000000000000 1.000000000000000 0.000000000000000 0.000000000000000 
0.000000000000000 0.000000000000000 1.000000000000000 0.000000000000000 
1
1.000000000000000 0.000000000000000 0.000000000000000 0.000000000000000 
-0.000000000000000 1.000000000000000 0.000000000000000 -0.000000000000028 
-0.000000000000000 0.000000000000000 1.000000000000000 0.000000000000000 
1
-0.000000000000001 0.930301357683958 0.366796106701510 252.942558156446637 
0.000000000000000 -0.366796106701510 0.930301357683958 192.206188304042143 
1.000000000000000 0.000000000000001 0.000000000000000 268.000000000000057 
1
1.000000000000000 0.000000000000000 0.000000000000000 0.000000000000000 
0.000000000000000 1.000000000000000 0.000000000000000 0.000000000000000 
0.000000000000000 0.000000000000000 1.000000000000000 0.000000000000000 
1
1.000000000000000 0.000000000000000 0.000000000000000 0.000000000000000 
0.000000000000000 1.000000000000000 0.000000000000000 0.000000000000000 
0.000000000000000 0.000000000000000 1.000000000000000 0.000000000000000 
2  2 1 3 1 4 1 5 1 6 1 7 1 0
1
-0.930301357683958 -0.000000000000000 0.366796106701509 270.618283952441914 
0.366796106701509 -0.000000000000001 0.930301357683958 185.237062276713516 
-0.000000000000000 1.000000000000000 0.000000000000001 0.000000000000002 
1
1.000000000000000 0.000000000000000 0.000000000000000 0.000000000000000 
0.000000000000000 1.000000000000000 0.000000000000000 0.000000000000000 
0.000000000000000 0.000000000000000 1.000000000000000 0.000000000000000 
1
1.000000000000000 0.000000000000000 0.000000000000000 0.000000000000000 
0.000000000000000 1.000000000000000 0.000000000000000 0.000000000000000 
0.000000000000000 0.000000000000000 1.000000000000000 0.000000000000000 
2  9 1 10 1 11 1 0
Curve2ds 0
Curves 4
2 -48.00000000000000000 0.00000000000000000 0.00000000000000000 0.00000000000000000 0.00000000000000000 1.00000000000000000 1.00000000000000000 0.00000000000000000 -0.00000000000000000 -0.00000000000000000 1.00000000000000000 0.00000000000000000 2.35000000000001119
2 48.00000000000000000 0.00000000000000000 0.00000000000000000 0.00000000000000000 0.00000000000000000 1.00000000000000000 1.00000000000000000 0.00000000000000000 -0.00000000000000000 -0.00000000000000000 1.00000000000000000 0.00000000000000000 2.35000000000001119
2 0.00000000000000000 406.00000000000000000 0.00000000000000000 0.00000000000000000 0.00000000000000000 1.00000000000000000 1.00000000000000000 0.00000000000000000 -0.00000000000000000 -0.00000000000000000 1.00000000000000000 0.00000000000000000 1.70000000000000018
2 0.00000000000000000 10.00000000000000000 0.00000000000000000 0.00000000000000000 0.00000000000000000 1.00000000000000000 1.00000000000000000 0.00000000000000000 -0.00000000000000000 -0.00000000000000000 1.00000000000000000 0.00000000000000000 1.70000000000000018
Polygon3D 0
PolygonOnTriangulations 0
Surfaces 4
1 260.36199861402479883 189.28087614442267750 242.81481481481512219 0.36679610670151452 0.93030135768395572 0.00000000000000072 0.93030135768395572 -0.36679610670151452 0.00000000000000000 0.00000000000000026 0.00000000000000067 -1.00000000000000000 
1 260.36199861402479883 189.28087614442267750 242.81481481481512219 0.36679610670151452 0.93030135768395572 0.00000000000000072 0.93030135768395572 -0.36679610670151452 0.00000000000000000 0.00000000000000026 0.00000000000000067 -1.00000000000000000 
1 260.36199861402479883 189.28087614442267750 242.81481481481512219 0.36679610670151452 0.93030135768395572 0.00000000000000072 0.93030135768395572 -0.36679610670151452 0.00000000000000000 0.00000000000000026 0.00000000000000067 -1.00000000000000000 
1 260.36199861402479883 189.28087614442267750 242.81481481481512219 0.36679610670151452 0.93030135768395572 0.00000000000000072 0.93030135768395572 -0.36679610670151452 0.00000000000000000 0.00000000000000026 0.00000000000000067 -1.00000000000000000 
Triangulations 0

TShapes 17
Ve
0.000000100000000
-45.649999999999991 0.000000000000000 0.000000000000000
0 0

0101101
*
Ed
 0.000000100000000 1 1 0
1  1 0 0.000000000000000 6.283185307179586
0

0101100
+17 0 -17 0 *
Wi

0101100
+16 8 *
Fa
0  0.000000100000000 1 0

0101000
+15 0 *
Ve
0.000000100000000
50.350000000000009 0.000000000000000 0.000000000000000
0 0

0101101
*
Ed
 0.000000100000000 1 1 0
1  2 0 0.000000000000000 6.283185307179586
0

0101100
+13 0 -13 0 *
Wi

0101100
+12 8 *
Fa
0  0.000000100000000 2 0

0101000
+11 0 *
Ve
0.000000100000000
1.700000000000000 406.000000000000000 0.000000000000000
0 0

0101101
*
Ed
 0.000000100000000 1 1 0
1  3 0 0.000000000000000 6.283185307179586
0

0101100
+9 0 -9 0 *
Wi

0101100
+8 12 *
Fa
0  0.000000100000000 3 0

0101000
+7 0 *
Ve
0.000000100000000
1.700000000000000 10.000000000000000 0.000000000000000
0 0

0101101
*
Ed
 0.000000100000000 1 1 0
1  4 0 0.000000000000000 6.283185307179586
0

0101100
+5 0 -5 0 *
Wi

0101100
+4 12 *
Fa
0  0.000000100000000 4 0

0101000
+3 0 *
Co

1100000
+14 0 +10 0 +6 0 +2 0 *

+1 1 