
CASCADE Topology V1, (c) Matra-Datavision
Locations 28
1
1.000000000000000 0.000000000000000 0.000000000000000 0.000000000000000 
0.000000000000000 1.000000000000000 0.000000000000000 0.000000000000000 
0.000000000000000 0.000000000000000 1.000000000000000 0.000000000000000 
1
1.000000000000000 0.000000000000000 0.000000000000000 0.000000000000000 
0.000000000000000 1.000000000000000 0.000000000000000 0.000000000000000 
0.000000000000000 0.000000000000000 1.000000000000000 0.000000000000000 
1
1.000000000000000 0.000000000000000 0.000000000000000 0.000000000000000 
0.000000000000000 1.000000000000000 0.000000000000000 0.000000000000000 
0.000000000000000 0.000000000000000 1.000000000000000 0.000000000000000 
1
1.000000000000000 0.000000000000000 0.000000000000000 0.000000000000000 
0.000000000000000 1.000000000000000 0.000000000000000 0.000000000000000 
0.000000000000000 0.000000000000000 1.000000000000000 0.000000000000000 
2  2 1 3 1 4 1 0
2  4 -1 3 -1 2 -1 0
1
1.000000000000000 0.000000000000000 0.000000000000000 0.000000000000000 
0.000000000000000 1.000000000000000 0.000000000000000 0.000000000000000 
0.000000000000000 0.000000000000000 1.000000000000000 0.000000000000000 
1
1.000000000000000 0.000000000000000 0.000000000000000 0.000000000000000 
0.000000000000000 1.000000000000000 0.000000000000000 0.000000000000000 
0.000000000000000 0.000000000000000 1.000000000000000 0.000000000000000 
2  7 1 8 -1 1 -1 4 -1 3 -1 2 -1 0
1
1.000000000000000 0.000000000000000 0.000000000000000 0.000000000000000 
0.000000000000000 1.000000000000000 0.000000000000000 0.000000000000000 
0.000000000000000 0.000000000000000 1.000000000000000 3.000000000000000 
2  10 -1 7 1 8 -1 1 -1 4 -1 3 -1 2 -1 0
1
1.000000000000000 0.000000000000000 0.000000000000000 0.000000000000000 
0.000000000000000 1.000000000000000 0.000000000000000 0.000000000000000 
0.000000000000000 0.000000000000000 1.000000000000000 0.000000000000000 
1
1.000000000000000 0.000000000000000 0.000000000000000 0.000000000000000 
0.000000000000000 1.000000000000000 0.000000000000000 0.000000000000000 
0.000000000000000 0.000000000000000 1.000000000000000 0.000000000000000 
2  12 -1 13 -1 0
1
1.000000000000000 0.000000000000000 0.000000000000000 0.000000000000000 
0.000000000000000 1.000000000000000 0.000000000000000 0.000000000000000 
0.000000000000000 0.000000000000000 1.000000000000000 0.000000000000000 
1
1.000000000000000 0.000000000000000 0.000000000000000 0.000000000000000 
0.000000000000000 1.000000000000000 0.000000000000000 0.000000000000000 
0.000000000000000 0.000000000000000 1.000000000000000 0.000000000000000 
1
1.000000000000000 0.000000000000000 0.000000000000000 0.000000000000000 
0.000000000000000 1.000000000000000 0.000000000000000 0.000000000000000 
0.000000000000000 0.000000000000000 1.000000000000000 0.000000000000000 
1
1.000000000000000 0.000000000000000 0.000000000000000 0.000000000000000 
0.000000000000000 1.000000000000000 0.000000000000000 0.000000000000000 
0.000000000000000 0.000000000000000 1.000000000000000 0.000000000000000 
2  15 1 16 -1 17 1 18 -1 7 1 8 -1 1 -1 4 -1 3 -1 2 -1 0
2  15 1 16 -1 17 1 18 -1 10 -1 7 1 8 -1 1 -1 4 -1 3 -1 2 -1 0
1
1.000000000000000 0.000000000000000 0.000000000000000 0.000000000000000 
0.000000000000000 1.000000000000000 0.000000000000000 0.000000000000000 
0.000000000000000 0.000000000000000 1.000000000000000 0.000000000000000 
2  13 1 21 1 4 1 0
2  7 1 8 -1 1 -1 4 -1 21 -1 13 -1 0
2  10 -1 7 1 8 -1 1 -1 4 -1 21 -1 13 -1 0
2  4 -1 21 -1 13 -1 0
2  12 -1 13 -1 2 1 3 1 21 -1 13 -1 0
2  17 1 18 -1 7 1 8 -1 1 -1 4 -1 21 -1 13 -1 0
2  17 1 18 -1 10 -1 7 1 8 -1 1 -1 4 -1 21 -1 13 -1 0
Curve2ds 40
1 0.00000000000000124 -176.04135436847519713 -1.00000000000000000 0.00000000000000000 
1 0.00000000000000000 0.00000000000000000 1.00000000000000000 0.00000000000000000 
1 0.00000000000000000 -3.00000000000000000 1.00000000000000000 0.00000000000000000 
1 -14.50000000000000888 -176.04135436847519713 -0.43011493385387412 0.90277413768665171 
1 0.00000000000000000 0.00000000000000000 1.00000000000000000 0.00000000000000000 
1 0.00000000000000000 -3.00000000000000000 1.00000000000000000 0.00000000000000000 
1 -41.60000000000000142 -119.16079244030001405 0.00000000000000000 1.00000000000000000 
1 0.00000000000000000 0.00000000000000000 1.00000000000000000 0.00000000000000000 
1 0.00000000000000000 -3.00000000000000000 1.00000000000000000 0.00000000000000000 
1 -41.60000000000000142 145.34835172134819459 0.86602540378443837 0.50000000000000044 
1 0.00000000000000000 0.00000000000000000 1.00000000000000000 0.00000000000000000 
1 0.00000000000000000 -3.00000000000000000 1.00000000000000000 0.00000000000000000 
1 -15.49999999999999822 160.41719374719744451 -0.50000000000000000 0.86602540378443871 
1 0.00000000000000000 0.00000000000000000 1.00000000000000000 0.00000000000000000 
1 0.00000000000000000 -3.00000000000000000 1.00000000000000000 0.00000000000000000 
1 -0.00000000000002905 -362.25451715559307786 1.00000000000000000 0.00000000000000000 
1 -0.00000000000002905 -359.25451715559307786 1.00000000000000000 0.00000000000000000 
1 0.00000000000000000 0.00000000000000000 1.00000000000000000 0.00000000000000000 
1 0.00000000000000000 -3.00000000000000000 1.00000000000000000 0.00000000000000000 
1 -17.00000000000000000 163.01526995855076052 0.86602540378443860 0.50000000000000022 
1 0.00000000000000000 0.00000000000000000 1.00000000000000000 0.00000000000000000 
1 0.00000000000000000 -3.00000000000000000 1.00000000000000000 0.00000000000000000 
1 17.00000000000000000 163.01526995855076052 -0.86602540378443860 0.50000000000000022 
1 0.00000000000000000 0.00000000000000000 1.00000000000000000 0.00000000000000000 
1 0.00000000000000000 -3.00000000000000000 1.00000000000000000 0.00000000000000000 
1 15.50000000000000178 160.41719374719744451 0.50000000000000000 0.86602540378443871 
1 -0.00000000000002905 -362.25451715559307786 1.00000000000000000 0.00000000000000000 
1 -0.00000000000002905 -359.25451715559307786 1.00000000000000000 0.00000000000000000 
1 0.00000000000000000 0.00000000000000000 1.00000000000000000 0.00000000000000000 
1 0.00000000000000000 -3.00000000000000000 1.00000000000000000 0.00000000000000000 
1 41.60000000000000142 145.34835172134819459 -0.86602540378443837 0.50000000000000044 
1 0.00000000000000000 0.00000000000000000 1.00000000000000000 0.00000000000000000 
1 0.00000000000000000 -3.00000000000000000 1.00000000000000000 0.00000000000000000 
1 41.60000000000000142 -119.16079244030001405 0.00000000000000000 1.00000000000000000 
1 0.00000000000000000 0.00000000000000000 1.00000000000000000 0.00000000000000000 
1 0.00000000000000000 -3.00000000000000000 1.00000000000000000 0.00000000000000000 
1 14.50000000000001243 -176.04135436847519713 0.43011493385387412 0.90277413768665171 
1 0.00000000000000000 0.00000000000000000 1.00000000000000000 0.00000000000000000 
1 0.00000000000000000 -3.00000000000000000 1.00000000000000000 0.00000000000000000 
1 0.00000000000000124 -176.04135436847519713 1.00000000000000000 0.00000000000000000 
Curves 12
1 0.00000000000000000 -167.50000000000000000 0.00000000000000000 -1.00000000000000000 -0.00000000000000000 -0.00000000000000000 
1 -14.50000000000001066 -167.50000000000000000 0.00000000000000000 -0.43011493385387412 0.90277413768665171 -0.00000000000000000 
1 -41.60000000000000142 -110.61943807182483113 0.00000000000000000 -0.00000000000000000 1.00000000000000000 -0.00000000000000000 
1 -41.60000000000000142 153.88970608982339172 0.00000000000000000 0.86602540378443837 0.50000000000000044 -0.00000000000000000 
1 -15.50000000000000000 168.95854811567264164 0.00000000000000000 -0.50000000000000000 0.86602540378443871 -0.00000000000000000 
1 -17.00000000000000000 171.55662432702595765 0.00000000000000000 0.86602540378443860 0.50000000000000022 -0.00000000000000000 
1 17.00000000000000000 171.55662432702595765 0.00000000000000000 -0.86602540378443849 0.50000000000000011 0.00000000000000000 
1 15.50000000000000000 168.95854811567264164 0.00000000000000000 0.50000000000000000 0.86602540378443871 0.00000000000000000 
1 41.60000000000000142 153.88970608982339172 0.00000000000000000 -0.86602540378443837 0.50000000000000044 0.00000000000000000 
1 41.60000000000000142 -110.61943807182483113 0.00000000000000000 0.00000000000000000 1.00000000000000000 0.00000000000000000 
1 14.50000000000001066 -167.50000000000000000 0.00000000000000000 0.43011493385387412 0.90277413768665171 0.00000000000000000 
1 0.00000000000000000 -167.50000000000000000 0.00000000000000000 1.00000000000000000 0.00000000000000000 0.00000000000000000 
Polygon3D 0
PolygonOnTriangulations 0
Surfaces 15
1 -0.00000000000000124 8.54135436847519003 0.00000000000000000 0.00000000000000000 0.00000000000000000 1.00000000000000000 1.00000000000000000 0.00000000000000000 -0.00000000000000000 -0.00000000000000000 1.00000000000000000 0.00000000000000000 
1 0.00000000000000000 -167.50000000000000000 0.00000000000000000 0.00000000000000000 -1.00000000000000000 0.00000000000000000 -1.00000000000000000 0.00000000000000000 0.00000000000000000 -0.00000000000000000 -0.00000000000000000 -1.00000000000000000 
1 -14.50000000000001066 -167.50000000000000000 0.00000000000000000 -0.90277413768665171 -0.43011493385387412 0.00000000000000000 -0.43011493385387412 0.90277413768665171 0.00000000000000000 -0.00000000000000000 0.00000000000000000 -1.00000000000000000 
1 -41.60000000000000142 -110.61943807182483113 0.00000000000000000 -1.00000000000000000 0.00000000000000000 0.00000000000000000 0.00000000000000000 1.00000000000000000 0.00000000000000000 0.00000000000000000 0.00000000000000000 -1.00000000000000000 
1 -41.60000000000000142 153.88970608982339172 0.00000000000000000 -0.50000000000000044 0.86602540378443837 0.00000000000000000 0.86602540378443837 0.50000000000000044 0.00000000000000000 0.00000000000000000 0.00000000000000000 -1.00000000000000000 
1 -15.50000000000000000 168.95854811567264164 0.00000000000000000 -0.86602540378443871 -0.50000000000000000 0.00000000000000000 -0.50000000000000000 0.86602540378443871 0.00000000000000000 -0.00000000000000000 0.00000000000000000 -1.00000000000000000 
1 -15.49999999999984013 168.95854811567275533 362.25451715559307786 -0.86602540378440163 -0.50000000000006428 -0.00000000000000000 -0.50000000000006428 0.86602540378440163 -0.00000000000000000 -0.00000000000000000 -0.00000000000000000 1.00000000000000000 
1 -17.00000000000000000 171.55662432702595765 0.00000000000000000 -0.50000000000000022 0.86602540378443860 0.00000000000000000 0.86602540378443860 0.50000000000000022 0.00000000000000000 0.00000000000000000 0.00000000000000000 -1.00000000000000000 
1 17.00000000000000000 171.55662432702595765 0.00000000000000000 -0.50000000000000022 -0.86602540378443860 0.00000000000000000 -0.86602540378443860 0.50000000000000022 0.00000000000000000 -0.00000000000000000 0.00000000000000000 -1.00000000000000000 
1 15.50000000000000000 168.95854811567264164 0.00000000000000000 -0.86602540378443871 0.50000000000000000 0.00000000000000000 0.50000000000000000 0.86602540378443871 0.00000000000000000 0.00000000000000000 0.00000000000000000 -1.00000000000000000 
1 15.49999999999984013 168.95854811567275533 362.25451715559307786 0.86602540378440163 -0.50000000000006428 0.00000000000000000 0.50000000000006428 0.86602540378440163 0.00000000000000000 -0.00000000000000000 0.00000000000000000 1.00000000000000000 
1 41.60000000000000142 153.88970608982339172 0.00000000000000000 -0.50000000000000044 -0.86602540378443837 0.00000000000000000 -0.86602540378443837 0.50000000000000044 0.00000000000000000 -0.00000000000000000 0.00000000000000000 -1.00000000000000000 
1 41.60000000000000142 -110.61943807182483113 0.00000000000000000 -1.00000000000000000 0.00000000000000000 0.00000000000000000 0.00000000000000000 1.00000000000000000 0.00000000000000000 0.00000000000000000 0.00000000000000000 -1.00000000000000000 
1 14.50000000000001066 -167.50000000000000000 0.00000000000000000 -0.90277413768665171 0.43011493385387412 0.00000000000000000 0.43011493385387412 0.90277413768665171 0.00000000000000000 0.00000000000000000 0.00000000000000000 -1.00000000000000000 
1 0.00000000000000000 -167.50000000000000000 0.00000000000000000 0.00000000000000000 1.00000000000000000 0.00000000000000000 1.00000000000000000 0.00000000000000000 0.00000000000000000 0.00000000000000000 0.00000000000000000 -1.00000000000000000 
Triangulations 0

TShapes 26
Ve
0.000000100000000
0.000000000000000 -167.500000000000000 0.000000000000000
0 0

0101101
*
Ve
0.000000100041060
-14.500000000000011 -167.500000000000000 0.000000000000000
0 0

0101101
*
Ed
 0.000000100000000 1 1 0
1  1 0 0.000000000000000 14.500000000000011
2  1 1 6 0.000000000000000 14.500000000000011
2  2 2 9 0.000000000000000 14.500000000000011
2  3 2 11 0.000000000000000 14.500000000000011
0

0101000
+26 14 -25 14 *
Ve
0.000000100033261
-41.600000000000001 -110.619438071824831 0.000000000000000
0 0

0101101
*
Ed
 0.000000100000000 1 1 0
1  2 0 0.000000000000000 63.006414953280512
2  4 1 6 0.000000000000000 63.006414953280512
2  5 3 9 0.000000000000000 63.006414953280512
2  6 3 11 0.000000000000000 63.006414953280512
0

0101000
+25 14 -23 14 *
Ve
0.000000100000029
-41.600000000000001 153.889706089823392 0.000000000000000
0 0

0101101
*
Ed
 0.000000100000000 1 1 0
1  3 0 0.000000000000000 264.509144161648237
2  7 1 6 0.000000000000000 264.509144161648237
2  8 4 9 0.000000000000000 264.509144161648237
2  9 4 11 0.000000000000000 264.509144161648237
0

0101000
+23 14 -21 14 *
Ve
0.000000150001000
-15.500000000000000 168.958548115672642 0.000000000000000
0 0

0101101
*
Ed
 0.000000100000000 1 1 0
1  4 0 0.000000000000000 30.137684051698475
2  10 1 6 0.000000000000000 30.137684051698475
2  11 5 9 0.000000000000000 30.137684051698475
2  12 5 11 0.000000000000000 30.137684051698475
0

0101000
+21 14 -19 14 *
Ve
0.000000100000177
-17.000000000000000 171.556624327025958 0.000000000000000
0 0

0101101
*
Ed
 0.000000100000177 1 1 0
1  5 0 0.000000000000000 3.000000000000000
2  13 1 6 0.000000000000000 3.000000000000000
2  14 6 9 0.000000000000000 3.000000000000000
2  15 6 11 0.000000000000000 3.000000000000000
2  16 7 19 0.000000000000000 3.000000000000000
2  17 7 20 0.000000000000000 3.000000000000000
0

0101000
+19 14 -17 14 *
Ve
0.000000212133034
0.000000000000000 181.371578903249599 0.000000000000000
0 0

0101101
*
Ed
 0.000000100000000 1 1 0
1  6 0 0.000000000000000 19.629909152447276
2  18 8 9 0.000000000000000 19.629909152447276
2  19 8 11 0.000000000000000 19.629909152447276
2  20 1 6 0.000000000000000 19.629909152447276
0

0101000
+17 14 -15 14 *
Ve
0.000000100000177
17.000000000000000 171.556624327025958 0.000000000000000
0 0

0101101
*
Ed
 0.000000100000000 1 1 0
1  7 0 0.000000000000000 19.629909152447276
2  21 9 23 0.000000000000000 19.629909152447276
2  22 9 24 0.000000000000000 19.629909152447276
2  23 1 25 0.000000000000000 19.629909152447276
0

0101000
+13 0 -15 26 *
Ve
0.000000150001000
15.500000000000000 168.958548115672642 0.000000000000000
0 0

0101101
*
Ed
 0.000000100000177 1 1 0
1  8 0 0.000000000000000 3.000000000000000
2  24 10 23 0.000000000000000 3.000000000000000
2  25 10 24 0.000000000000000 3.000000000000000
2  26 1 25 0.000000000000000 3.000000000000000
2  27 11 27 0.000000000000000 3.000000000000000
2  28 11 28 0.000000000000000 3.000000000000000
0

0101000
+11 0 -13 0 *
Ve
0.000000100000029
41.600000000000001 153.889706089823392 0.000000000000000
0 0

0101101
*
Ed
 0.000000100000000 1 1 0
1  9 0 0.000000000000000 30.137684051698475
2  29 12 23 0.000000000000000 30.137684051698475
2  30 12 24 0.000000000000000 30.137684051698475
2  31 1 25 0.000000000000000 30.137684051698475
0

0101000
+9 0 -11 0 *
Ve
0.000000100033261
41.600000000000001 -110.619438071824831 0.000000000000000
0 0

0101101
*
Ed
 0.000000100000000 1 1 0
1  10 0 0.000000000000000 264.509144161648237
2  32 13 23 0.000000000000000 264.509144161648237
2  33 13 24 0.000000000000000 264.509144161648237
2  34 1 25 0.000000000000000 264.509144161648237
0

0101000
+7 0 -9 0 *
Ve
0.000000100041060
14.500000000000011 -167.500000000000000 0.000000000000000
0 0

0101101
*
Ed
 0.000000100000000 1 1 0
1  11 0 0.000000000000000 63.006414953280512
2  35 14 23 0.000000000000000 63.006414953280512
2  36 14 24 0.000000000000000 63.006414953280512
2  37 1 25 0.000000000000000 63.006414953280512
0

0101000
+5 0 -7 0 *
Ed
 0.000000100000000 1 1 0
1  12 0 0.000000000000000 14.500000000000011
2  38 15 23 0.000000000000000 14.500000000000011
2  39 15 24 0.000000000000000 14.500000000000011
2  40 1 25 0.000000000000000 14.500000000000011
0

0101000
+26 26 -5 0 *
Wi

0101100
+24 5 +22 5 +20 5 +18 5 +16 5 +14 5 -12 22 -10 22 -8 22 -6 22 
-4 22 -3 22 *
Fa
0  0.000000100000000 1 0

0111000
-2 0 *

+1 1 