
CASCADE Topology V1, (c) Matra-Datavision
Locations 21
1
1.000000000000000 0.000000000000000 0.000000000000000 0.000000000000000 
0.000000000000000 1.000000000000000 0.000000000000000 0.000000000000000 
0.000000000000000 0.000000000000000 1.000000000000000 39.899999999999999 
1
1.000000000000000 0.000000000000000 0.000000000000000 0.000000000000000 
0.000000000000000 1.000000000000000 0.000000000000000 0.000000000000000 
0.000000000000000 0.000000000000000 1.000000000000000 0.000000000000000 
1
1.000000000000000 0.000000000000000 0.000000000000000 0.000000000000000 
0.000000000000000 1.000000000000000 0.000000000000000 0.000000000000000 
0.000000000000000 0.000000000000000 1.000000000000000 0.000000000000000 
1
1.000000000000000 0.000000000000000 0.000000000000000 0.000000000000000 
0.000000000000000 1.000000000000000 0.000000000000000 0.000000000000000 
0.000000000000000 0.000000000000000 1.000000000000000 0.000000000000000 
2  2 1 3 1 4 1 0
2  4 -1 3 -1 2 -1 0
1
1.000000000000000 0.000000000000000 0.000000000000000 0.000000000000000 
0.000000000000000 1.000000000000000 0.000000000000000 0.000000000000000 
0.000000000000000 0.000000000000000 1.000000000000000 0.000000000000000 
1
1.000000000000000 0.000000000000000 0.000000000000000 0.000000000000000 
0.000000000000000 1.000000000000000 0.000000000000000 0.000000000000000 
0.000000000000000 0.000000000000000 1.000000000000000 39.899999999999999 
1
1.000000000000000 0.000000000000000 0.000000000000000 0.000000000000000 
0.000000000000000 1.000000000000000 0.000000000000000 0.000000000000000 
0.000000000000000 0.000000000000000 1.000000000000000 0.000000000000000 
2  7 1 8 -1 9 -1 4 -1 3 -1 2 -1 0
1
1.000000000000000 0.000000000000000 0.000000000000000 0.000000000000000 
0.000000000000000 1.000000000000000 0.000000000000000 0.000000000000000 
0.000000000000000 0.000000000000000 1.000000000000000 5.000000000000000 
2  11 -1 7 1 8 -1 9 -1 4 -1 3 -1 2 -1 0
1
1.000000000000000 0.000000000000000 0.000000000000000 0.000000000000000 
0.000000000000000 1.000000000000000 0.000000000000000 0.000000000000000 
0.000000000000000 0.000000000000000 1.000000000000000 0.000000000000000 
1
1.000000000000000 0.000000000000000 0.000000000000000 0.000000000000000 
0.000000000000000 1.000000000000000 0.000000000000000 0.000000000000000 
0.000000000000000 0.000000000000000 1.000000000000000 0.000000000000000 
2  13 -1 14 -1 0
1
1.000000000000000 0.000000000000000 0.000000000000000 0.000000000000000 
0.000000000000000 1.000000000000000 0.000000000000000 0.000000000000000 
0.000000000000000 0.000000000000000 1.000000000000000 0.000000000000000 
2  14 1 16 1 4 1 0
2  13 -1 14 -1 2 1 3 1 16 -1 14 -1 0
2  4 -1 16 -1 14 -1 0
2  7 1 8 -1 9 -1 4 -1 16 -1 14 -1 0
2  11 -1 7 1 8 -1 9 -1 4 -1 16 -1 14 -1 0
Curve2ds 126
1 0.00000000000000060 -149.46944193250661215 -0.53380008717185390 -0.84561070649284065 
1 0.00000000000000000 0.00000000000000000 1.00000000000000000 0.00000000000000000 
1 0.00000000000000000 -5.00000000000000000 1.00000000000000000 0.00000000000000000 
1 -16.12905012342146094 -175.02001376209474870 0.00000000000000000 -1.00000000000000000 
1 0.00000000000000000 0.00000000000000000 1.00000000000000000 0.00000000000000000 
1 0.00000000000000000 -5.00000000000000000 1.00000000000000000 0.00000000000000000 
1 -16.12905012342146094 -175.43001376209471687 -1.00000000000000000 0.00000000000000000 
1 0.00000000000000000 0.00000000000000000 1.00000000000000000 0.00000000000000000 
1 0.00000000000000000 -5.00000000000000000 1.00000000000000000 0.00000000000000000 
1 -16.39377954798770887 -175.43001376209471687 -0.43011493386708888 0.90277413768035575 
1 0.00000000000000000 0.00000000000000000 1.00000000000000000 0.00000000000000000 
1 0.00000000000000000 -5.00000000000000000 1.00000000000000000 0.00000000000000000 
1 -16.50764362692840237 -175.19102288411181689 0.90277413767971493 0.43011493386843375 
1 0.00000000000000000 0.00000000000000000 1.00000000000000000 0.00000000000000000 
1 0.00000000000000000 -5.00000000000000000 1.00000000000000000 0.00000000000000000 
1 -16.13750623047936372 -175.01467576122558967 0.53380008717164984 0.84561070649296954 
1 0.00000000000000000 0.00000000000000000 1.00000000000000000 0.00000000000000000 
1 0.00000000000000000 -5.00000000000000000 1.00000000000000000 0.00000000000000000 
1 -0.00499999999999500 -149.45862899596681928 0.00000000000000000 1.00000000000000000 
1 0.00000000000000000 0.00000000000000000 1.00000000000000000 0.00000000000000000 
1 0.00000000000000000 -5.00000000000000000 1.00000000000000000 0.00000000000000000 
1 -0.00499999999999500 -106.15218475541075804 -0.97539072624221901 -0.22048340336786496 
1 0.00000000000000000 0.00000000000000000 1.00000000000000000 0.00000000000000000 
1 0.00000000000000000 -5.00000000000000000 1.00000000000000000 0.00000000000000000 
1 -44.18779516596788426 -116.13953934717332572 -0.90277413767857650 -0.43011493387082322 
1 0.00000000000000000 0.00000000000000000 1.00000000000000000 0.00000000000000000 
1 0.00000000000000000 -5.00000000000000000 1.00000000000000000 0.00000000000000000 
1 -44.55793256241607025 -116.31588647006034876 -0.43011493387085659 0.90277413767856063 
1 0.00000000000000000 0.00000000000000000 1.00000000000000000 0.00000000000000000 
1 0.00000000000000000 -5.00000000000000000 1.00000000000000000 0.00000000000000000 
1 -44.59999999999941878 -116.22759054797535327 0.00000000000000000 1.00000000000000000 
1 0.00000000000000000 0.00000000000000000 1.00000000000000000 0.00000000000000000 
1 0.00000000000000000 -5.00000000000000000 1.00000000000000000 0.00000000000000000 
1 -44.59999999999941878 -116.12978543992025493 1.00000000000000000 0.00000000000000000 
1 0.00000000000000000 0.00000000000000000 1.00000000000000000 0.00000000000000000 
1 0.00000000000000000 -5.00000000000000000 1.00000000000000000 0.00000000000000000 
1 -44.18999999999944350 -116.12978543992025493 0.97539072624217238 0.22048340336807126 
1 0.00000000000000000 0.00000000000000000 1.00000000000000000 0.00000000000000000 
1 0.00000000000000000 -5.00000000000000000 1.00000000000000000 0.00000000000000000 
1 -0.00499999999999500 -106.14193245371160401 0.00000000000000000 1.00000000000000000 
1 0.00000000000000000 0.00000000000000000 1.00000000000000000 0.00000000000000000 
1 0.00000000000000000 -5.00000000000000000 1.00000000000000000 0.00000000000000000 
1 -0.00499999999999500 124.93903437818917723 -0.86602540378462300 0.49999999999968081 
1 0.00000000000000000 0.00000000000000000 1.00000000000000000 0.00000000000000000 
1 0.00000000000000000 -5.00000000000000000 1.00000000000000000 0.00000000000000000 
1 -44.18999999999942929 150.44925602231074890 -1.00000000000000000 0.00000000000000000 
1 0.00000000000000000 0.00000000000000000 1.00000000000000000 0.00000000000000000 
1 0.00000000000000000 -5.00000000000000000 1.00000000000000000 0.00000000000000000 
1 -44.59999999999941878 150.44925602231074890 0.00000000000000000 1.00000000000000000 
1 0.00000000000000000 0.00000000000000000 1.00000000000000000 0.00000000000000000 
1 0.00000000000000000 -5.00000000000000000 1.00000000000000000 0.00000000000000000 
1 -44.59999999999941878 150.69174313537018861 0.86602540378409609 0.50000000000059341 
1 0.00000000000000000 0.00000000000000000 1.00000000000000000 0.00000000000000000 
1 0.00000000000000000 -5.00000000000000000 1.00000000000000000 0.00000000000000000 
1 -44.38999999999968082 150.81298669190005057 0.50000000000065670 -0.86602540378405957 
1 0.00000000000000000 0.00000000000000000 1.00000000000000000 0.00000000000000000 
1 0.00000000000000000 -5.00000000000000000 1.00000000000000000 0.00000000000000000 
1 -44.18499999999942673 150.45791627634861243 0.86602540378462256 -0.49999999999968153 
1 0.00000000000000000 0.00000000000000000 1.00000000000000000 0.00000000000000000 
1 0.00000000000000000 -5.00000000000000000 1.00000000000000000 0.00000000000000000 
1 -0.00499999999999500 124.95058138357293842 0.00000000000000000 1.00000000000000000 
1 0.00000000000000000 0.00000000000000000 1.00000000000000000 0.00000000000000000 
1 0.00000000000000000 -5.00000000000000000 1.00000000000000000 0.00000000000000000 
1 0.00499999999999601 124.95058138357293842 0.00000000000000000 1.00000000000000000 
1 0.00000000000000000 0.00000000000000000 1.00000000000000000 0.00000000000000000 
1 0.00000000000000000 -5.00000000000000000 1.00000000000000000 0.00000000000000000 
1 0.00000000000000000 0.00000000000000000 1.00000000000000000 0.00000000000000000 
1 0.00000000000000000 -5.00000000000000000 1.00000000000000000 0.00000000000000000 
1 44.18499999999942673 150.45791627634861243 -0.86602540378462256 -0.49999999999968153 
1 0.00000000000000000 0.00000000000000000 1.00000000000000000 0.00000000000000000 
1 0.00000000000000000 -5.00000000000000000 1.00000000000000000 0.00000000000000000 
1 44.38999999999968082 150.81298669190005057 -0.50000000000065670 -0.86602540378405957 
1 0.00000000000000000 0.00000000000000000 1.00000000000000000 0.00000000000000000 
1 0.00000000000000000 -5.00000000000000000 1.00000000000000000 0.00000000000000000 
1 44.59999999999941878 150.69174313537018861 -0.86602540378409609 0.50000000000059341 
1 0.00000000000000000 0.00000000000000000 1.00000000000000000 0.00000000000000000 
1 0.00000000000000000 -5.00000000000000000 1.00000000000000000 0.00000000000000000 
1 44.59999999999941878 150.44925602231074890 0.00000000000000000 1.00000000000000000 
1 0.00000000000000000 0.00000000000000000 1.00000000000000000 0.00000000000000000 
1 0.00000000000000000 -5.00000000000000000 1.00000000000000000 0.00000000000000000 
1 44.18999999999942929 150.44925602231074890 1.00000000000000000 0.00000000000000000 
1 0.00000000000000000 0.00000000000000000 1.00000000000000000 0.00000000000000000 
1 0.00000000000000000 -5.00000000000000000 1.00000000000000000 0.00000000000000000 
1 0.00499999999999601 124.93903437818917723 0.86602540378462300 0.49999999999968081 
1 0.00499999999999601 -106.14193245371160401 0.00000000000000000 1.00000000000000000 
1 0.00000000000000000 0.00000000000000000 1.00000000000000000 0.00000000000000000 
1 0.00000000000000000 -5.00000000000000000 1.00000000000000000 0.00000000000000000 
1 44.18999999999944350 -116.12978543992025493 -0.97539072624217238 0.22048340336807126 
1 0.00000000000000000 0.00000000000000000 1.00000000000000000 0.00000000000000000 
1 0.00000000000000000 -5.00000000000000000 1.00000000000000000 0.00000000000000000 
1 44.59999999999941878 -116.12978543992025493 -1.00000000000000000 0.00000000000000000 
1 0.00000000000000000 -0.00000000000000000 1.00000000000000000 0.00000000000000000 
1 0.00000000000000000 -5.00000000000000000 1.00000000000000000 0.00000000000000000 
1 44.59999999999941878 -116.22759054797535327 0.00000000000000000 1.00000000000000000 
1 0.00000000000000000 0.00000000000000000 1.00000000000000000 0.00000000000000000 
1 0.00000000000000000 -5.00000000000000000 1.00000000000000000 0.00000000000000000 
1 44.55793256241607025 -116.31588647006034876 0.43011493387085659 0.90277413767856063 
1 0.00000000000000000 0.00000000000000000 1.00000000000000000 0.00000000000000000 
1 0.00000000000000000 -5.00000000000000000 1.00000000000000000 0.00000000000000000 
1 44.18779516596788426 -116.13953934717332572 0.90277413767857650 -0.43011493387082322 
1 0.00000000000000000 0.00000000000000000 1.00000000000000000 0.00000000000000000 
1 0.00000000000000000 -5.00000000000000000 1.00000000000000000 0.00000000000000000 
1 0.00499999999999601 -106.15218475541075804 0.97539072624221901 -0.22048340336786496 
1 0.00000000000000000 0.00000000000000000 1.00000000000000000 0.00000000000000000 
1 0.00000000000000000 -5.00000000000000000 1.00000000000000000 0.00000000000000000 
1 0.00499999999999601 -149.45862899596681928 0.00000000000000000 1.00000000000000000 
1 0.00000000000000000 0.00000000000000000 1.00000000000000000 0.00000000000000000 
1 0.00000000000000000 -5.00000000000000000 1.00000000000000000 0.00000000000000000 
1 16.13750623047936372 -175.01467576122558967 -0.53380008717164984 0.84561070649296954 
1 0.00000000000000000 0.00000000000000000 1.00000000000000000 0.00000000000000000 
1 0.00000000000000000 -5.00000000000000000 1.00000000000000000 0.00000000000000000 
1 16.50764362692840237 -175.19102288411181689 -0.90277413767971493 0.43011493386843375 
1 0.00000000000000000 0.00000000000000000 1.00000000000000000 0.00000000000000000 
1 0.00000000000000000 -5.00000000000000000 1.00000000000000000 0.00000000000000000 
1 16.39377954798770887 -175.43001376209471687 0.43011493386708888 0.90277413768035575 
1 0.00000000000000000 0.00000000000000000 1.00000000000000000 0.00000000000000000 
1 0.00000000000000000 -5.00000000000000000 1.00000000000000000 0.00000000000000000 
1 16.12905012342146094 -175.43001376209471687 1.00000000000000000 0.00000000000000000 
1 0.00000000000000000 0.00000000000000000 1.00000000000000000 0.00000000000000000 
1 0.00000000000000000 -5.00000000000000000 1.00000000000000000 0.00000000000000000 
1 16.12905012342146094 -175.02001376209474870 0.00000000000000000 -1.00000000000000000 
1 0.00000000000000000 0.00000000000000000 1.00000000000000000 0.00000000000000000 
1 0.00000000000000000 -5.00000000000000000 1.00000000000000000 0.00000000000000000 
1 0.00000000000000040 -149.46944193250661215 0.53380008717185390 -0.84561070649284065 
1 0.00000000000000000 0.00000000000000000 1.00000000000000000 0.00000000000000000 
1 0.00000000000000000 -5.00000000000000000 1.00000000000000000 0.00000000000000000 
Curves 44
1 0.00000000000000010 -144.53942817041215108 0.00000000000000000 -0.53380008717185390 -0.84561070649284065 -0.00000000000000000 
1 -16.12905012342146094 -170.09000000000028763 0.00000000000000000 -0.00000000000000000 -1.00000000000000000 -0.00000000000000000 
1 -16.12905012342146094 -170.50000000000025580 0.00000000000000000 -1.00000000000000000 -0.00000000000000000 -0.00000000000000000 
1 -16.39377954798770887 -170.50000000000025580 0.00000000000000000 -0.43011493386708888 0.90277413768035575 -0.00000000000000000 
1 -16.50764362692840237 -170.26100912201735582 0.00000000000000000 0.90277413767971493 0.43011493386843375 -0.00000000000000000 
1 -16.13750623047936372 -170.08466199913112860 0.00000000000000000 0.53380008717164984 0.84561070649296954 -0.00000000000000000 
1 -0.00499999999999550 -144.52861523387235820 0.00000000000000000 -0.00000000000000000 1.00000000000000000 -0.00000000000000000 
1 -0.00499999999999550 -101.22217099331629697 0.00000000000000000 -0.97539072624221901 -0.22048340336786496 -0.00000000000000000 
1 -44.18779516596788426 -111.20952558507886465 0.00000000000000000 -0.90277413767857650 -0.43011493387082322 -0.00000000000000000 
1 -44.55793256241607025 -111.38587270796588768 0.00000000000000000 -0.43011493387085659 0.90277413767856063 -0.00000000000000000 
1 -44.59999999999941878 -111.29757678588089220 0.00000000000000000 -0.00000000000000000 1.00000000000000000 -0.00000000000000000 
1 -44.59999999999941878 -111.19977167782579386 0.00000000000000000 1.00000000000000000 -0.00000000000000000 -0.00000000000000000 
1 -44.18999999999944350 -111.19977167782579386 0.00000000000000000 0.97539072624217238 0.22048340336807126 -0.00000000000000000 
1 -0.00499999999999550 -101.21191869161714294 0.00000000000000000 -0.00000000000000000 1.00000000000000000 -0.00000000000000000 
1 -0.00499999999999550 129.86904814028363830 0.00000000000000000 -0.86602540378462300 0.49999999999968081 -0.00000000000000000 
1 -44.18999999999942929 155.37926978440520998 0.00000000000000000 -1.00000000000000000 -0.00000000000000000 -0.00000000000000000 
1 -44.59999999999941878 155.37926978440520998 0.00000000000000000 -0.00000000000000000 1.00000000000000000 -0.00000000000000000 
1 -44.59999999999941878 155.62175689746464968 0.00000000000000000 0.86602540378409609 0.50000000000059341 -0.00000000000000000 
1 -44.38999999999968082 155.74300045399451164 0.00000000000000000 0.50000000000065670 -0.86602540378405957 0.00000000000000000 
1 -44.18499999999942673 155.38793003844307350 0.00000000000000000 0.86602540378462256 -0.49999999999968153 0.00000000000000000 
1 -0.00499999999999550 129.88059514566739949 0.00000000000000000 -0.00000000000000000 1.00000000000000000 -0.00000000000000000 
1 -0.00499999999999550 190.13629199999999742 0.00000000000000000 1.00000000000000000 -0.00000000000000000 -0.00000000000000000 
1 0.00499999999999550 190.13629199999999742 0.00000000000000000 -1.00000000000000000 0.00000000000000000 0.00000000000000000 
1 0.00499999999999550 129.88059514566739949 0.00000000000000000 0.00000000000000000 1.00000000000000000 0.00000000000000000 
1 44.18499999999942673 155.38793003844307350 0.00000000000000000 -0.86602540378462256 -0.49999999999968153 0.00000000000000000 
1 44.38999999999968082 155.74300045399451164 0.00000000000000000 -0.50000000000065670 -0.86602540378405957 0.00000000000000000 
1 44.59999999999941878 155.62175689746464968 0.00000000000000000 -0.86602540378409609 0.50000000000059341 0.00000000000000000 
1 44.59999999999941878 155.37926978440520998 0.00000000000000000 0.00000000000000000 1.00000000000000000 0.00000000000000000 
1 44.18999999999942929 155.37926978440520998 0.00000000000000000 1.00000000000000000 0.00000000000000000 0.00000000000000000 
1 0.00499999999999550 129.86904814028363830 0.00000000000000000 0.86602540378462300 0.49999999999968081 0.00000000000000000 
1 0.00499999999999550 -101.21191869161714294 0.00000000000000000 0.00000000000000000 1.00000000000000000 0.00000000000000000 
1 44.18999999999944350 -111.19977167782579386 0.00000000000000000 -0.97539072624217238 0.22048340336807126 0.00000000000000000 
1 44.59999999999941878 -111.19977167782579386 0.00000000000000000 -1.00000000000000000 0.00000000000000000 0.00000000000000000 
1 44.59999999999941878 -111.29757678588089220 0.00000000000000000 0.00000000000000000 1.00000000000000000 0.00000000000000000 
1 44.55793256241607025 -111.38587270796588768 0.00000000000000000 0.43011493387085659 0.90277413767856063 0.00000000000000000 
1 44.18779516596788426 -111.20952558507886465 0.00000000000000000 0.90277413767857650 -0.43011493387082322 0.00000000000000000 
1 0.00499999999999550 -101.22217099331629697 0.00000000000000000 0.97539072624221901 -0.22048340336786496 0.00000000000000000 
1 0.00499999999999550 -144.52861523387235820 0.00000000000000000 0.00000000000000000 1.00000000000000000 0.00000000000000000 
1 16.13750623047936372 -170.08466199913112860 0.00000000000000000 -0.53380008717164984 0.84561070649296954 0.00000000000000000 
1 16.50764362692840237 -170.26100912201735582 0.00000000000000000 -0.90277413767971493 0.43011493386843375 0.00000000000000000 
1 16.39377954798770887 -170.50000000000025580 0.00000000000000000 0.43011493386708888 0.90277413768035575 0.00000000000000000 
1 16.12905012342146094 -170.50000000000025580 0.00000000000000000 1.00000000000000000 0.00000000000000000 0.00000000000000000 
1 16.12905012342146094 -170.09000000000028763 0.00000000000000000 0.00000000000000000 -1.00000000000000000 0.00000000000000000 
1 -0.00000000000000010 -144.53942817041215108 0.00000000000000000 0.53380008717185390 -0.84561070649284065 0.00000000000000000 
Polygon3D 0
PolygonOnTriangulations 0
Surfaces 43
1 -0.00000000000000050 4.93001376209446818 0.00000000000000000 0.00000000000000000 0.00000000000000000 1.00000000000000000 1.00000000000000000 0.00000000000000000 -0.00000000000000000 -0.00000000000000000 1.00000000000000000 0.00000000000000000 
1 0.00000000000000010 -144.53942817041215108 39.89999999999999858 0.84561070649284065 -0.53380008717185390 0.00000000000000000 -0.53380008717185390 -0.84561070649284065 0.00000000000000000 0.00000000000000000 -0.00000000000000000 -1.00000000000000000 
1 -16.12905012342146094 -170.09000000000028763 39.89999999999999858 1.00000000000000000 0.00000000000000000 0.00000000000000000 0.00000000000000000 -1.00000000000000000 0.00000000000000000 0.00000000000000000 0.00000000000000000 -1.00000000000000000 
1 -16.12905012342146094 -170.50000000000025580 39.89999999999999858 0.00000000000000000 -1.00000000000000000 0.00000000000000000 -1.00000000000000000 0.00000000000000000 0.00000000000000000 -0.00000000000000000 -0.00000000000000000 -1.00000000000000000 
1 -16.39377954798770887 -170.50000000000025580 39.89999999999999858 -0.90277413768035575 -0.43011493386708888 0.00000000000000000 -0.43011493386708888 0.90277413768035575 0.00000000000000000 -0.00000000000000000 0.00000000000000000 -1.00000000000000000 
1 -16.50764362692840237 -170.26100912201735582 39.89999999999999858 -0.43011493386843375 0.90277413767971493 0.00000000000000000 0.90277413767971493 0.43011493386843375 0.00000000000000000 0.00000000000000000 0.00000000000000000 -1.00000000000000000 
1 -16.13750623047936372 -170.08466199913112860 39.89999999999999858 -0.84561070649296954 0.53380008717164984 0.00000000000000000 0.53380008717164984 0.84561070649296954 0.00000000000000000 0.00000000000000000 0.00000000000000000 -1.00000000000000000 
1 -0.00499999999999550 -144.52861523387235820 39.89999999999999858 -1.00000000000000000 0.00000000000000000 0.00000000000000000 0.00000000000000000 1.00000000000000000 0.00000000000000000 0.00000000000000000 0.00000000000000000 -1.00000000000000000 
1 -0.00499999999999550 -101.22217099331629697 39.89999999999999858 0.22048340336786496 -0.97539072624221901 0.00000000000000000 -0.97539072624221901 -0.22048340336786496 0.00000000000000000 0.00000000000000000 -0.00000000000000000 -1.00000000000000000 
1 -44.18779516596788426 -111.20952558507886465 39.89999999999999858 0.43011493387082322 -0.90277413767857650 0.00000000000000000 -0.90277413767857650 -0.43011493387082322 0.00000000000000000 0.00000000000000000 -0.00000000000000000 -1.00000000000000000 
1 -44.55793256241607025 -111.38587270796588768 39.89999999999999858 -0.90277413767856063 -0.43011493387085659 0.00000000000000000 -0.43011493387085659 0.90277413767856063 0.00000000000000000 -0.00000000000000000 0.00000000000000000 -1.00000000000000000 
1 -44.59999999999941878 -111.29757678588089220 39.89999999999999858 -1.00000000000000000 0.00000000000000000 0.00000000000000000 0.00000000000000000 1.00000000000000000 0.00000000000000000 0.00000000000000000 0.00000000000000000 -1.00000000000000000 
1 -44.59999999999941878 -111.19977167782579386 39.89999999999999858 0.00000000000000000 1.00000000000000000 0.00000000000000000 1.00000000000000000 0.00000000000000000 0.00000000000000000 0.00000000000000000 0.00000000000000000 -1.00000000000000000 
1 -44.18999999999944350 -111.19977167782579386 39.89999999999999858 -0.22048340336807126 0.97539072624217238 0.00000000000000000 0.97539072624217238 0.22048340336807126 0.00000000000000000 0.00000000000000000 0.00000000000000000 -1.00000000000000000 
1 -0.00499999999999550 -101.21191869161714294 39.89999999999999858 -1.00000000000000000 0.00000000000000000 0.00000000000000000 0.00000000000000000 1.00000000000000000 0.00000000000000000 0.00000000000000000 0.00000000000000000 -1.00000000000000000 
1 -0.00499999999999550 129.86904814028363830 39.89999999999999858 -0.49999999999968081 -0.86602540378462300 0.00000000000000000 -0.86602540378462300 0.49999999999968081 0.00000000000000000 -0.00000000000000000 0.00000000000000000 -1.00000000000000000 
1 -44.18999999999942929 155.37926978440520998 39.89999999999999858 0.00000000000000000 -1.00000000000000000 0.00000000000000000 -1.00000000000000000 0.00000000000000000 0.00000000000000000 -0.00000000000000000 -0.00000000000000000 -1.00000000000000000 
1 -44.59999999999941878 155.37926978440520998 39.89999999999999858 -1.00000000000000000 0.00000000000000000 0.00000000000000000 0.00000000000000000 1.00000000000000000 0.00000000000000000 0.00000000000000000 0.00000000000000000 -1.00000000000000000 
1 -44.59999999999941878 155.62175689746464968 39.89999999999999858 -0.50000000000059341 0.86602540378409609 0.00000000000000000 0.86602540378409609 0.50000000000059341 0.00000000000000000 0.00000000000000000 0.00000000000000000 -1.00000000000000000 
1 -44.38999999999968082 155.74300045399451164 39.89999999999999858 0.86602540378405957 0.50000000000065670 -0.00000000000000000 0.50000000000065670 -0.86602540378405957 0.00000000000000000 0.00000000000000000 -0.00000000000000000 -1.00000000000000000 
1 -44.18499999999942673 155.38793003844307350 39.89999999999999858 0.49999999999968153 0.86602540378462256 -0.00000000000000000 0.86602540378462256 -0.49999999999968153 0.00000000000000000 0.00000000000000000 -0.00000000000000000 -1.00000000000000000 
1 -0.00499999999999550 129.88059514566739949 39.89999999999999858 -1.00000000000000000 0.00000000000000000 0.00000000000000000 0.00000000000000000 1.00000000000000000 0.00000000000000000 0.00000000000000000 0.00000000000000000 -1.00000000000000000 
1 0.00499999999999550 129.88059514566739949 39.89999999999999858 -1.00000000000000000 0.00000000000000000 0.00000000000000000 0.00000000000000000 1.00000000000000000 0.00000000000000000 0.00000000000000000 0.00000000000000000 -1.00000000000000000 
1 44.18499999999942673 155.38793003844307350 39.89999999999999858 0.49999999999968153 -0.86602540378462256 0.00000000000000000 -0.86602540378462256 -0.49999999999968153 0.00000000000000000 0.00000000000000000 -0.00000000000000000 -1.00000000000000000 
1 44.38999999999968082 155.74300045399451164 39.89999999999999858 0.86602540378405957 -0.50000000000065670 0.00000000000000000 -0.50000000000065670 -0.86602540378405957 0.00000000000000000 0.00000000000000000 -0.00000000000000000 -1.00000000000000000 
1 44.59999999999941878 155.62175689746464968 39.89999999999999858 -0.50000000000059341 -0.86602540378409609 0.00000000000000000 -0.86602540378409609 0.50000000000059341 0.00000000000000000 -0.00000000000000000 0.00000000000000000 -1.00000000000000000 
1 44.59999999999941878 155.37926978440520998 39.89999999999999858 -1.00000000000000000 0.00000000000000000 0.00000000000000000 0.00000000000000000 1.00000000000000000 0.00000000000000000 0.00000000000000000 0.00000000000000000 -1.00000000000000000 
1 44.18999999999942929 155.37926978440520998 39.89999999999999858 0.00000000000000000 1.00000000000000000 0.00000000000000000 1.00000000000000000 0.00000000000000000 0.00000000000000000 0.00000000000000000 0.00000000000000000 -1.00000000000000000 
1 0.00499999999999550 129.86904814028363830 39.89999999999999858 -0.49999999999968081 0.86602540378462300 0.00000000000000000 0.86602540378462300 0.49999999999968081 0.00000000000000000 0.00000000000000000 0.00000000000000000 -1.00000000000000000 
1 0.00499999999999550 -101.21191869161714294 39.89999999999999858 -1.00000000000000000 0.00000000000000000 0.00000000000000000 0.00000000000000000 1.00000000000000000 0.00000000000000000 0.00000000000000000 0.00000000000000000 -1.00000000000000000 
1 44.18999999999944350 -111.19977167782579386 39.89999999999999858 -0.22048340336807126 -0.97539072624217238 0.00000000000000000 -0.97539072624217238 0.22048340336807126 0.00000000000000000 -0.00000000000000000 0.00000000000000000 -1.00000000000000000 
1 44.59999999999941878 -111.19977167782579386 39.89999999999999858 0.00000000000000000 -1.00000000000000000 0.00000000000000000 -1.00000000000000000 0.00000000000000000 0.00000000000000000 -0.00000000000000000 -0.00000000000000000 -1.00000000000000000 
1 44.59999999999941878 -111.29757678588089220 39.89999999999999858 -1.00000000000000000 0.00000000000000000 0.00000000000000000 0.00000000000000000 1.00000000000000000 0.00000000000000000 0.00000000000000000 0.00000000000000000 -1.00000000000000000 
1 44.55793256241607025 -111.38587270796588768 39.89999999999999858 -0.90277413767856063 0.43011493387085659 0.00000000000000000 0.43011493387085659 0.90277413767856063 0.00000000000000000 0.00000000000000000 0.00000000000000000 -1.00000000000000000 
1 44.18779516596788426 -111.20952558507886465 39.89999999999999858 0.43011493387082322 0.90277413767857650 -0.00000000000000000 0.90277413767857650 -0.43011493387082322 0.00000000000000000 0.00000000000000000 -0.00000000000000000 -1.00000000000000000 
1 0.00499999999999550 -101.22217099331629697 39.89999999999999858 0.22048340336786496 0.97539072624221901 -0.00000000000000000 0.97539072624221901 -0.22048340336786496 0.00000000000000000 0.00000000000000000 -0.00000000000000000 -1.00000000000000000 
1 0.00499999999999550 -144.52861523387235820 39.89999999999999858 -1.00000000000000000 0.00000000000000000 0.00000000000000000 0.00000000000000000 1.00000000000000000 0.00000000000000000 0.00000000000000000 0.00000000000000000 -1.00000000000000000 
1 16.13750623047936372 -170.08466199913112860 39.89999999999999858 -0.84561070649296954 -0.53380008717164984 0.00000000000000000 -0.53380008717164984 0.84561070649296954 0.00000000000000000 -0.00000000000000000 0.00000000000000000 -1.00000000000000000 
1 16.50764362692840237 -170.26100912201735582 39.89999999999999858 -0.43011493386843375 -0.90277413767971493 0.00000000000000000 -0.90277413767971493 0.43011493386843375 0.00000000000000000 -0.00000000000000000 0.00000000000000000 -1.00000000000000000 
1 16.39377954798770887 -170.50000000000025580 39.89999999999999858 -0.90277413768035575 0.43011493386708888 0.00000000000000000 0.43011493386708888 0.90277413768035575 0.00000000000000000 0.00000000000000000 0.00000000000000000 -1.00000000000000000 
1 16.12905012342146094 -170.50000000000025580 39.89999999999999858 0.00000000000000000 1.00000000000000000 0.00000000000000000 1.00000000000000000 0.00000000000000000 0.00000000000000000 0.00000000000000000 0.00000000000000000 -1.00000000000000000 
1 16.12905012342146094 -170.09000000000028763 39.89999999999999858 1.00000000000000000 0.00000000000000000 -0.00000000000000000 0.00000000000000000 -1.00000000000000000 0.00000000000000000 0.00000000000000000 -0.00000000000000000 -1.00000000000000000 
1 -0.00000000000000010 -144.53942817041215108 39.89999999999999858 0.84561070649284065 0.53380008717185390 -0.00000000000000000 0.53380008717185390 -0.84561070649284065 0.00000000000000000 0.00000000000000000 -0.00000000000000000 -1.00000000000000000 
Triangulations 0

TShapes 90
Ve
0.000000100000000
-0.000000000000000 -144.539428170412151 0.000000000000000
0 0

0101101
*
Ve
0.000000100000000
-16.129050123421461 -170.090000000000288 0.000000000000000
0 0

0101101
*
Ed
 0.000000100000000 1 1 0
1  1 0 0.000000000000000 30.215525457995675
2  1 1 6 0.000000000000000 30.215525457995675
2  2 2 10 0.000000000000000 30.215525457995675
2  3 2 12 0.000000000000000 30.215525457995675
0

0101000
+90 15 -89 15 *
Ve
0.001000000000028
-16.129050123421461 -170.500000000000256 0.000000000000000
0 0

0101101
*
Ed
 0.000000100000000 1 1 0
1  2 0 0.000000000000000 0.409999999999968
2  4 1 6 0.000000000000000 0.409999999999968
2  5 3 10 0.000000000000000 0.409999999999968
2  6 3 12 0.000000000000000 0.409999999999968
0

0101000
+89 15 -87 15 *
Ve
0.000000100000000
-16.393779547987709 -170.500000000000256 0.000000000000000
0 0

0101101
*
Ed
 0.000000100000000 1 1 0
1  3 0 0.000000000000000 0.264729424566248
2  7 1 6 0.000000000000000 0.264729424566248
2  8 4 10 0.000000000000000 0.264729424566248
2  9 4 12 0.000000000000000 0.264729424566248
0

0101000
+87 15 -85 15 *
Ve
0.001000000001103
-16.507643626928402 -170.261009122017356 0.000000000000000
0 0

0101101
*
Ed
 0.000000100000000 1 1 0
1  4 0 0.000000000000000 0.264729424567897
2  10 1 6 0.000000000000000 0.264729424567897
2  11 5 10 0.000000000000000 0.264729424567897
2  12 5 12 0.000000000000000 0.264729424567897
0

0101000
+85 15 -83 15 *
Ve
0.000000100000000
-16.137506230479364 -170.084661999131129 0.000000000000000
0 0

0101101
*
Ed
 0.000000100000000 1 1 0
1  5 0 0.000000000000000 0.410000000000394
2  13 1 6 0.000000000000000 0.410000000000394
2  14 6 10 0.000000000000000 0.410000000000394
2  15 6 12 0.000000000000000 0.410000000000394
0

0101000
+83 15 -81 15 *
Ve
0.000000100000000
-0.004999999999995 -144.528615233872358 0.000000000000000
0 0

0101101
*
Ed
 0.000000100000000 1 1 0
1  6 0 0.000000000000000 30.221999992464909
2  16 1 6 0.000000000000000 30.221999992464909
2  17 7 10 0.000000000000000 30.221999992464909
2  18 7 12 0.000000000000000 30.221999992464909
0

0101000
+81 15 -79 15 *
Ve
0.000000100000000
-0.004999999999996 -101.222170993316297 0.000000000000000
0 0

0101101
*
Ed
 0.000000100000000 1 1 0
1  7 0 0.000000000000000 43.306444240556061
2  19 1 6 0.000000000000000 43.306444240556061
2  20 8 10 0.000000000000000 43.306444240556061
2  21 8 12 0.000000000000000 43.306444240556061
0

0101000
+79 15 -77 15 *
Ve
0.000000100000000
-44.187795165967884 -111.209525585078865 0.000000000000000
0 0

0101101
*
Ed
 0.000000100000000 1 1 0
1  8 0 0.000000000000000 45.297534595378110
2  22 1 6 0.000000000000000 45.297534595378110
2  23 9 10 0.000000000000000 45.297534595378110
2  24 9 12 0.000000000000000 45.297534595378110
0

0101000
+77 15 -75 15 *
Ve
0.001000000000007
-44.557932562416070 -111.385872707965888 0.000000000000000
0 0

0101101
*
Ed
 0.000000100000000 1 1 0
1  9 0 0.000000000000000 0.409999999999966
2  25 1 6 0.000000000000000 0.409999999999966
2  26 10 10 0.000000000000000 0.409999999999966
2  27 10 12 0.000000000000000 0.409999999999966
0

0101000
+75 15 -73 15 *
Ve
0.000000100000000
-44.599999999999419 -111.297576785880892 0.000000000000000
0 0

0101101
*
Ed
 0.000000100000000 1 1 0
1  10 0 0.000000000000000 0.097805108055094
2  28 1 6 0.000000000000000 0.097805108055094
2  29 11 10 0.000000000000000 0.097805108055094
2  30 11 12 0.000000000000000 0.097805108055094
0

0101000
+73 15 -71 15 *
Ve
0.001000000000000
-44.599999999999419 -111.199771677825794 0.000000000000000
0 0

0101101
*
Ed
 0.000000100000000 1 1 0
1  11 0 0.000000000000000 0.097805108055098
2  31 1 6 0.000000000000000 0.097805108055098
2  32 12 10 0.000000000000000 0.097805108055098
2  33 12 12 0.000000000000000 0.097805108055098
0

0101000
+71 15 -69 15 *
Ve
0.000000100000000
-44.189999999999444 -111.199771677825794 0.000000000000000
0 0

0101101
*
Ed
 0.000000100000000 1 1 0
1  12 0 0.000000000000000 0.409999999999975
2  34 1 6 0.000000000000000 0.409999999999975
2  35 13 10 0.000000000000000 0.409999999999975
2  36 13 12 0.000000000000000 0.409999999999975
0

0101000
+69 15 -67 15 *
Ve
0.000000100000000
-0.004999999999995 -101.211918691617143 0.000000000000000
0 0

0101101
*
Ed
 0.000000100000000 1 1 0
1  13 0 0.000000000000000 45.299795057749080
2  37 1 6 0.000000000000000 45.299795057749080
2  38 14 10 0.000000000000000 45.299795057749080
2  39 14 12 0.000000000000000 45.299795057749080
0

0101000
+67 15 -65 15 *
Ve
0.000000100000000
-0.004999999999996 129.869048140283638 0.000000000000000
0 0

0101101
*
Ed
 0.000000100000000 1 1 0
1  14 0 0.000000000000000 231.080966831900781
2  40 1 6 0.000000000000000 231.080966831900781
2  41 15 10 0.000000000000000 231.080966831900781
2  42 15 12 0.000000000000000 231.080966831900781
0

0101000
+65 15 -63 15 *
Ve
0.000000100000000
-44.189999999999429 155.379269784405210 0.000000000000000
0 0

0101101
*
Ed
 0.000000100000000 1 1 0
1  15 0 0.000000000000000 51.020443288275722
2  43 1 6 0.000000000000000 51.020443288275722
2  44 16 10 0.000000000000000 51.020443288275722
2  45 16 12 0.000000000000000 51.020443288275722
0

0101000
+63 15 -61 15 *
Ve
0.001000000000000
-44.599999999999419 155.379269784405210 0.000000000000000
0 0

0101101
*
Ed
 0.000000100000000 1 1 0
1  16 0 0.000000000000000 0.409999999999989
2  46 1 6 0.000000000000000 0.409999999999989
2  47 17 10 0.000000000000000 0.409999999999989
2  48 17 12 0.000000000000000 0.409999999999989
0

0101000
+61 15 -59 15 *
Ve
0.000000100000000
-44.599999999999419 155.621756897464650 0.000000000000000
0 0

0101101
*
Ed
 0.000000100000000 1 1 0
1  17 0 0.000000000000000 0.242487113059440
2  49 1 6 0.000000000000000 0.242487113059440
2  50 18 10 0.000000000000000 0.242487113059440
2  51 18 12 0.000000000000000 0.242487113059440
0

0101000
+59 15 -57 15 *
Ve
0.001000000000166
-44.389999999999681 155.743000453994512 0.000000000000000
0 0

0101101
*
Ed
 0.000000100000000 1 1 0
1  18 0 0.000000000000000 0.242487113059436
2  52 1 6 0.000000000000000 0.242487113059436
2  53 19 10 0.000000000000000 0.242487113059436
2  54 19 12 0.000000000000000 0.242487113059436
0

0101000
+57 15 -55 15 *
Ve
0.000000100000000
-44.184999999999427 155.387930038443073 0.000000000000000
0 0

0101101
*
Ed
 0.000000100000000 1 1 0
1  19 0 0.000000000000000 0.409999999999970
2  55 1 6 0.000000000000000 0.409999999999970
2  56 20 10 0.000000000000000 0.409999999999970
2  57 20 12 0.000000000000000 0.409999999999970
0

0101000
+55 15 -53 15 *
Ve
0.000000100000000
-0.004999999999995 129.880595145667399 0.000000000000000
0 0

0101101
*
Ed
 0.000000100000000 1 1 0
1  20 0 0.000000000000000 51.014669785583841
2  58 1 6 0.000000000000000 51.014669785583841
2  59 21 10 0.000000000000000 51.014669785583841
2  60 21 12 0.000000000000000 51.014669785583841
0

0101000
+53 15 -51 15 *
Ve
0.000000100000000
-0.004999999999996 190.136291999999997 0.000000000000000
0 0

0101101
*
Ed
 0.000000100000000 1 1 0
1  21 0 0.000000000000000 60.255696854332598
2  61 1 6 0.000000000000000 60.255696854332598
2  62 22 10 0.000000000000000 60.255696854332598
2  63 22 12 0.000000000000000 60.255696854332598
0

0101000
+51 15 -49 15 *
Ve
0.000000100000000
0.000000000000000 190.136291999999997 0.000000000000000
0 0

0101101
*
Ed
 0.000000100000000 1 1 0
1  22 0 0.000000000000000 0.004999999999996
0

0101000
+49 15 -47 15 *
Ve
0.000000100000000
0.004999999999996 190.136291999999997 0.000000000000000
0 0

0101101
*
Ed
 0.000000100000000 1 1 0
1  23 0 0.000000000000000 0.004999999999996
0

0101000
+45 0 -47 18 *
Ve
0.000000100000000
0.004999999999995 129.880595145667399 0.000000000000000
0 0

0101101
*
Ed
 0.000000100000000 1 1 0
1  24 0 0.000000000000000 60.255696854332598
2  64 1 19 0.000000000000000 60.255696854332598
2  65 23 20 0.000000000000000 60.255696854332598
2  66 23 21 0.000000000000000 60.255696854332598
0

0101000
+43 0 -45 0 *
Ve
0.000000100000000
44.184999999999427 155.387930038443073 0.000000000000000
0 0

0101101
*
Ed
 0.000000100000000 1 1 0
1  25 0 0.000000000000000 51.014669785583841
2  67 24 20 0.000000000000000 51.014669785583841
2  68 24 21 0.000000000000000 51.014669785583841
2  69 1 19 0.000000000000000 51.014669785583841
0

0101000
+41 0 -43 0 *
Ve
0.001000000000166
44.389999999999681 155.743000453994512 0.000000000000000
0 0

0101101
*
Ed
 0.000000100000000 1 1 0
1  26 0 0.000000000000000 0.409999999999970
2  70 25 20 0.000000000000000 0.409999999999970
2  71 25 21 0.000000000000000 0.409999999999970
2  72 1 19 0.000000000000000 0.409999999999970
0

0101000
+39 0 -41 0 *
Ve
0.000000100000000
44.599999999999419 155.621756897464650 0.000000000000000
0 0

0101101
*
Ed
 0.000000100000000 1 1 0
1  27 0 0.000000000000000 0.242487113059436
2  73 26 20 0.000000000000000 0.242487113059436
2  74 26 21 0.000000000000000 0.242487113059436
2  75 1 19 0.000000000000000 0.242487113059436
0

0101000
+37 0 -39 0 *
Ve
0.001000000000000
44.599999999999419 155.379269784405210 0.000000000000000
0 0

0101101
*
Ed
 0.000000100000000 1 1 0
1  28 0 0.000000000000000 0.242487113059440
2  76 27 20 0.000000000000000 0.242487113059440
2  77 27 21 0.000000000000000 0.242487113059440
2  78 1 19 0.000000000000000 0.242487113059440
0

0101000
+35 0 -37 0 *
Ve
0.000000100000000
44.189999999999429 155.379269784405210 0.000000000000000
0 0

0101101
*
Ed
 0.000000100000000 1 1 0
1  29 0 0.000000000000000 0.409999999999989
2  79 28 20 0.000000000000000 0.409999999999989
2  80 28 21 0.000000000000000 0.409999999999989
2  81 1 19 0.000000000000000 0.409999999999989
0

0101000
+33 0 -35 0 *
Ve
0.000000100000000
0.004999999999996 129.869048140283638 0.000000000000000
0 0

0101101
*
Ed
 0.000000100000000 1 1 0
1  30 0 0.000000000000000 51.020443288275722
2  82 29 20 0.000000000000000 51.020443288275722
2  83 29 21 0.000000000000000 51.020443288275722
2  84 1 19 0.000000000000000 51.020443288275722
0

0101000
+31 0 -33 0 *
Ve
0.000000100000000
0.004999999999995 -101.211918691617143 0.000000000000000
0 0

0101101
*
Ed
 0.000000100000000 1 1 0
