
CASCADE Topology V1, (c) Matra-Datavision
Locations 53
1
1.000000000000000 0.000000000000000 0.000000000000000 0.000000000000000 
0.000000000000000 1.000000000000000 0.000000000000000 0.000000000000000 
0.000000000000000 0.000000000000000 1.000000000000000 0.000000000000000 
1
1.000000000000000 0.000000000000000 0.000000000000000 0.000000000000000 
0.000000000000000 1.000000000000000 0.000000000000000 0.000000000000000 
0.000000000000000 0.000000000000000 1.000000000000000 0.000000000000000 
1
1.000000000000000 0.000000000000000 0.000000000000000 0.000000000000000 
0.000000000000000 1.000000000000000 0.000000000000000 0.000000000000000 
0.000000000000000 0.000000000000000 1.000000000000000 0.000000000000000 
1
1.000000000000000 0.000000000000000 0.000000000000000 0.000000000000000 
0.000000000000000 1.000000000000000 0.000000000000000 0.000000000000000 
0.000000000000000 0.000000000000000 1.000000000000000 0.000000000000000 
1
1.000000000000000 0.000000000000000 0.000000000000000 0.000000000000000 
0.000000000000000 1.000000000000000 0.000000000000000 0.000000000000000 
0.000000000000000 0.000000000000000 1.000000000000000 0.000000000000000 
1
1.000000000000000 0.000000000000000 0.000000000000000 0.000000000000000 
0.000000000000000 1.000000000000000 0.000000000000000 0.000000000000000 
0.000000000000000 0.000000000000000 1.000000000000000 0.000000000000000 
1
1.000000000000000 0.000000000000000 0.000000000000000 0.000000000000000 
0.000000000000000 1.000000000000000 0.000000000000000 0.000000000000000 
0.000000000000000 0.000000000000000 1.000000000000000 0.000000000000000 
2  2 1 3 1 4 -1 5 1 6 -1 7 1 0
1
1.000000000000000 0.000000000000000 0.000000000000000 0.000000000000000 
0.000000000000000 1.000000000000000 0.000000000000000 0.000000000000000 
0.000000000000000 0.000000000000000 1.000000000000000 0.000000000000000 
1
1.000000000000000 0.000000000000000 0.000000000000000 0.000000000000000 
0.000000000000000 1.000000000000000 0.000000000000000 0.000000000000000 
0.000000000000000 0.000000000000000 1.000000000000000 0.000000000000000 
1
1.000000000000000 0.000000000000000 0.000000000000000 0.000000000000000 
0.000000000000000 1.000000000000000 0.000000000000000 0.000000000000000 
0.000000000000000 0.000000000000000 1.000000000000000 0.000000000000000 
1
1.000000000000000 0.000000000000000 0.000000000000000 0.000000000000000 
0.000000000000000 1.000000000000000 0.000000000000000 0.000000000000000 
0.000000000000000 0.000000000000000 1.000000000000000 0.000000000000000 
2  10 1 11 1 12 1 2 1 3 1 4 -1 5 1 6 -1 7 1 0
2  12 -1 11 -1 10 -1 0
2  4 1 3 -1 2 -1 12 -1 11 -1 10 -1 0
1
1.000000000000000 0.000000000000000 0.000000000000000 0.000000000000000 
0.000000000000000 1.000000000000000 0.000000000000000 0.000000000000000 
0.000000000000000 0.000000000000000 1.000000000000000 3.000000000000000 
2  16 -1 4 1 3 -1 2 -1 12 -1 11 -1 10 -1 0
2  7 -1 6 1 5 -1 4 1 3 -1 2 -1 12 -1 11 -1 10 -1 0
1
1.000000000000000 0.000000000000000 0.000000000000000 0.000000000000000 
0.000000000000000 1.000000000000000 0.000000000000000 0.000000000000000 
0.000000000000000 0.000000000000000 1.000000000000000 0.000000000000000 
1
1.000000000000000 0.000000000000000 0.000000000000000 0.000000000000000 
0.000000000000000 1.000000000000000 0.000000000000000 0.000000000000000 
0.000000000000000 0.000000000000000 1.000000000000000 0.000000000000000 
2  19 -1 20 -1 10 1 11 1 12 1 2 1 3 1 4 -1 5 1 6 -1 7 1 0
2  9 1 7 -1 6 1 5 -1 4 1 3 -1 2 -1 12 -1 11 -1 10 -1 0
2  9 1 7 -1 6 1 5 -1 16 -1 4 1 3 -1 2 -1 12 -1 11 -1 10 -1 0
2  19 -1 20 -1 0
2  2 1 3 1 4 -1 5 1 6 -1 0
2  7 -1 0
1
1.000000000000000 0.000000000000000 0.000000000000000 0.000000000000000 
0.000000000000000 1.000000000000000 0.000000000000000 0.000000000000000 
0.000000000000000 0.000000000000000 1.000000000000000 0.000000000000000 
2  20 1 27 1 12 1 2 1 3 1 4 -1 5 1 6 -1 7 1 0
2  4 1 3 -1 2 -1 12 -1 27 -1 20 -1 0
2  16 -1 4 1 3 -1 2 -1 12 -1 27 -1 20 -1 0
2  12 -1 27 -1 20 -1 0
2  6 1 5 -1 4 1 3 -1 2 -1 12 -1 27 -1 20 -1 0
2  6 1 5 -1 16 -1 4 1 3 -1 2 -1 12 -1 27 -1 20 -1 0
2  20 1 27 1 12 1 2 1 3 1 4 -1 5 1 6 -1 0
2  2 1 3 1 4 -1 16 1 5 1 6 -1 7 1 0
2  5 1 6 -1 7 1 9 -1 0
2  9 -1 0
2  10 1 11 1 12 1 2 1 3 1 4 -1 16 1 5 1 6 -1 7 1 0
2  7 -1 6 1 5 -1 16 -1 4 1 3 -1 2 -1 12 -1 11 -1 10 -1 0
2  19 -1 20 -1 10 1 11 1 12 1 2 1 3 1 4 -1 16 1 5 1 6 -1 7 1 0
2  2 1 3 1 4 -1 16 1 5 1 6 -1 0
2  20 1 27 1 12 1 2 1 3 1 4 -1 16 1 5 1 6 -1 7 1 0
2  20 1 27 1 12 1 2 1 3 1 4 -1 16 1 5 1 6 -1 0
2  5 1 6 -1 7 1 0
2  9 1 7 -1 6 1 5 -1 0
2  19 -1 20 -1 10 1 11 1 12 1 2 1 3 1 4 -1 0
2  19 -1 20 -1 10 1 11 1 12 1 2 1 3 1 4 -1 16 1 0
2  10 1 11 1 12 1 2 1 3 1 4 -1 0
2  10 1 11 1 12 1 2 1 3 1 4 -1 16 1 0
2  5 1 6 -1 0
2  6 1 5 -1 0
2  20 1 27 1 12 1 2 1 3 1 4 -1 0
2  20 1 27 1 12 1 2 1 3 1 4 -1 16 1 0
Curve2ds 144
2 -11.50000000000001421 -171.28895327222232936 -1.00000000000000000 0.00000000000000000 -0.00000000000000000 -1.00000000000000000 4.75240109625286333
1 6.28318530717958623 -362.25451715559307786 -1.00000000000000000 0.00000000000000000 
1 -14.50000000000000888 -176.04135436847519713 -0.43011493385387412 0.90277413768665171 
1 0.00000000000000000 0.00000000000000000 1.00000000000000000 0.00000000000000000 
1 0.00000000000000000 -3.00000000000000000 1.00000000000000000 0.00000000000000000 
2 -31.60000000000005471 -116.90033006941234817 -1.00000000000000000 0.00000000000000000 -0.00000000000000000 -1.00000000000000000 10.00000000000000000
1 12.56637061435917246 -362.25451715559307786 -1.00000000000000000 0.00000000000000000 
1 -41.60000000000000142 -119.16079244030001405 0.00000000000000000 1.00000000000000000 
1 0.00000000000000000 0.00000000000000000 1.00000000000000000 0.00000000000000000 
1 0.00000000000000000 -3.00000000000000000 1.00000000000000000 0.00000000000000000 
2 -38.60000000000000142 143.61630091377932672 -1.00000000000000000 0.00000000000000000 -0.00000000000000000 -1.00000000000000000 3.00000000000000000
1 6.28318530717958623 -362.25451715559307786 -1.00000000000000000 0.00000000000000000 
1 -41.60000000000000142 145.34835172134819459 0.86602540378443837 0.50000000000000044 
1 0.00000000000000000 0.00000000000000000 1.00000000000000000 0.00000000000000000 
1 0.00000000000000000 -3.00000000000000000 1.00000000000000000 0.00000000000000000 
2 -16.88564064605490600 159.61719374719766051 -1.00000000000000000 0.00000000000000000 -0.00000000000000000 -1.00000000000000000 1.59999999999991460
1 6.28318530717958623 -362.25451715559307786 -1.00000000000000000 0.00000000000000000 
1 -15.49999999999999822 160.41719374719744451 -0.50000000000000000 0.86602540378443871 
1 0.00000000000000000 0.00000000000000000 1.00000000000000000 0.00000000000000000 
1 0.00000000000000000 -3.00000000000000000 1.00000000000000000 0.00000000000000000 
1 -0.00000000000002905 -362.25451715559307786 1.00000000000000000 0.00000000000000000 
1 -0.00000000000002905 -359.25451715559307786 1.00000000000000000 0.00000000000000000 
1 0.00000000000000000 0.00000000000000000 1.00000000000000000 0.00000000000000000 
1 0.00000000000000000 -3.00000000000000000 1.00000000000000000 0.00000000000000000 
1 -17.00000000000000000 163.01526995855076052 0.86602540378443860 0.50000000000000022 
2 0.00000000000000124 169.36612291963663779 -1.00000000000000000 0.00000000000000000 -0.00000000000000000 -1.00000000000000000 3.00000000000000000
1 6.28318530717958623 -362.25451715559307786 -1.00000000000000000 0.00000000000000000 
1 6.28318530717958623 -362.25451715559307786 -1.00000000000000000 0.00000000000000000 
2 0.00000000000000124 169.36612291963663779 1.00000000000000000 0.00000000000000000 -0.00000000000000000 1.00000000000000000 3.00000000000000000
1 0.00000000000000000 -362.25451715559307786 1.00000000000000000 0.00000000000000000 
1 3.14159265358979312 -362.25451715559307786 -1.00000000000000000 0.00000000000000000 
1 0.00000000000000000 0.00000000000000000 1.00000000000000000 0.00000000000000000 
1 0.00000000000000000 -3.00000000000000000 1.00000000000000000 0.00000000000000000 
1 17.00000000000000000 163.01526995855076052 -0.86602540378443860 0.50000000000000022 
1 0.00000000000000000 0.00000000000000000 1.00000000000000000 0.00000000000000000 
1 0.00000000000000000 -3.00000000000000000 1.00000000000000000 0.00000000000000000 
1 15.50000000000000178 160.41719374719744451 0.50000000000000000 0.86602540378443871 
1 -0.00000000000002905 -362.25451715559307786 1.00000000000000000 0.00000000000000000 
1 -0.00000000000002905 -359.25451715559307786 1.00000000000000000 0.00000000000000000 
2 16.88564064605490600 159.61719374719766051 1.00000000000000000 0.00000000000000000 -0.00000000000000000 1.00000000000000000 1.59999999999991460
1 0.00000000000000000 -362.25451715559307786 1.00000000000000000 0.00000000000000000 
1 0.00000000000000000 0.00000000000000000 1.00000000000000000 0.00000000000000000 
1 0.00000000000000000 -3.00000000000000000 1.00000000000000000 0.00000000000000000 
1 41.60000000000000142 145.34835172134819459 -0.86602540378443837 0.50000000000000044 
2 38.60000000000000142 143.61630091377932672 1.00000000000000000 0.00000000000000000 -0.00000000000000000 1.00000000000000000 3.00000000000000000
1 0.00000000000000000 -362.25451715559307786 1.00000000000000000 0.00000000000000000 
1 0.00000000000000000 0.00000000000000000 1.00000000000000000 0.00000000000000000 
1 0.00000000000000000 -3.00000000000000000 1.00000000000000000 0.00000000000000000 
1 41.60000000000000142 -119.16079244030001405 0.00000000000000000 1.00000000000000000 
2 31.60000000000005471 -116.90033006941234817 1.00000000000000000 0.00000000000000000 -0.00000000000000000 1.00000000000000000 10.00000000000000000
1 0.00000000000000000 -362.25451715559307786 1.00000000000000000 0.00000000000000000 
1 0.00000000000000000 0.00000000000000000 1.00000000000000000 0.00000000000000000 
1 0.00000000000000000 -3.00000000000000000 1.00000000000000000 0.00000000000000000 
1 14.50000000000001243 -176.04135436847519713 0.43011493385387412 0.90277413768665171 
2 11.50000000000001776 -171.28895327222232936 1.00000000000000000 0.00000000000000000 -0.00000000000000000 1.00000000000000000 4.75240109625286333
1 0.00000000000000000 -362.25451715559307786 1.00000000000000000 0.00000000000000000 
1 0.00000000000000124 -176.04135436847519713 1.00000000000000000 0.00000000000000000 
2 -11.50000000000001421 -171.28895327222232936 -1.00000000000000000 0.00000000000000000 -0.00000000000000000 -1.00000000000000000 4.75240109625286333
1 6.28318530717958623 -359.25451715559307786 -1.00000000000000000 0.00000000000000000 
1 5.83855957305824536 0.00000000000000000 0.00000000000000000 -1.00000000000000000 
1 2.99997315284715249 0.00000000000000000 0.00000000000000000 -1.00000000000000000 
1 2.99997315284715338 -362.25451715559307786 0.00000000000000000 1.00000000000000000 
1 4.71238898038468879 0.00000000000000000 0.00000000000000000 -1.00000000000000000 
1 -0.00000000000000000 0.00000000000000000 0.00000000000000000 -1.00000000000000000 
1 11.50000000000001066 -362.25451715559307786 -0.00000000000000000 1.00000000000000000 
1 0.00000000000000124 -176.04135436847519713 -1.00000000000000000 0.00000000000000000 
2 -31.60000000000005471 -116.90033006941234817 -1.00000000000000000 0.00000000000000000 -0.00000000000000000 -1.00000000000000000 10.00000000000000000
1 12.56637061435917246 -359.25451715559307786 -1.00000000000000000 0.00000000000000000 
2 -38.60000000000000142 143.61630091377932672 -1.00000000000000000 0.00000000000000000 -0.00000000000000000 -1.00000000000000000 3.00000000000000000
1 6.28318530717958623 -359.25451715559307786 -1.00000000000000000 0.00000000000000000 
2 -16.88564064605490600 159.61719374719766051 -1.00000000000000000 0.00000000000000000 -0.00000000000000000 -1.00000000000000000 1.59999999999991460
1 6.28318530717958623 -359.25451715559307786 -1.00000000000000000 0.00000000000000000 
2 0.00000000000000124 169.36612291963663779 -1.00000000000000000 0.00000000000000000 -0.00000000000000000 -1.00000000000000000 3.00000000000000000
1 6.28318530717958623 -359.25451715559307786 -1.00000000000000000 0.00000000000000000 
1 6.28318530717958623 -359.25451715559307786 -1.00000000000000000 0.00000000000000000 
2 0.00000000000000124 169.36612291963663779 1.00000000000000000 0.00000000000000000 -0.00000000000000000 1.00000000000000000 3.00000000000000000
1 0.00000000000000000 -359.25451715559307786 1.00000000000000000 0.00000000000000000 
1 3.14159265358979312 -359.25451715559307786 -1.00000000000000000 0.00000000000000000 
2 16.88564064605490600 159.61719374719766051 1.00000000000000000 0.00000000000000000 -0.00000000000000000 1.00000000000000000 1.59999999999991460
1 0.00000000000000000 -359.25451715559307786 1.00000000000000000 0.00000000000000000 
2 38.60000000000000142 143.61630091377932672 1.00000000000000000 0.00000000000000000 -0.00000000000000000 1.00000000000000000 3.00000000000000000
1 0.00000000000000000 -359.25451715559307786 1.00000000000000000 0.00000000000000000 
2 31.60000000000005471 -116.90033006941234817 1.00000000000000000 0.00000000000000000 -0.00000000000000000 1.00000000000000000 10.00000000000000000
1 0.00000000000000000 -359.25451715559307786 1.00000000000000000 0.00000000000000000 
2 11.50000000000001776 -171.28895327222232936 1.00000000000000000 0.00000000000000000 -0.00000000000000000 1.00000000000000000 4.75240109625286333
1 0.00000000000000000 -359.25451715559307786 1.00000000000000000 0.00000000000000000 
1 5.83856522224514585 0.00000000000000000 0.00000000000000000 -1.00000000000000000 
1 0.00000000000000000 0.00000000000000000 0.00000000000000000 -1.00000000000000000 
1 60.74595258239305906 -362.25451715559307786 0.00000000000000000 1.00000000000000000 
1 6.28318788833327435 0.00000000000000000 0.00000000000000000 -1.00000000000000000 
1 2.26048818242455241 0.00000000000000000 0.00000000000000000 -1.00000000000000000 
1 2.26048818242455241 -362.25451715559307786 0.00000000000000000 1.00000000000000000 
1 -0.00000000000000355 0.00000000000000000 0.00000000000000000 -1.00000000000000000 
1 0.00000000000000000 0.00000000000000000 0.00000000000000000 -1.00000000000000000 
1 262.77709335407934077 -362.25451715559307786 0.00000000000000000 1.00000000000000000 
1 1.04719755119659563 0.00000000000000000 0.00000000000000000 -1.00000000000000000 
1 1.73205080756887586 0.00000000000000000 0.00000000000000000 -1.00000000000000000 
1 1.73205080756888208 -362.25451715559307786 0.00000000000000000 1.00000000000000000 
1 5.75958653158127465 0.00000000000000000 0.00000000000000000 -1.00000000000000000 
1 3.00665927567398361 0.00000000000000000 0.00000000000000000 -1.00000000000000000 
1 26.93768405169883451 -362.25451715559307786 0.00000000000000000 1.00000000000000000 
1 30.13768405169847497 0.00000000000000000 0.00000000000000000 -1.00000000000000000 
1 0.00000000000000000 0.00000000000000000 0.00000000000000000 -1.00000000000000000 
8 0.00000000000000000 3.00000000000000000
1 2.61799387799154060 -362.25451715559307786 -0.00000000000000000 1.00000000000000000 
1 -0.00000000000002905 -362.25451715559307786 0.00000000000000000 1.00000000000000000 
1 0.00000000000000000 0.00000000000000000 0.00000000000000000 -1.00000000000000000 
1 3.00000000000000000 0.00000000000000000 0.00000000000000000 -1.00000000000000000 
1 2.99999999999999423 -362.25451715559307786 0.00000000000000000 1.00000000000000000 
1 1.04719755119659585 0.00000000000000000 0.00000000000000000 -1.00000000000000000 
1 0.00000000000000000 0.00000000000000000 0.00000000000000000 -1.00000000000000000 
1 17.89785834487839011 -362.25451715559307786 0.00000000000000000 1.00000000000000000 
1 1.04719755119659630 0.00000000000000000 0.00000000000000000 -1.00000000000000000 
1 1.04719755119659585 0.00000000000000000 0.00000000000000000 -1.00000000000000000 
1 0.00000000000000000 0.00000000000000000 0.00000000000000000 -1.00000000000000000 
1 17.89785834487839011 -362.25451715559307786 0.00000000000000000 1.00000000000000000 
1 2.09439510239319704 0.00000000000000000 0.00000000000000000 -1.00000000000000000 
1 0.00000000000000000 0.00000000000000000 0.00000000000000000 -1.00000000000000000 
1 3.00000000000000000 0.00000000000000000 0.00000000000000000 -1.00000000000000000 
1 2.99999999999999423 -362.25451715559307786 0.00000000000000000 1.00000000000000000 
1 0.00000000000000000 0.00000000000000000 0.00000000000000000 -1.00000000000000000 
1 30.13768405169847497 0.00000000000000000 0.00000000000000000 -1.00000000000000000 
8 0.00000000000000000 3.00000000000000000
1 2.61799387799154060 -362.25451715559307786 -0.00000000000000000 1.00000000000000000 
1 -0.00000000000002905 -362.25451715559307786 0.00000000000000000 1.00000000000000000 
1 5.75958653158127465 0.00000000000000000 0.00000000000000000 -1.00000000000000000 
1 3.00665927567398361 0.00000000000000000 0.00000000000000000 -1.00000000000000000 
1 26.93768405169883451 -362.25451715559307786 0.00000000000000000 1.00000000000000000 
1 1.04719755119659563 0.00000000000000000 0.00000000000000000 -1.00000000000000000 
1 1.73205080756887586 0.00000000000000000 0.00000000000000000 -1.00000000000000000 
1 1.73205080756888208 -362.25451715559307786 0.00000000000000000 1.00000000000000000 
1 -0.00000000000000355 0.00000000000000000 0.00000000000000000 -1.00000000000000000 
1 0.00000000000000000 0.00000000000000000 0.00000000000000000 -1.00000000000000000 
1 262.77709335407934077 -362.25451715559307786 0.00000000000000000 1.00000000000000000 
1 6.28318788833327435 0.00000000000000000 0.00000000000000000 -1.00000000000000000 
1 2.26048818242455241 0.00000000000000000 0.00000000000000000 -1.00000000000000000 
1 2.26048818242455241 -362.25451715559307786 0.00000000000000000 1.00000000000000000 
1 5.83856522224514585 0.00000000000000000 0.00000000000000000 -1.00000000000000000 
1 0.00000000000000000 0.00000000000000000 0.00000000000000000 -1.00000000000000000 
1 60.74595258239305906 -362.25451715559307786 0.00000000000000000 1.00000000000000000 
1 5.83855957305824536 0.00000000000000000 0.00000000000000000 -1.00000000000000000 
1 2.99997315284715249 0.00000000000000000 0.00000000000000000 -1.00000000000000000 
1 2.99997315284715338 -362.25451715559307786 0.00000000000000000 1.00000000000000000 
1 4.71238898038468879 0.00000000000000000 0.00000000000000000 -1.00000000000000000 
1 0.00000000000000000 0.00000000000000000 0.00000000000000000 -1.00000000000000000 
1 11.50000000000001066 -362.25451715559307786 0.00000000000000000 1.00000000000000000 
Curves 52
2 -11.50000000000001599 -162.74759890374713223 0.00000000000000000 0.00000000000000000 0.00000000000000000 1.00000000000000000 -1.00000000000000000 0.00000000000000000 0.00000000000000000 0.00000000000000000 -1.00000000000000000 0.00000000000000000 4.75240109625286333
1 -14.50000000000001066 -167.50000000000000000 0.00000000000000000 -0.43011493385387412 0.90277413768665171 -0.00000000000000000 
2 -31.60000000000005471 -108.35897570093715103 0.00000000000000000 0.00000000000000000 0.00000000000000000 1.00000000000000000 -1.00000000000000000 0.00000000000000000 0.00000000000000000 0.00000000000000000 -1.00000000000000000 0.00000000000000000 10.00000000000000000
1 -41.60000000000000142 -110.61943807182483113 0.00000000000000000 -0.00000000000000000 1.00000000000000000 -0.00000000000000000 
2 -38.60000000000000142 152.15765528225452385 0.00000000000000000 0.00000000000000000 0.00000000000000000 1.00000000000000000 -1.00000000000000000 0.00000000000000000 0.00000000000000000 0.00000000000000000 -1.00000000000000000 0.00000000000000000 3.00000000000000000
1 -41.60000000000000142 153.88970608982339172 0.00000000000000000 0.86602540378443837 0.50000000000000044 -0.00000000000000000 
2 -16.88564064605490600 168.15854811567285765 0.00000000000000000 0.00000000000000000 0.00000000000000000 1.00000000000000000 -1.00000000000000000 0.00000000000000000 0.00000000000000000 0.00000000000000000 -1.00000000000000000 0.00000000000000000 1.59999999999991460
1 -15.50000000000000000 168.95854811567264164 0.00000000000000000 -0.50000000000000000 0.86602540378443871 -0.00000000000000000 
1 -17.00000000000000000 171.55662432702595765 0.00000000000000000 0.86602540378443860 0.50000000000000022 -0.00000000000000000 
2 0.00000000000000000 177.90747728811183492 0.00000000000000000 0.00000000000000000 0.00000000000000000 1.00000000000000000 -1.00000000000000000 0.00000000000000000 0.00000000000000000 0.00000000000000000 -1.00000000000000000 0.00000000000000000 3.00000000000000000
2 0.00000000000000000 177.90747728811183492 0.00000000000000000 0.00000000000000000 0.00000000000000000 1.00000000000000000 1.00000000000000000 0.00000000000000000 -0.00000000000000000 -0.00000000000000000 1.00000000000000000 0.00000000000000000 3.00000000000000000
1 17.00000000000000000 171.55662432702595765 0.00000000000000000 -0.86602540378443849 0.50000000000000011 0.00000000000000000 
1 15.50000000000000000 168.95854811567264164 0.00000000000000000 0.50000000000000000 0.86602540378443871 0.00000000000000000 
2 16.88564064605490600 168.15854811567285765 0.00000000000000000 0.00000000000000000 0.00000000000000000 1.00000000000000000 1.00000000000000000 0.00000000000000000 -0.00000000000000000 -0.00000000000000000 1.00000000000000000 0.00000000000000000 1.59999999999991460
1 41.60000000000000142 153.88970608982339172 0.00000000000000000 -0.86602540378443837 0.50000000000000044 0.00000000000000000 
2 38.60000000000000142 152.15765528225452385 0.00000000000000000 0.00000000000000000 0.00000000000000000 1.00000000000000000 1.00000000000000000 0.00000000000000000 -0.00000000000000000 -0.00000000000000000 1.00000000000000000 0.00000000000000000 3.00000000000000000
1 41.60000000000000142 -110.61943807182483113 0.00000000000000000 0.00000000000000000 1.00000000000000000 0.00000000000000000 
2 31.60000000000005471 -108.35897570093715103 0.00000000000000000 0.00000000000000000 0.00000000000000000 1.00000000000000000 1.00000000000000000 0.00000000000000000 -0.00000000000000000 -0.00000000000000000 1.00000000000000000 0.00000000000000000 10.00000000000000000
1 14.50000000000001066 -167.50000000000000000 0.00000000000000000 0.43011493385387412 0.90277413768665171 0.00000000000000000 
2 11.50000000000001599 -162.74759890374713223 0.00000000000000000 0.00000000000000000 0.00000000000000000 1.00000000000000000 1.00000000000000000 0.00000000000000000 -0.00000000000000000 -0.00000000000000000 1.00000000000000000 0.00000000000000000 4.75240109625286333
1 0.00000000000000000 -167.50000000000000000 0.00000000000000000 1.00000000000000000 0.00000000000000000 0.00000000000000000 
2 -11.50000000000001599 -162.74759890374713223 3.00000000000000000 0.00000000000000000 0.00000000000000000 1.00000000000000000 -1.00000000000000000 0.00000000000000000 0.00000000000000000 0.00000000000000000 -1.00000000000000000 0.00000000000000000 4.75240109625286333
1 -15.79033325415981537 -164.79170182383603560 362.25451715559307786 0.00000000000000000 -0.00000000000000000 -1.00000000000000000 
1 -11.50000000000001066 -167.50000000000000000 362.25451715559307786 0.00000000000000000 -0.00000000000000000 -1.00000000000000000 
1 0.00000000000000000 -167.50000000000000000 3.00000000000000000 -1.00000000000000000 -0.00000000000000000 -0.00000000000000000 
2 -31.60000000000005471 -108.35897570093715103 3.00000000000000000 0.00000000000000000 0.00000000000000000 1.00000000000000000 -1.00000000000000000 0.00000000000000000 0.00000000000000000 0.00000000000000000 -1.00000000000000000 0.00000000000000000 10.00000000000000000
2 -38.60000000000000142 152.15765528225452385 3.00000000000000000 0.00000000000000000 0.00000000000000000 1.00000000000000000 -1.00000000000000000 0.00000000000000000 0.00000000000000000 0.00000000000000000 -1.00000000000000000 0.00000000000000000 3.00000000000000000
2 -16.88564064605490600 168.15854811567285765 3.00000000000000000 0.00000000000000000 0.00000000000000000 1.00000000000000000 -1.00000000000000000 0.00000000000000000 0.00000000000000000 0.00000000000000000 -1.00000000000000000 0.00000000000000000 1.59999999999991460
2 0.00000000000000000 177.90747728811183492 3.00000000000000000 0.00000000000000000 0.00000000000000000 1.00000000000000000 -1.00000000000000000 0.00000000000000000 0.00000000000000000 0.00000000000000000 -1.00000000000000000 0.00000000000000000 3.00000000000000000
2 0.00000000000000000 177.90747728811183492 3.00000000000000000 0.00000000000000000 0.00000000000000000 1.00000000000000000 1.00000000000000000 0.00000000000000000 -0.00000000000000000 -0.00000000000000000 1.00000000000000000 0.00000000000000000 3.00000000000000000
2 16.88564064605490600 168.15854811567285765 3.00000000000000000 0.00000000000000000 0.00000000000000000 1.00000000000000000 1.00000000000000000 0.00000000000000000 -0.00000000000000000 -0.00000000000000000 1.00000000000000000 0.00000000000000000 1.59999999999991460
2 38.60000000000000142 152.15765528225452385 3.00000000000000000 0.00000000000000000 0.00000000000000000 1.00000000000000000 1.00000000000000000 0.00000000000000000 -0.00000000000000000 -0.00000000000000000 1.00000000000000000 0.00000000000000000 3.00000000000000000
2 31.60000000000005471 -108.35897570093715103 3.00000000000000000 0.00000000000000000 0.00000000000000000 1.00000000000000000 1.00000000000000000 0.00000000000000000 -0.00000000000000000 -0.00000000000000000 1.00000000000000000 0.00000000000000000 10.00000000000000000
2 11.50000000000001599 -162.74759890374713223 3.00000000000000000 0.00000000000000000 0.00000000000000000 1.00000000000000000 1.00000000000000000 0.00000000000000000 -0.00000000000000000 -0.00000000000000000 1.00000000000000000 0.00000000000000000 4.75240109625286333
1 -40.62774137686658094 -112.66012503947587220 362.25451715559307786 0.00000000000000000 -0.00000000000000000 -1.00000000000000000 
1 -41.59999999996674092 -108.35894988940027872 362.25451715559307786 0.00000000000000000 -0.00000000000000000 -1.00000000000000000 
1 -41.60000000000000142 152.15765528225452385 362.25451715559307786 0.00000000000000000 -0.00000000000000000 -1.00000000000000000 
1 -40.10000000000000853 154.75573149360783987 362.25451715559307786 0.00000000000000000 -0.00000000000000000 -1.00000000000000000 
1 -18.27128129210992213 167.35854811567287470 362.25451715559307786 0.00000000000000000 -0.00000000000000000 -1.00000000000000000 
1 -15.50000000000000000 168.95854811567264164 0.00000000000000000 0.00000000000000000 0.00000000000000000 1.00000000000000000 
1 -17.00000000000000000 171.55662432702595765 0.00000000000000000 0.00000000000000000 0.00000000000000000 1.00000000000000000 
1 -1.50000000000000488 180.50555349946515094 362.25451715559307786 0.00000000000000000 -0.00000000000000000 -1.00000000000000000 
1 1.50000000000000488 180.50555349946515094 362.25451715559307786 -0.00000000000000000 -0.00000000000000000 -1.00000000000000000 
1 17.00000000000000000 171.55662432702595765 0.00000000000000000 0.00000000000000000 0.00000000000000000 1.00000000000000000 
1 15.50000000000000000 168.95854811567264164 0.00000000000000000 0.00000000000000000 0.00000000000000000 1.00000000000000000 
1 18.27128129210992213 167.35854811567287470 362.25451715559307786 -0.00000000000000000 -0.00000000000000000 -1.00000000000000000 
1 40.10000000000000853 154.75573149360783987 362.25451715559307786 -0.00000000000000000 -0.00000000000000000 -1.00000000000000000 
1 41.60000000000000142 152.15765528225452385 362.25451715559307786 -0.00000000000000000 -0.00000000000000000 -1.00000000000000000 
1 41.59999999996674092 -108.35894988940027872 362.25451715559307786 -0.00000000000000000 -0.00000000000000000 -1.00000000000000000 
1 40.62774137686658094 -112.66012503947587220 362.25451715559307786 -0.00000000000000000 -0.00000000000000000 -1.00000000000000000 
1 15.79033325415981537 -164.79170182383603560 362.25451715559307786 -0.00000000000000000 -0.00000000000000000 -1.00000000000000000 
1 11.50000000000001066 -167.50000000000000000 362.25451715559307786 -0.00000000000000000 -0.00000000000000000 -1.00000000000000000 
Polygon3D 0
PolygonOnTriangulations 0
Surfaces 43
1 -0.00000000000000124 8.54135436847519003 0.00000000000000000 0.00000000000000000 0.00000000000000000 1.00000000000000000 1.00000000000000000 0.00000000000000000 -0.00000000000000000 -0.00000000000000000 1.00000000000000000 0.00000000000000000 
2 -11.50000000000001599 -162.74759890374713223 362.25451715559307786 -0.00000000000000000 -0.00000000000000000 1.00000000000000000 -1.00000000000000000 0.00000000000000000 -0.00000000000000000 -0.00000000000000000 1.00000000000000000 0.00000000000000000 4.75240109625286333
1 -14.50000000000001066 -167.50000000000000000 0.00000000000000000 -0.90277413768665171 -0.43011493385387412 0.00000000000000000 -0.43011493385387412 0.90277413768665171 0.00000000000000000 -0.00000000000000000 0.00000000000000000 -1.00000000000000000 
2 -31.60000000000005471 -108.35897570093715103 362.25451715559307786 -0.00000000000000000 -0.00000000000000000 1.00000000000000000 -1.00000000000000000 0.00000000000000000 -0.00000000000000000 -0.00000000000000000 1.00000000000000000 0.00000000000000000 10.00000000000000000
1 -41.60000000000000142 -110.61943807182483113 0.00000000000000000 -1.00000000000000000 0.00000000000000000 0.00000000000000000 0.00000000000000000 1.00000000000000000 0.00000000000000000 0.00000000000000000 0.00000000000000000 -1.00000000000000000 
2 -38.60000000000000142 152.15765528225452385 362.25451715559307786 -0.00000000000000000 -0.00000000000000000 1.00000000000000000 -1.00000000000000000 0.00000000000000000 -0.00000000000000000 -0.00000000000000000 1.00000000000000000 0.00000000000000000 3.00000000000000000
1 -41.60000000000000142 153.88970608982339172 0.00000000000000000 -0.50000000000000044 0.86602540378443837 0.00000000000000000 0.86602540378443837 0.50000000000000044 0.00000000000000000 0.00000000000000000 0.00000000000000000 -1.00000000000000000 
2 -16.88564064605490600 168.15854811567285765 362.25451715559307786 -0.00000000000000000 -0.00000000000000000 1.00000000000000000 -1.00000000000000000 0.00000000000000000 -0.00000000000000000 -0.00000000000000000 1.00000000000000000 0.00000000000000000 1.59999999999991460
1 -15.50000000000000000 168.95854811567264164 0.00000000000000000 -0.86602540378443871 -0.50000000000000000 0.00000000000000000 -0.50000000000000000 0.86602540378443871 0.00000000000000000 -0.00000000000000000 0.00000000000000000 -1.00000000000000000 
1 -15.49999999999984013 168.95854811567275533 362.25451715559307786 -0.86602540378440163 -0.50000000000006428 -0.00000000000000000 -0.50000000000006428 0.86602540378440163 -0.00000000000000000 -0.00000000000000000 -0.00000000000000000 1.00000000000000000 
1 -17.00000000000000000 171.55662432702595765 0.00000000000000000 -0.50000000000000022 0.86602540378443860 0.00000000000000000 0.86602540378443860 0.50000000000000022 0.00000000000000000 0.00000000000000000 0.00000000000000000 -1.00000000000000000 
2 0.00000000000000000 177.90747728811183492 362.25451715559307786 -0.00000000000000000 -0.00000000000000000 1.00000000000000000 -1.00000000000000000 0.00000000000000000 -0.00000000000000000 -0.00000000000000000 1.00000000000000000 0.00000000000000000 3.00000000000000000
2 0.00000000000000000 177.90747728811183492 362.25451715559307786 0.00000000000000000 0.00000000000000000 1.00000000000000000 -1.00000000000000000 0.00000000000000000 0.00000000000000000 -0.00000000000000000 1.00000000000000000 -0.00000000000000000 3.00000000000000000
2 0.00000000000000000 177.90747728811183492 362.25451715559307786 0.00000000000000000 0.00000000000000000 1.00000000000000000 1.00000000000000000 0.00000000000000000 -0.00000000000000000 -0.00000000000000000 1.00000000000000000 0.00000000000000000 3.00000000000000000
1 17.00000000000000000 171.55662432702595765 0.00000000000000000 -0.50000000000000022 -0.86602540378443860 0.00000000000000000 -0.86602540378443860 0.50000000000000022 0.00000000000000000 -0.00000000000000000 0.00000000000000000 -1.00000000000000000 
1 15.50000000000000000 168.95854811567264164 0.00000000000000000 -0.86602540378443871 0.50000000000000000 0.00000000000000000 0.50000000000000000 0.86602540378443871 0.00000000000000000 0.00000000000000000 0.00000000000000000 -1.00000000000000000 
1 15.49999999999984013 168.95854811567275533 362.25451715559307786 0.86602540378440163 -0.50000000000006428 0.00000000000000000 0.50000000000006428 0.86602540378440163 0.00000000000000000 -0.00000000000000000 0.00000000000000000 1.00000000000000000 
2 16.88564064605490600 168.15854811567285765 362.25451715559307786 0.00000000000000000 0.00000000000000000 1.00000000000000000 1.00000000000000000 0.00000000000000000 -0.00000000000000000 -0.00000000000000000 1.00000000000000000 0.00000000000000000 1.59999999999991460
1 41.60000000000000142 153.88970608982339172 0.00000000000000000 -0.50000000000000044 -0.86602540378443837 0.00000000000000000 -0.86602540378443837 0.50000000000000044 0.00000000000000000 -0.00000000000000000 0.00000000000000000 -1.00000000000000000 
2 38.60000000000000142 152.15765528225452385 362.25451715559307786 0.00000000000000000 0.00000000000000000 1.00000000000000000 1.00000000000000000 0.00000000000000000 -0.00000000000000000 -0.00000000000000000 1.00000000000000000 0.00000000000000000 3.00000000000000000
1 41.60000000000000142 -110.61943807182483113 0.00000000000000000 -1.00000000000000000 0.00000000000000000 0.00000000000000000 0.00000000000000000 1.00000000000000000 0.00000000000000000 0.00000000000000000 0.00000000000000000 -1.00000000000000000 
2 31.60000000000005471 -108.35897570093715103 362.25451715559307786 0.00000000000000000 0.00000000000000000 1.00000000000000000 1.00000000000000000 0.00000000000000000 -0.00000000000000000 -0.00000000000000000 1.00000000000000000 0.00000000000000000 10.00000000000000000
1 14.50000000000001066 -167.50000000000000000 0.00000000000000000 -0.90277413768665171 0.43011493385387412 0.00000000000000000 0.43011493385387412 0.90277413768665171 0.00000000000000000 0.00000000000000000 0.00000000000000000 -1.00000000000000000 
2 11.50000000000001599 -162.74759890374713223 362.25451715559307786 0.00000000000000000 0.00000000000000000 1.00000000000000000 1.00000000000000000 0.00000000000000000 -0.00000000000000000 -0.00000000000000000 1.00000000000000000 0.00000000000000000 4.75240109625286333
1 -14.50000000000001066 -167.50000000000000000 362.25451715559307786 -0.90277413769307513 -0.43011493384039179 -0.00000000000000000 -0.43011493384039179 0.90277413769307513 -0.00000000000000000 -0.00000000000000000 -0.00000000000000000 1.00000000000000000 
1 -11.50000000000001066 -167.50000000000000000 362.25451715559307786 -0.00000000000000000 -1.00000000000000000 -0.00000000000000000 -1.00000000000000000 0.00000000000000000 0.00000000000000000 -0.00000000000000000 -0.00000000000000000 1.00000000000000000 
1 0.00000000000000000 -167.50000000000000000 0.00000000000000000 0.00000000000000000 -1.00000000000000000 0.00000000000000000 -1.00000000000000000 0.00000000000000000 0.00000000000000000 -0.00000000000000000 -0.00000000000000000 -1.00000000000000000 
1 -40.62774137686658094 -112.66012503947587220 362.25451715559307786 -0.90277413769236614 -0.43011493384187993 -0.00000000000000000 -0.43011493384187993 0.90277413769236614 -0.00000000000000000 -0.00000000000000000 -0.00000000000000000 1.00000000000000000 
1 -41.59999999996674092 -110.61943807182483113 362.25451715559307786 -1.00000000000000000 -0.00000000000000000 -0.00000000000000000 0.00000000000000000 1.00000000000000000 -0.00000000000000000 -0.00000000000000000 0.00000000000000000 1.00000000000000000 
1 -41.60000000000000142 152.15765528225452385 362.25451715559307786 -1.00000000000000000 -0.00000000000000000 -0.00000000000000000 0.00000000000000000 1.00000000000000000 -0.00000000000000000 -0.00000000000000000 0.00000000000000000 1.00000000000000000 
1 -41.60000000000000142 153.88970608982339172 362.25451715559307786 -0.50000000000000588 0.86602540378443527 -0.00000000000000000 0.86602540378443527 0.50000000000000588 -0.00000000000000000 -0.00000000000000000 0.00000000000000000 1.00000000000000000 
1 -19.59807621135244204 170.05662432702581555 362.25451715559307786 0.89736679948483034 0.44128542598000259 -0.00000000000000000 0.44128542598000259 -0.89736679948483034 0.00000000000000000 -0.00000000000000000 0.00000000000000000 1.00000000000000000 
1 -1.50000000000000488 180.50555349946515094 362.25451715559307786 -0.50000000000000377 0.86602540378443649 -0.00000000000000000 0.86602540378443649 0.50000000000000377 -0.00000000000000000 -0.00000000000000000 0.00000000000000000 1.00000000000000000 
1 1.50000000000000488 180.50555349946515094 362.25451715559307786 0.50000000000000377 0.86602540378443649 -0.00000000000000000 -0.86602540378443649 0.50000000000000377 0.00000000000000000 0.00000000000000000 0.00000000000000000 1.00000000000000000 
1 19.59807621135244204 170.05662432702581555 362.25451715559307786 -0.89736679948483034 0.44128542598000259 0.00000000000000000 -0.44128542598000259 -0.89736679948483034 0.00000000000000000 0.00000000000000000 0.00000000000000000 1.00000000000000000 
1 41.60000000000000142 153.88970608982339172 362.25451715559307786 0.50000000000000588 0.86602540378443527 -0.00000000000000000 -0.86602540378443527 0.50000000000000588 0.00000000000000000 0.00000000000000000 0.00000000000000000 1.00000000000000000 
1 41.60000000000000142 152.15765528225452385 362.25451715559307786 1.00000000000000000 0.00000000000000000 0.00000000000000000 -0.00000000000000000 1.00000000000000000 0.00000000000000000 0.00000000000000000 -0.00000000000000000 1.00000000000000000 
1 41.59999999996674092 -110.61943807182483113 362.25451715559307786 1.00000000000000000 0.00000000000000000 0.00000000000000000 -0.00000000000000000 1.00000000000000000 0.00000000000000000 0.00000000000000000 -0.00000000000000000 1.00000000000000000 
1 40.62774137686658094 -112.66012503947587220 362.25451715559307786 0.90277413769236614 -0.43011493384187993 0.00000000000000000 0.43011493384187993 0.90277413769236614 0.00000000000000000 -0.00000000000000000 0.00000000000000000 1.00000000000000000 
1 14.50000000000001066 -167.50000000000000000 362.25451715559307786 0.90277413769307513 -0.43011493384039179 0.00000000000000000 0.43011493384039179 0.90277413769307513 0.00000000000000000 -0.00000000000000000 0.00000000000000000 1.00000000000000000 
1 11.50000000000001066 -167.50000000000000000 362.25451715559307786 0.00000000000000000 -1.00000000000000000 0.00000000000000000 1.00000000000000000 0.00000000000000000 0.00000000000000000 -0.00000000000000000 0.00000000000000000 1.00000000000000000 
1 0.00000000000000000 -167.50000000000000000 0.00000000000000000 0.00000000000000000 1.00000000000000000 0.00000000000000000 1.00000000000000000 0.00000000000000000 0.00000000000000000 0.00000000000000000 0.00000000000000000 -1.00000000000000000 
1 0.00000000000000000 -167.49999999999997158 1.49999999999999956 -0.00000000000000000 -1.00000000000000000 -0.00000000000000000 0.00000000000000000 0.00000000000000000 -1.00000000000000000 1.00000000000000000 -0.00000000000000000 0.00000000000000000 
Triangulations 0

TShapes 144
Ve
0.000000100067203
-15.790333254180039 -164.791701823845671 0.000000000000000
0 0

0101101
*
Ve
0.000000100000000
-11.500000000000011 -167.500000000000000 0.000000000000000
0 0

0101101
*
Ed
 0.000000100000000 1 1 0
1  1 0 0.444625734121341 1.570796326794898
2  1 1 8 0.444625734121341 1.570796326794898
2  2 2 9 0.444625734121341 1.570796326794898
0

0101000
+144 0 -143 0 *
Ve
0.000000100027523
-40.627741376866581 -112.660125039475872 0.000000000000000
0 0

0101101
*
Ed
 0.000000100000000 1 1 0
1  2 0 2.999973152847153 60.745952582393066
2  3 1 14 2.999973152847153 60.745952582393066
2  4 3 15 2.999973152847153 60.745952582393066
2  5 3 17 2.999973152847153 60.745952582393066
0

0101000
+144 18 -141 18 *
Ve
0.000000100049894
-41.599999999983368 -108.358949889400279 0.000000000000000
0 0

0101101
*
Ed
 0.000000100000000 1 1 0
1  3 0 6.283182726025899 6.727805392114027
2  6 1 8 6.283182726025899 6.727805392114027
