
CASCADE Topology V1, (c) Matra-Datavision
Locations 128
1
1.000000000000000 0.000000000000000 0.000000000000000 0.000000000000000 
0.000000000000000 1.000000000000000 0.000000000000000 0.000000000000000 
0.000000000000000 0.000000000000000 1.000000000000000 0.000000000000000 
1
1.000000000000000 0.000000000000000 0.000000000000000 0.000000000000000 
0.000000000000000 1.000000000000000 0.000000000000000 0.000000000000000 
0.000000000000000 0.000000000000000 1.000000000000000 0.000000000000000 
1
1.000000000000000 0.000000000000000 0.000000000000000 0.000000000000000 
0.000000000000000 1.000000000000000 0.000000000000000 0.000000000000000 
0.000000000000000 0.000000000000000 1.000000000000000 0.000000000000000 
1
1.000000000000000 0.000000000000000 0.000000000000000 0.000000000000000 
0.000000000000000 1.000000000000000 0.000000000000000 0.000000000000000 
0.000000000000000 0.000000000000000 1.000000000000000 0.000000000000000 
1
1.000000000000000 0.000000000000000 0.000000000000000 0.000000000000000 
0.000000000000000 1.000000000000000 0.000000000000000 0.000000000000000 
0.000000000000000 0.000000000000000 1.000000000000000 0.000000000000000 
1
1.000000000000000 0.000000000000000 0.000000000000000 0.000000000000000 
0.000000000000000 1.000000000000000 0.000000000000000 0.000000000000000 
0.000000000000000 0.000000000000000 1.000000000000000 0.000000000000000 
1
1.000000000000000 0.000000000000000 0.000000000000000 0.000000000000000 
0.000000000000000 1.000000000000000 0.000000000000000 0.000000000000000 
0.000000000000000 0.000000000000000 1.000000000000000 0.000000000000000 
1
1.000000000000000 0.000000000000000 0.000000000000000 0.000000000000000 
0.000000000000000 1.000000000000000 0.000000000000000 0.000000000000000 
0.000000000000000 0.000000000000000 1.000000000000000 0.000000000000000 
1
1.000000000000000 0.000000000000000 0.000000000000000 0.000000000000000 
0.000000000000000 1.000000000000000 0.000000000000000 0.000000000000000 
0.000000000000000 0.000000000000000 1.000000000000000 0.000000000000000 
1
1.000000000000000 0.000000000000000 0.000000000000000 0.000000000000000 
0.000000000000000 1.000000000000000 0.000000000000000 0.000000000000000 
0.000000000000000 0.000000000000000 1.000000000000000 0.000000000000000 
1
1.000000000000000 0.000000000000000 0.000000000000000 0.000000000000000 
0.000000000000000 1.000000000000000 0.000000000000000 0.000000000000000 
0.000000000000000 0.000000000000000 1.000000000000000 0.000000000000000 
1
1.000000000000000 0.000000000000000 0.000000000000000 0.000000000000000 
0.000000000000000 1.000000000000000 0.000000000000000 0.000000000000000 
0.000000000000000 0.000000000000000 1.000000000000000 0.000000000000000 
1
1.000000000000000 0.000000000000000 0.000000000000000 0.000000000000000 
0.000000000000000 1.000000000000000 0.000000000000000 0.000000000000000 
0.000000000000000 0.000000000000000 1.000000000000000 0.000000000000000 
1
1.000000000000000 0.000000000000000 0.000000000000000 0.000000000000000 
0.000000000000000 1.000000000000000 0.000000000000000 0.000000000000000 
0.000000000000000 0.000000000000000 1.000000000000000 0.000000000000000 
2  3 1 4 1 5 1 6 -1 7 1 8 -1 9 1 10 -1 11 1 12 -1 13 1 14 -1 0
2  5 1 6 -1 7 1 8 -1 9 1 10 -1 11 1 12 -1 13 1 14 -1 0
2  3 1 4 1 0
1
1.000000000000000 0.000000000000000 0.000000000000000 0.000000000000000 
0.000000000000000 1.000000000000000 0.000000000000000 0.000000000000000 
0.000000000000000 0.000000000000000 1.000000000000000 0.000000000000000 
2  18 -1 2 -1 14 1 13 -1 12 1 11 -1 10 1 9 -1 8 1 7 -1 6 1 5 -1 0
1
0.722169641273486 0.532611570807279 -0.441356912107569 -0.292035267998157 
0.416944836789821 0.173942993736566 0.892132746851202 -0.140071279647005 
0.551931166267348 -0.828292671446612 -0.096453295073839 5.546590692209772 
2  20 1 3 1 4 1 5 1 6 -1 7 1 8 -1 9 1 10 -1 11 1 12 -1 13 1 14 -1 0
2  20 -1 0
2  18 -1 2 -1 14 1 13 -1 12 1 11 -1 10 1 9 -1 8 1 7 -1 6 1 5 -1 4 -1 3 -1 20 -1 0
2  11 1 12 -1 13 1 14 -1 0
2  3 1 4 1 5 1 6 -1 7 1 8 -1 9 1 10 -1 0
2  18 -1 2 -1 14 1 13 -1 12 1 11 -1 0
1
1.000000000000000 0.000000000000000 0.000000000000000 0.000000000000000 
0.000000000000000 1.000000000000000 0.000000000000000 0.000000000000000 
0.000000000000000 0.000000000000000 1.000000000000000 0.000000000000000 
1
1.000000000000000 0.000000000000000 0.000000000000000 0.000000000000000 
0.000000000000000 0.993288078374917 -0.115666734017457 0.000000000000000 
0.000000000000000 0.115666734017457 0.993288078374917 0.000000000000000 
1
1.000000000000000 0.000000000000000 0.000000000000000 0.000000000000000 
0.000000000000000 0.993288078374917 -0.115666734017457 0.000000000000000 
0.000000000000000 0.115666734017457 0.993288078374917 0.000000000000000 
1
1.000000000000000 0.000000000000000 0.000000000000000 0.000000000000000 
0.000000000000000 0.993288078374917 -0.115666734017457 0.000000000000000 
0.000000000000000 0.115666734017457 0.993288078374917 0.000000000000000 
2  27 1 28 1 29 -1 30 1 3 1 4 1 5 1 6 -1 7 1 8 -1 9 1 10 -1 11 1 12 -1 13 1 14 -1 0
2  30 -1 29 1 28 -1 27 -1 0
2  18 -1 2 -1 14 1 13 -1 12 1 11 -1 10 1 9 -1 8 1 7 -1 6 1 5 -1 4 -1 3 -1 30 -1 29 1 28 -1 27 -1 0
2  5 1 6 -1 7 1 8 -1 9 1 10 -1 11 1 12 -1 13 1 14 -1 2 1 0
2  13 1 14 -1 2 1 0
2  4 1 5 1 6 -1 7 1 8 -1 9 1 10 -1 11 1 12 -1 0
2  20 1 3 1 4 1 5 1 6 -1 7 1 8 -1 9 1 10 -1 11 1 12 -1 0
2  11 1 12 -1 0
1
1.000000000000000 0.000000000000000 0.000000000000000 -1.889530569913739 
0.000000000000000 1.000000000000000 0.000000000000000 3.228977330332622 
0.000000000000000 0.000000000000000 1.000000000000000 0.376009004987787 
1
0.722169641273486 0.532611570807279 -0.441356912107569 -0.292035267998131 
0.416944836789821 0.173942993736566 0.892132746851202 -0.140071279646975 
0.551931166267348 -0.828292671446612 -0.096453295073839 5.546590692209769 
2  39 1 40 1 5 1 6 -1 7 1 8 -1 9 1 10 -1 11 1 12 -1 0
2  40 -1 39 -1 0
2  18 -1 2 -1 14 1 13 -1 12 1 11 -1 10 1 9 -1 8 1 7 -1 6 1 5 -1 40 -1 39 -1 0
2  7 1 8 -1 9 1 10 -1 11 1 12 -1 0
2  18 -1 2 -1 14 1 13 -1 12 1 11 -1 10 1 9 -1 8 1 7 -1 0
1
0.722169641273486 0.532611570807279 -0.441356912107569 -0.292035267998157 
0.416944836789821 0.173942993736566 0.892132746851202 -0.140071279647005 
0.551931166267348 -0.828292671446612 -0.096453295073839 5.546590692209772 
2  46 1 3 1 4 1 5 1 6 -1 7 1 8 -1 9 1 10 -1 11 1 12 -1 0
2  18 -1 2 -1 14 1 13 -1 12 1 11 -1 10 1 9 -1 8 1 7 -1 6 1 5 -1 4 -1 3 -1 46 -1 0
2  18 -1 2 -1 14 1 13 -1 0
2  29 -1 30 1 3 1 4 1 5 1 6 -1 7 1 8 -1 9 1 10 -1 11 1 12 -1 13 1 14 -1 2 1 0
2  27 1 28 1 29 -1 30 1 3 1 4 1 5 1 6 -1 7 1 8 -1 9 1 10 -1 11 1 12 -1 13 1 14 -1 2 1 0
2  18 -1 0
1
1.000000000000000 0.000000000000000 0.000000000000000 0.000000000000000 
0.000000000000000 1.000000000000000 0.000000000000000 0.000000000000000 
0.000000000000000 0.000000000000000 1.000000000000000 0.000000000000000 
1
1.000000000000000 0.000000000000000 0.000000000000000 0.000000000000000 
0.000000000000000 0.993288078374917 -0.115666734017457 0.000000000000000 
0.000000000000000 0.115666734017457 0.993288078374917 0.000000000000000 
1
1.000000000000000 0.000000000000000 0.000000000000000 0.000000000000000 
0.000000000000000 1.000000000000000 0.000000000000000 0.000000000000000 
0.000000000000000 0.000000000000000 1.000000000000000 0.000000000000000 
2  53 1 54 1 14 -1 55 1 0
2  14 1 54 -1 53 -1 0
2  18 -1 55 -1 14 1 54 -1 53 -1 0
2  29 1 28 -1 27 -1 0
2  53 1 54 1 14 -1 2 1 0
2  18 -1 2 -1 14 1 54 -1 53 -1 0
2  9 1 10 -1 11 1 12 -1 13 1 14 -1 2 1 0
2  18 -1 2 -1 14 1 13 -1 12 1 11 -1 10 1 9 -1 0
2  7 1 8 -1 9 1 10 -1 11 1 12 -1 13 1 14 -1 2 1 0
2  5 1 6 -1 0
1
1.000000000000000 0.000000000000000 0.000000000000000 -0.250000000000000 
0.000000000000000 1.000000000000000 0.000000000000000 0.433012701892219 
0.000000000000000 0.000000000000000 1.000000000000000 0.000000000000001 
2  39 1 40 1 66 1 5 1 6 -1 0
2  66 -1 40 -1 39 -1 0
2  18 -1 2 -1 14 1 13 -1 12 1 11 -1 10 1 9 -1 8 1 7 -1 6 1 5 -1 66 -1 40 -1 39 -1 0
2  39 1 40 1 5 1 6 -1 0
2  11 1 12 -1 13 1 14 -1 2 1 0
1
1.000000000000000 0.000000000000000 0.000000000000000 0.000000000000000 
0.000000000000000 1.000000000000000 0.000000000000000 -0.000000000000000 
0.000000000000000 0.000000000000000 1.000000000000000 0.500000000000000 
2  27 1 28 1 29 -1 72 1 30 1 3 1 4 1 5 1 6 -1 7 1 8 -1 9 1 10 -1 0
2  30 -1 72 -1 29 1 28 -1 27 -1 0
2  18 -1 2 -1 14 1 13 -1 12 1 11 -1 10 1 9 -1 8 1 7 -1 6 1 5 -1 4 -1 3 -1 30 -1 72 -1 29 1 28 -1 27 -1 0
2  20 1 3 1 4 1 5 1 6 -1 7 1 8 -1 9 1 10 -1 0
2  5 1 6 -1 7 1 8 -1 9 1 10 -1 0
1
1.000000000000000 0.000000000000000 0.000000000000000 -0.000000000000000 
0.000000000000000 1.000000000000000 0.000000000000000 -0.057833367008729 
0.000000000000000 0.000000000000000 1.000000000000000 0.496644039187458 
2  78 -1 0
2  18 -1 2 -1 14 1 13 -1 12 1 11 -1 10 1 9 -1 8 1 7 -1 6 1 5 -1 78 -1 0
2  46 1 3 1 4 1 5 1 6 -1 7 1 8 -1 9 1 10 -1 0
1
1.000000000000000 0.000000000000000 0.000000000000000 0.000000000000000 
0.000000000000000 1.000000000000000 0.000000000000000 -0.057833367008727 
0.000000000000000 0.000000000000000 1.000000000000000 0.496644039187459 
2  82 1 46 1 3 1 4 1 5 1 6 -1 7 1 8 -1 9 1 10 -1 0
2  18 -1 2 -1 14 1 13 -1 12 1 11 -1 10 1 9 -1 8 1 7 -1 6 1 5 -1 4 -1 3 -1 46 -1 82 -1 0
2  7 1 8 -1 9 1 10 -1 0
2  39 1 40 1 66 1 5 1 6 -1 7 1 8 -1 9 1 10 -1 11 1 12 -1 0
2  82 1 46 1 3 1 4 1 5 1 6 -1 7 1 8 -1 9 1 10 -1 11 1 12 -1 0
2  3 1 4 1 5 1 6 -1 7 1 8 -1 9 1 10 -1 11 1 12 -1 13 1 14 -1 2 1 0
1
0.722169641273486 -0.532611570807279 0.441356912107569 0.292035267998169 
-0.416944836789821 0.173942993736566 0.892132746851202 -0.140071279646988 
-0.551931166267348 -0.828292671446612 -0.096453295073839 5.546590692209795 
2  89 1 3 1 4 1 5 1 6 -1 7 1 8 -1 9 1 10 -1 11 1 12 -1 13 1 14 -1 2 1 0
2  89 -1 0
2  18 -1 2 -1 14 1 13 -1 12 1 11 -1 10 1 9 -1 8 1 7 -1 6 1 5 -1 4 -1 3 -1 89 -1 0
2  30 1 3 1 4 1 5 1 6 -1 7 1 8 -1 9 1 10 -1 11 1 12 -1 13 1 14 -1 2 1 55 -1 0
2  18 -1 55 -1 0
2  30 1 3 1 4 1 5 1 6 -1 7 1 8 -1 9 1 10 -1 11 1 12 -1 13 1 14 -1 2 1 0
2  27 1 28 1 29 -1 72 1 30 1 3 1 4 1 5 1 6 -1 7 1 8 -1 9 1 10 -1 11 1 12 -1 13 1 14 -1 2 1 0
2  72 -1 29 1 28 -1 27 -1 0
2  18 -1 2 -1 14 1 13 -1 12 1 11 -1 10 1 9 -1 8 1 7 -1 6 1 5 -1 4 -1 3 -1 30 -1 0
2  27 1 28 1 29 -1 0
2  27 1 28 1 29 -1 72 1 0
2  30 1 3 1 4 1 5 1 6 -1 7 1 8 -1 9 1 10 -1 11 1 12 -1 13 1 14 -1 0
2  27 1 28 1 29 -1 72 1 30 1 3 1 4 1 5 1 6 -1 7 1 8 -1 9 1 10 -1 11 1 12 -1 13 1 14 -1 0
2  18 -1 2 -1 0
2  53 1 54 1 14 -1 0
2  29 -1 72 1 30 1 3 1 4 1 5 1 6 -1 7 1 8 -1 9 1 10 -1 11 1 12 -1 13 1 14 -1 2 1 0
2  78 1 5 1 6 -1 7 1 8 -1 9 1 10 -1 11 1 12 -1 13 1 14 -1 2 1 0
2  4 1 5 1 6 -1 7 1 8 -1 9 1 10 -1 11 1 12 -1 13 1 14 -1 2 1 0
1
1.000000000000000 0.000000000000000 0.000000000000000 0.000000000000000 
0.000000000000000 1.000000000000000 0.000000000000000 0.000000000000000 
0.000000000000000 0.000000000000000 1.000000000000000 0.000000000000000 
1
0.722169641273486 -0.532611570807279 0.441356912107569 0.292035267998169 
-0.416944836789821 0.173942993736566 0.892132746851202 -0.140071279646988 
-0.551931166267348 -0.828292671446612 -0.096453295073839 5.546590692209795 
2  109 1 3 1 4 1 5 1 6 -1 7 1 8 -1 9 1 10 -1 11 1 12 -1 13 1 14 -1 2 1 0
2  18 -1 2 -1 14 1 13 -1 12 1 11 -1 10 1 9 -1 8 1 7 -1 6 1 5 -1 4 -1 3 -1 109 -1 0
1
1.000000000000000 0.000000000000000 0.000000000000000 0.000000000000000 
0.000000000000000 1.000000000000000 0.000000000000000 0.000000000000000 
0.000000000000000 0.000000000000000 1.000000000000000 0.000000000000000 
1
1.000000000000000 0.000000000000000 0.000000000000000 1.889530569913742 
0.000000000000000 1.000000000000000 0.000000000000000 3.228977330332627 
0.000000000000000 0.000000000000000 1.000000000000000 0.376009004987787 
1
0.722169641273486 -0.532611570807279 0.441356912107569 0.292035267998131 
-0.416944836789821 0.173942993736566 0.892132746851202 -0.140071279646975 
-0.551931166267348 -0.828292671446612 -0.096453295073839 5.546590692209801 
2  113 1 114 1 5 1 6 -1 7 1 8 -1 9 1 10 -1 11 1 12 -1 13 1 14 -1 2 1 0
2  114 -1 113 -1 0
2  18 -1 2 -1 14 1 13 -1 12 1 11 -1 10 1 9 -1 8 1 7 -1 6 1 5 -1 114 -1 113 -1 0
1
1.000000000000000 0.000000000000000 0.000000000000000 0.000000000000000 
0.000000000000000 1.000000000000000 0.000000000000000 0.000000000000000 
0.000000000000000 0.000000000000000 1.000000000000000 0.000000000000000 
1
1.000000000000000 0.000000000000000 0.000000000000000 0.250000000000000 
0.000000000000000 1.000000000000000 0.000000000000000 0.433012701892219 
0.000000000000000 0.000000000000000 1.000000000000000 0.000000000000001 
2  113 1 114 1 119 1 5 1 6 -1 7 1 8 -1 9 1 10 -1 11 1 12 -1 13 1 14 -1 2 1 0
2  119 -1 114 -1 113 -1 0
2  18 -1 2 -1 14 1 13 -1 12 1 11 -1 10 1 9 -1 8 1 7 -1 6 1 5 -1 119 -1 114 -1 113 -1 0
2  18 -1 108 -1 0
1
1.000000000000000 0.000000000000000 0.000000000000000 0.000000000000057 
0.000000000000000 1.000000000000000 0.000000000000000 -0.057833367008755 
0.000000000000000 0.000000000000000 1.000000000000000 0.496644039187455 
2  124 1 109 1 3 1 4 1 5 1 6 -1 7 1 8 -1 9 1 10 -1 11 1 12 -1 13 1 14 -1 2 1 0
2  18 -1 2 -1 14 1 13 -1 12 1 11 -1 10 1 9 -1 8 1 7 -1 6 1 5 -1 4 -1 3 -1 109 -1 124 -1 0
2  18 -1 112 -1 0
2  18 -1 118 -1 0
Curve2ds 138
7 0 0  5 6 2  1.67113493755311904 335.85545952161623973  1.34830805997489045 335.61578893817551261  1.00847602729851360 335.49185735052606105  0.66265891025460810 335.49185735052515156  0.32282687757817691 335.61578893817551261  -0.00000000000003197 335.85545952161623973 
 0.00000000000000000 6 3.82444268201868542 6
1 3.82444268201868542 0.00000000000000000 -1.00000000000000000 0.00000000000000000 
1 1.67113493755309550 0.00000000000000000 0.00000000000000000 1.00000000000000000 
1 0.00000000000000000 0.94222248012512066 1.00000000000000000 0.00000000000000000 
1 0.00000000000000000 340.46054136575651228 -0.00000000000000000 -1.00000000000000000 
1 3.82444268201868542 0.00000000000000000 0.00000000000000000 1.00000000000000000 
7 0 0  1 2 2  -0.20781401505938213 0.00000000000000000  -0.20781401505938213 -0.49999999999999983 
 0.00000000000000000 2 1.00000000000000000 2
1 3.82444268201868542 1.00000000000000000 -1.00000000000000000 0.00000000000000000 
7 0 0  7 8 2  1.67113493755309639 4.60508184414027610  1.44054493993794042 4.77627511802642690  1.20104149765072066 4.89235483510265112  0.95975352846471651 4.95097995398418789  0.71138140908840342 4.95097995398691637  0.47009343990205821 4.89235483510083213  0.23058999761585333 4.77627511802649529  -0.00000000000005684 4.60508184414025035 
 0.00000000000000000 8 3.82444268201868542 8
7 0 0  1 2 2  0.00000000000000000 0.00000000000000000  0.00000000000000000 1.00000000000000000 
 0.00000000000000000 2 0.49999999999999989 2
1 5.43795968421742604 0.00000000000000000 0.00000000000000000 -1.00000000000000000 
1 -6.28318530717958623 0.00000000000000000 1.00000000000000000 0.00000000000000000 
1 0.00000000000000000 -0.00000000000000012 1.00000000000000000 -0.00000000000000016 
1 0.00000000000000000 -0.02471234748392966 1.00000000000000000 0.00000000000000000 
1 0.00000000000000000 -0.22471234748413582 1.00000000000000000 0.00000000000000000 
1 0.00000000000000000 -0.02471234748399542 1.00000000000000000 0.00000000000000000 
1 0.00000000000000000 -0.22471234748412039 1.00000000000000000 0.00000000000000000 
1 6.28318530717958623 -3.97528765251602945 -1.00000000000000000 0.00000000000000000 
1 6.28318530717958623 -3.97528765251600991 -1.00000000000000000 0.00000000000000000 
1 6.28318530717958623 -3.97528765251592731 -1.00000000000000000 0.00000000000000000 
1 6.28318530717958623 -3.97528765251589711 -1.00000000000000000 0.00000000000000000 
1 0.00000000000000000 340.46054136575645543 -0.00000000000000000 -1.00000000000000000 
1 0.00000000000000000 0.00000000000000000 1.00000000000000000 0.00000000000000000 
1 0.00000000000000000 0.00000000000000000 1.00000000000000000 0.00000000000000000 
1 0.00000000000000000 0.00000000000000000 1.00000000000000000 0.00000000000000000 
1 0.00000000000000000 0.00000000000000000 1.00000000000000000 0.00000000000000000 
1 0.00000000000000000 0.00000000000000000 1.00000000000000000 0.00000000000000000 
1 0.00000000000000000 0.00000000000000000 1.00000000000000000 0.00000000000000000 
1 0.00000000000000000 -670.99584322709381468 1.00000000000000000 0.00000000000000000 
1 0.00000000000000000 -670.99584322709381468 1.00000000000000000 0.00000000000000000 
1 6.28318530717958623 -670.99584322709381468 -1.00000000000000000 0.00000000000000000 
1 6.28318530717958623 -670.99584322709381468 -1.00000000000000000 0.00000000000000000 
1 -6.28318530717958623 -0.49999999999999983 1.00000000000000000 0.00000000000000000 
1 0.26966906583163602 -0.00000000000000017 0.00000000000000000 1.00000000000000000 
1 0.00000000000000000 -0.50000000000000011 1.00000000000000000 0.00000000000000000 
1 0.00000000000000000 0.00000000000000000 0.00000000000000000 1.00000000000000000 
1 6.28318530717958623 339.51831888563140183 -1.00000000000000000 0.00000000000000000 
1 1.67113493755309550 0.00000000000000000 0.00000000000000000 1.00000000000000000 
1 3.98681827655194354 0.00000000000000000 0.00000000000000000 -1.00000000000000000 
7 0 0  1 2 2  3.82444268201855797 0.00000000000000000  3.82444268201855797 1.00000000000000000 
 0.00000000000000000 2 0.49999999999999989 2
1 0.00000000000000000 -0.49999999999999989 1.00000000000000000 0.00000000000000000 
1 -0.00000000000000089 0.00000000000000000 0.00000000000000000 -1.00000000000000000 
1 1.57079632679488657 0.00000000000000000 0.00000000000000000 -1.00000000000000000 
1 0.00000000000000000 -0.52471234748397078 1.00000000000000000 0.00000000000000000 
1 -0.00000000000000100 0.00000000000000000 0.00000000000000000 -1.00000000000000000 
1 1.57079632679489567 0.00000000000000000 0.00000000000000000 -1.00000000000000000 
1 1.04719755119659808 0.00000000000000000 0.00000000000000000 -1.00000000000000000 
1 4.18879020478639141 0.00000000000000000 0.00000000000000000 -1.00000000000000000 
1 0.00000000000000000 -0.72471234748415003 1.00000000000000000 0.00000000000000000 
1 3.06709399070163791 -0.00000000000000251 0.00000000000000000 1.00000000000000000 
1 0.00000000000000000 -0.52471234748400997 1.00000000000000000 0.00000000000000000 
1 0.00000000000000000 -0.72471234748413516 1.00000000000000000 0.00000000000000000 
1 3.30821272181921966 -0.00000000000000986 0.00000000000000000 1.00000000000000000 
1 6.28318530717958623 -3.47528765251601346 -1.00000000000000000 0.00000000000000000 
1 0.00000000000000000 0.00000000000000000 0.00000000000000000 -1.00000000000000000 
1 6.28318530717958623 0.00000000000000000 0.00000000000000000 -1.00000000000000000 
1 6.28318530717958623 -3.47528765251599481 -1.00000000000000000 0.00000000000000000 
1 0.00000000000000000 0.00000000000000000 0.00000000000000000 -1.00000000000000000 
1 6.28318530717958623 0.00000000000000000 0.00000000000000000 -1.00000000000000000 
1 6.28318530717958623 -3.47528765251588645 -1.00000000000000000 0.00000000000000000 
1 0.00000000000000000 0.00000000000000000 0.00000000000000000 -1.00000000000000000 
1 6.28318530717958623 0.00000000000000000 0.00000000000000000 -1.00000000000000000 
1 6.28318530717958623 -3.47528765251588201 -1.00000000000000000 0.00000000000000000 
1 0.00000000000000000 0.00000000000000000 0.00000000000000000 -1.00000000000000000 
1 6.28318530717958623 0.00000000000000000 0.00000000000000000 -1.00000000000000000 
7 0 0  5 6 2  -0.00000000000004352 335.85545952161629657  0.32282687757814443 335.61578893817551261  0.66265891025461343 335.49185735052651580  1.00847602729847807 335.49185735052469681  1.34830805997483338 335.61578893817562630  1.67113493755305331 335.85545952161629657 
 0.00000000000000000 6 3.82444268201855797 6
1 3.82444268201855797 0.00000000000000000 -1.00000000000000000 0.00000000000000000 
1 1.67113493755309550 0.00000000000000000 0.00000000000000000 1.00000000000000000 
1 6.28318530717958623 0.94222248012499366 -1.00000000000000000 0.00000000000000000 
1 6.83744726853013063 0.00000000000000000 0.00000000000000000 -1.00000000000000000 
1 2.58733069223925050 0.00000000000007505 0.00000000000000000 -1.00000000000000000 
1 -0.00000000000000000 -0.50000000000007749 1.00000000000000000 0.00000000000000000 
1 5.63474060023121659 0.00000000000000000 0.00000000000000000 -1.00000000000000000 
1 0.00000000000000000 -0.49999999999999989 1.00000000000000000 0.00000000000000000 
1 1.87889017630276300 0.00000000000000000 0.00000000000000000 -1.00000000000000000 
1 1.87889017630276323 0.00000000000000000 0.00000000000000000 -1.00000000000000000 
1 1.26270247728703011 0.00000000000000000 0.00000000000000000 -1.00000000000000000 
1 1.26270247728702989 0.00000000000000000 0.00000000000000000 -1.00000000000000000 
1 0.00000000000000000 -0.49999999999999989 1.00000000000000000 0.00000000000000000 
1 0.00000000000000000 -0.49999999999999989 1.00000000000000000 0.00000000000000000 
1 0.55426196135054173 0.00000000000000488 0.00000000000000000 -1.00000000000000000 
1 6.83744726853013063 0.00000000000000000 0.00000000000000000 -1.00000000000000000 
1 12.56637061435917246 -0.50000000000001044 -1.00000000000000000 0.00000000000000000 
1 5.63474060023121659 0.00000000000000000 0.00000000000000000 -1.00000000000000000 
1 0.00000000000000000 -670.49584322709381468 1.00000000000000000 0.00000000000000000 
1 0.00000000000000000 0.00000000000000000 0.00000000000000000 -1.00000000000000000 
1 6.28318530717958623 0.00000000000000000 0.00000000000000000 -1.00000000000000000 
1 0.00000000000000000 -670.49584322709381468 1.00000000000000000 0.00000000000000000 
1 0.00000000000000000 0.00000000000000000 0.00000000000000000 -1.00000000000000000 
1 6.28318530717958623 0.00000000000000000 0.00000000000000000 -1.00000000000000000 
1 6.28318530717958623 -670.49584322709381468 -1.00000000000000000 0.00000000000000000 
1 0.00000000000000000 0.00000000000000000 0.00000000000000000 -1.00000000000000000 
1 6.28318530717958623 0.00000000000000000 0.00000000000000000 -1.00000000000000000 
1 6.28318530717958623 -670.49584322709381468 -1.00000000000000000 0.00000000000000000 
1 0.00000000000000000 0.00000000000000000 0.00000000000000000 -1.00000000000000000 
1 6.28318530717958623 0.00000000000000000 0.00000000000000000 -1.00000000000000000 
1 0.00000000000000000 0.00000000000000000 0.00000000000000000 1.00000000000000000 
1 3.82444268201855797 1.00000000000000000 -1.00000000000000000 0.00000000000000000 
7 0 0  7 8 2  -0.00000000000005507 4.60508184414023614  0.23058999761585586 4.77627511802653704  0.47009343990360009 4.89235483510333324  0.71138140908690417 4.95097995398191415  0.95975352846901529 4.95097995398737112  1.20104149765072776 4.89235483510060476  1.44054493993713439 4.77627511802651306  1.67113493755304710 4.60508184414026456 
 0.00000000000000000 8 3.82444268201855797 8
1 0.00000000000000000 0.00000000000000000 0.00000000000000000 1.00000000000000000 
7 0 0  1 2 2  3.34940666864918679 0.00000000000000000  3.34940666864918679 -0.49999999999999994 
 0.00000000000000000 2 1.00000000000000000 2
1 6.28318530717958623 -0.02471234748428568 -1.00000000000000000 0.00000000000000000 
1 6.28318530717958623 -0.02471234748403909 -1.00000000000000000 0.00000000000000000 
1 6.28318530717958623 -0.22471234748415084 -1.00000000000000000 0.00000000000000000 
1 6.28318530717958623 -0.22471234748416091 -1.00000000000000000 0.00000000000000000 
1 0.00000000000000000 0.00000000000000000 1.00000000000000000 0.00000000000000000 
1 0.00000000000000000 -3.97528765251595573 1.00000000000000000 0.00000000000000000 
1 0.00000000000000000 -3.97528765251569816 1.00000000000000000 0.00000000000000000 
1 0.00000000000000000 -3.97528765251585625 1.00000000000000000 0.00000000000000000 
1 0.00000000000000000 -3.97528765251559602 1.00000000000000000 0.00000000000000000 
1 0.00000000000000000 339.51831888563157236 1.00000000000000000 0.00000000000000000 
1 1.67113493755309550 0.00000000000000000 0.00000000000000000 1.00000000000000000 
1 0.00000000000000000 -0.49999999999999994 1.00000000000000000 0.00000000000000000 
1 2.87192358775817835 -0.00000000000000056 0.00000000000000000 1.00000000000000000 
1 -0.00000000000000089 0.00000000000000000 0.00000000000000000 -1.00000000000000000 
1 1.57079632679488657 0.00000000000000000 0.00000000000000000 -1.00000000000000000 
1 6.28318530717958623 -0.52471234748427753 -1.00000000000000000 0.00000000000000000 
1 1.57079632679489567 0.00000000000000000 0.00000000000000000 -1.00000000000000000 
1 3.06709399070304878 0.00000000000012305 0.00000000000000000 1.00000000000000000 
1 6.28318530717958623 -0.52471234748399254 -1.00000000000000000 0.00000000000000000 
1 3.30821272181923920 0.00000000000049536 0.00000000000000000 1.00000000000000000 
1 4.18879020478639141 0.00000000000000000 0.00000000000000000 -1.00000000000000000 
1 1.04719755119659808 0.00000000000000000 0.00000000000000000 -1.00000000000000000 
1 6.28318530717958623 -0.72471234748411373 -1.00000000000000000 0.00000000000000000 
1 6.28318530717958623 -0.72471234748412416 -1.00000000000000000 0.00000000000000000 
1 -0.00000000000000100 0.00000000000000000 0.00000000000000000 -1.00000000000000000 
1 0.00000000000000000 -3.47528765251599747 1.00000000000000000 0.00000000000000000 
1 0.00000000000000000 0.00000000000000000 0.00000000000000000 -1.00000000000000000 
1 6.28318530717958623 0.00000000000000000 0.00000000000000000 -1.00000000000000000 
1 0.00000000000000000 -3.47528765251568217 1.00000000000000000 0.00000000000000000 
1 0.00000000000000000 0.00000000000000000 0.00000000000000000 -1.00000000000000000 
1 6.28318530717958623 0.00000000000000000 0.00000000000000000 -1.00000000000000000 
1 0.00000000000000000 -3.47528765251589089 1.00000000000000000 0.00000000000000000 
1 0.00000000000000000 0.00000000000000000 0.00000000000000000 -1.00000000000000000 
1 6.28318530717958623 0.00000000000000000 0.00000000000000000 -1.00000000000000000 
1 0.00000000000000000 -3.47528765251558003 1.00000000000000000 0.00000000000000000 
1 0.00000000000000000 0.00000000000000000 0.00000000000000000 -1.00000000000000000 
1 6.28318530717958623 0.00000000000000000 0.00000000000000000 -1.00000000000000000 
Curves 138
7 0 0  3 52 50  5.23137503681929150 3.04887114668408454 3.12404715269876876  5.23972948404978567 3.05386862427618899 3.09711614465947749  5.25571168714097237 3.06449259456835899 3.04313107848816999  5.27771514258359176 3.08193698447449993 2.96184207173558223  5.29749871737310496 3.10130184713394819 2.88035443844805084  5.31504229465873834 3.12260199906246871 2.79877623744946780  5.33032832372520193 3.14584791953025844 2.71721716394087975  5.34334190631517369 3.17104567311390051 2.63578829859421138  5.35407085330853860 3.19819683289035783 2.55460183815108888  5.36250574020509863 3.22729842027273328 2.47377082191566799  5.36863995333612909 3.25834285784257860 2.39340885149866089  5.37246972862026873 3.29131793661248651 2.31362980577228594  5.37399418205205670 3.32620679774624106 2.23454755181423703  5.37321533186285194 3.36298792905358734 2.15627565297427370  5.37013811213636494 3.40163517641959467 2.07892707513621211  5.36477037775005527 3.44211777028612076 2.00261389229112119  5.35712290053789975 3.48440036722863455 1.92744699254583796  5.34720935661310381 3.52844310660461691 1.85353578570112432  5.33504630482797815 3.57420168217981615 1.78098791353587060  5.32065315638895164 3.62162742856944986 1.70990896393049785  5.30405213568512579 3.67066742226224907 1.64040218995310405  5.28526823242922195 3.72126459692685119 1.57256823501639875  5.26432914525021722 3.77335787263299371 1.50650486519186622  5.24126521691641223 3.82688229855419459 1.44230670974013764  5.21610936140689585 3.88176920865521158 1.38006501088330191  5.18889698308709146 3.93794638980620793 1.31986738380607616  5.15966588828093276 3.99533826170729700 1.26179758782847595  5.12845618956733151 4.05386606795179905 1.20593530964334517  5.09531020316217642 4.11344807750479013 1.15235595945789959  5.06027233977875213 4.17399979582559588 1.10113048081974818  5.02338898938899359 4.23543418481904510 1.05232517484502464  4.98470840033525064 4.29766189076075378 1.00600153949966109  4.94428055326712190 4.36059147930690028 0.96221612451485483  4.90215703040015072 4.42412967666891532 0.92102040244488315  4.85839088061273738 4.48818161600831989 0.88246065630007720  4.81303648091434333 4.55265108808706387 0.84657788411037549  4.76614939483196132 4.61744079519395179 0.81340772069597955  4.71778622827260019 4.68245260735819002 0.78298037684171318  4.66800448342740015 4.74758781985691414 0.75532059599119483  4.61686241128784491 4.81274741102470571 0.73044762849638678  4.56441886334626634 4.87783229937945872 0.70837522337799896  4.51073314305099871 4.94274359908975747 0.68911163747304727  4.45586485758495687 5.00738287282861005 0.67265966176800385  4.39987377051842188 5.07165238106742766 0.65901666464013697  4.34281965591727026 5.13545532693680506 0.64817465165619925  4.28476215432345153 5.19869609563689039 0.64012034150325681  4.22576063157403681 5.26128048806645232 0.63483525758075787  4.16587403930095856 5.32311594594593274 0.63229583460038796  4.10516078378440952 5.38411177483143266 0.63247354005220924  4.04367858053459273 5.44417933759046679 0.63533500771267981  4.00221800938058170 5.48357919452089604 0.63870535537747930  3.98137503681919513 5.50310149118894909 0.64082695676144397 
 0.00000000000000000 4 0.07804985065345837 1 0.15609970130690076 1 0.23414955196034271 1 0.31219940261378509 1 0.39024925326722748 1 0.46829910392066987 1 0.54634895457411181 1 0.62439880522755420 1 0.70244865588099614 1 0.78049850653443853 1 0.85854835718788136 1 0.93659820784132286 1 1.01464805849476569 1 1.09269790914820808 1 1.17074775980165002 1 1.24879761045509197 1 1.32684746110853391 1 1.40489731176197630 1 1.48294716241541824 1 1.56099701306886063 1 1.63904686372230302 1 1.71709671437574496 1 1.79514656502918690 1 1.87319641568262840 1 1.95124626633607079 1 2.02929611698951362 1 2.10734596764295601 1 2.18539581829639840 1 2.26344566894984034 1 2.34149551960328273 1 2.41954537025672467 1 2.49759522091016750 1 2.57564507156360945 1 2.65369492221705228 1 2.73174477287049422 1 2.80979462352393616 1 2.88784447417737899 1 2.96589432483082094 1 3.04394417548426377 1 3.12199402613770571 1 3.20004387679114854 1 3.27809372744459004 1 3.35614357809803199 1 3.43419342875147482 1 3.51224327940491632 1 3.59029313005835871 1 3.66834298071180109 1 3.74639283136524393 1 3.82444268201868542 4
1 294.34897061393320428 173.14691096157989136 20.16266794312426569 -0.86456118947926575 -0.49915463547675698 -0.05812572174401819 
2 293.53436162576213064 172.38742940793139269 22.59112077736084956 -0.86456118947926586 -0.49915463547675698 -0.05812572174401820 -0.00000000000000260 0.11566673401746183 -0.99328807837491628 0.50252756108117802 -0.85875832253539153 -0.10000096914531993 2.50000000000000622
1 0.00000000000000000 3.22610691872901256 0.00000000000000000 0.86456118947926575 0.50252756108117813 0.00000000000000000 
7 0 0  1 2 2  5.23137503681929150 3.04887114668408454 3.12404715269876876  4.98137503681929061 3.48188384857630950 3.12404715269873279 
 0.00000000000000000 2 1.00000000000000000 2
7 0 0  5 6 2  4.98137503681929061 3.48188384857630950 3.12404715269873279  5.22108597860116674 3.62028102534177476 2.49341780759862353  5.23453389132025215 3.92382897173099598 1.81881467784920159  4.96339670396103116 4.45617546192232883 1.28018000623877559  4.51304284303451375 5.01044178416304220 1.08683619652911201  3.98137503681920890 5.44526812418019368 1.13747099594890422 
 0.00000000000000000 6 3.82444268201868542 6
1 3.98137503681917870 5.50310149118890912 0.64082695676144152 -0.00000000000000000 -0.11566673401745742 0.99328807837491684 
1 293.56433339782563507 169.51798227265209107 46.78669832421216057 0.05033835164362725 0.02906286087201282 -0.99830927095351396 
2 0.00000000000005678 1.04450438517923772 0.12163078721155085 -0.00000000000000006 0.11566673401745753 -0.99328807837491684 1.00000000000000000 -0.00000000000000006 -0.00000000000000007 -0.00000000000000007 -0.99328807837491684 -0.11566673401745753 6.00000000000000000
1 294.78269127448095333 170.22140152070835484 42.03670957643006290 0.00000000000000103 -0.00000000000000201 1.00000000000000000 
2 0.00000000000005678 1.04450438517923772 0.12163078721155085 -0.00000000000000006 0.11566673401745753 -0.99328807837491684 1.00000000000000000 -0.00000000000000006 -0.00000000000000007 -0.00000000000000007 -0.99328807837491684 -0.11566673401745753 6.00000000000000000
2 292.61762776501990402 168.97140152070824115 87.50000000000004263 0.50000000000000011 -0.86602540378443871 -0.00000000000000019 0.86602540378443871 0.50000000000000011 0.00000000000000011 -0.00000000000000000 -0.00000000000000022 1.00000000000000000 2.50000000000000000
1 3.81224164597805926 2.22953410146581987 41.27197479480629028 -0.00000000000000103 0.00000000000000201 -1.00000000000000000 
1 221.83053403594502129 128.10245390107559160 90.00000000000002842 -0.86602540378443871 -0.49999999999999983 -0.00000000000000011 
2 0.28764382625793211 0.19460660146529307 21.09477759023361187 0.50000000000000011 -0.86602540378443871 -0.00000000000000019 0.86602540378443871 0.50000000000000011 0.00000000000000011 -0.00000000000000000 -0.00000000000000022 1.00000000000000000 4.06985500000114619
2 1.20007939155621668 0.72140152070826891 89.00000000000000000 0.50000000000000011 -0.86602540378443871 -0.00000000000000019 0.86602540378443871 0.50000000000000011 0.00000000000000011 -0.00000000000000000 -0.00000000000000022 1.00000000000000000 1.00000000000000000
2 3.81224164597804949 2.22953410146585185 28.14397322967382920 0.50000000000000011 -0.86602540378443871 -0.00000000000000019 0.86602540378443871 0.50000000000000011 0.00000000000000011 -0.00000000000000000 -0.00000000000000022 1.00000000000000000 4.06985500000114619
1 -0.91354388105204676 2.67701873629442977 0.31173435066019545 0.55193116626734762 -0.82829267144661134 -0.09645329507384121 
2 287.18331835627253668 165.83390152070825252 84.00000000000000000 -0.49999999999999989 0.86602540378443882 -0.00000000000000014 0.86602540378443882 0.49999999999999989 0.00000000000000000 0.00000000000000007 -0.00000000000000012 -1.00000000000000000 1.69999999999999996
2 12.43675900565930803 7.20890152070827916 84.00000000000000000 -0.49999999999999989 0.86602540378443882 -0.00000000000000014 0.86602540378443882 0.49999999999999989 0.00000000000000000 0.00000000000000007 -0.00000000000000012 -1.00000000000000000 1.69999999999999996
2 287.18331835627247983 165.83390152070833778 34.00000000000000000 -0.49999999999999989 0.86602540378443882 -0.00000000000000014 0.86602540378443882 0.49999999999999989 0.00000000000000000 0.00000000000000007 -0.00000000000000012 -1.00000000000000000 1.69999999999999996
2 12.43675900565925119 7.20890152070837686 34.00000000000000000 -0.49999999999999989 0.86602540378443882 -0.00000000000000014 0.86602540378443882 0.49999999999999989 0.00000000000000000 0.00000000000000007 -0.00000000000000012 -1.00000000000000000 1.69999999999999996
1 0.00000000000000000 3.22610691872901256 0.00000000000000000 -0.86456118947926575 0.50252756108117824 0.00000000000000000 
1 -262.18158214084257907 226.25467315355115261 26.34697795092295536 -0.50252756108117869 -0.85875832253539186 -0.10000096914531480 
2 -292.28857275333865573 174.83579706567689982 -0.00000000000007197 0.00000000000000025 -0.00000000000000000 -1.00000000000000000 -1.00000000000000000 0.00000000000000019 -0.00000000000000025 0.00000000000000019 1.00000000000000000 0.00000000000000000 1.50000000000000000
2 -246.79810519257358692 146.67789655617539779 0.00000000000000000 0.00000000000000000 0.00000000000000000 1.00000000000000000 1.00000000000000000 0.00000000000000000 -0.00000000000000000 -0.00000000000000000 1.00000000000000000 0.00000000000000000 54.99999999999997158
2 0.00000000000000000 -628.86305465254440605 0.00000000000000000 0.00000000000000000 0.00000000000000000 1.00000000000000000 1.00000000000000000 0.00000000000000000 -0.00000000000000000 -0.00000000000000000 1.00000000000000000 0.00000000000000000 868.86305465254429237
2 246.79810519257358692 146.67789655617539779 0.00000000000000000 0.00000000000000000 0.00000000000000000 1.00000000000000000 1.00000000000000000 0.00000000000000000 -0.00000000000000000 -0.00000000000000000 1.00000000000000000 0.00000000000000000 55.00000000000000000
2 292.28857275333871257 174.83579706567681455 0.00000000000000000 0.00000000000000000 0.00000000000000000 1.00000000000000000 1.00000000000000000 0.00000000000000000 -0.00000000000000000 -0.00000000000000000 1.00000000000000000 0.00000000000000000 1.50000000000000000
1 293.48410886965393729 172.76247207522857252 20.11790067833808138 0.50252756108163987 -0.85875832253512563 -0.10000096914528374 
2 0.00000000000005684 1.04450438517923772 0.12163078721155074 0.00000000000000000 0.11566673401745742 -0.99328807837491684 1.00000000000000000 -0.00000000000000000 0.00000000000000000 0.00000000000000000 -0.99328807837491684 -0.11566673401745742 6.00000000000000000
2 261.29373190312395536 192.01240872838866380 22.35952357826943171 0.00000000000000000 -0.11566673401745735 0.99328807837491684 1.00000000000000000 0.00000000000000000 0.00000000000000000 -0.00000000000000000 0.99328807837491684 0.11566673401745735 1.69999999999999996
2 88.30398697986225898 227.33947275119822962 26.47330104817444862 0.00000000000000000 -0.11566673401745735 0.99328807837491684 1.00000000000000000 0.00000000000000000 0.00000000000000000 -0.00000000000000000 0.99328807837491684 0.11566673401745735 1.69999999999999996
2 -261.29373190312395536 192.01240872838866380 22.35952357826943171 0.00000000000000000 -0.11566673401745735 0.99328807837491684 -1.00000000000000000 0.00000000000000000 0.00000000000000000 -0.00000000000000000 -0.99328807837491684 -0.11566673401745735 1.69999999999999996
2 -88.30398697986225898 227.33947275119822962 26.47330104817444862 0.00000000000000000 -0.11566673401745735 0.99328807837491684 -1.00000000000000000 0.00000000000000000 0.00000000000000000 -0.00000000000000000 -0.99328807837491684 -0.11566673401745735 1.69999999999999996
2 0.00000000000005678 1.04450438517923772 0.12163078721155085 -0.00000000000000006 0.11566673401745753 -0.99328807837491684 1.00000000000000000 -0.00000000000000006 -0.00000000000000007 -0.00000000000000007 -0.99328807837491684 -0.11566673401745753 6.00000000000000000
1 3.81224164597801662 2.22953410146591446 5.44086228945929129 0.50000000000000000 -0.86602540378443871 -0.00000000000000244 
2 0.00000000000005678 1.04450438517923772 0.12163078721155085 -0.00000000000000006 0.11566673401745753 -0.99328807837491684 1.00000000000000000 -0.00000000000000006 -0.00000000000000007 -0.00000000000000007 -0.99328807837491684 -0.11566673401745753 6.00000000000000000
1 0.00000000000000000 3.22610691872901256 0.00000000000000000 0.86456118947926575 0.50252756108117813 0.00000000000000000 
2 293.53436162576213064 172.38742940793139269 22.59112077736084956 0.86456118947926575 0.49915463547675698 0.05812572174401819 0.00000000000000189 0.11566673401745417 -0.99328807837491717 -0.50252756108117813 0.85875832253539264 0.10000096914531108 2.00000000000000000
1 -0.00000000000000024 3.14662017492763768 0.86979729006796647 0.86456118947926575 0.49915463547675698 0.05812572174401819 
1 -3.98137503681910854 5.50310149118887004 0.64082695676143708 -0.00000000000000000 -0.11566673401745742 0.99328807837491684 
2 0.00000000000005684 1.04450438517923772 0.12163078721155074 0.00000000000000000 0.11566673401745742 -0.99328807837491684 1.00000000000000000 -0.00000000000000000 0.00000000000000000 0.00000000000000000 -0.99328807837491684 -0.11566673401745742 6.00000000000000000
1 294.79504744822298790 170.20000000000001705 87.50000000000004263 -0.50000000000000000 0.86602540378443871 0.00000000000000010 
1 294.53269127448095333 170.65441422260062154 42.03670957643007000 -0.00000000000000103 0.00000000000000201 -1.00000000000000000 
