
CASCADE Topology V1, (c) Matra-Datavision
Locations 990
1
0.000000000000000 1.000000000000000 0.000000000000000 0.000000000000000 
-1.000000000000000 0.000000000000000 -0.000000000000000 0.000000000000000 
-0.000000000000000 0.000000000000000 1.000000000000000 -40.100000000000001 
1
1.000000000000000 0.000000000000000 0.000000000000000 0.000000000000000 
0.000000000000000 1.000000000000000 0.000000000000000 0.000000000000000 
0.000000000000000 0.000000000000000 1.000000000000000 0.000000000000000 
1
1.000000000000000 0.000000000000000 0.000000000000000 0.000000000000000 
0.000000000000000 1.000000000000000 0.000000000000000 0.000000000000000 
0.000000000000000 0.000000000000000 1.000000000000000 0.000000000000000 
1
1.000000000000000 0.000000000000000 0.000000000000000 0.000000000000000 
0.000000000000000 1.000000000000000 0.000000000000000 0.000000000000000 
0.000000000000000 0.000000000000000 1.000000000000000 0.000000000000000 
1
1.000000000000000 0.000000000000000 0.000000000000000 0.000000000000000 
0.000000000000000 1.000000000000000 0.000000000000000 0.000000000000000 
0.000000000000000 0.000000000000000 1.000000000000000 0.000000000000000 
1
1.000000000000000 0.000000000000000 0.000000000000000 0.000000000000000 
0.000000000000000 1.000000000000000 0.000000000000000 0.000000000000000 
0.000000000000000 0.000000000000000 1.000000000000000 0.000000000000000 
1
1.000000000000000 0.000000000000000 0.000000000000000 0.000000000000000 
0.000000000000000 1.000000000000000 0.000000000000000 0.000000000000000 
0.000000000000000 0.000000000000000 1.000000000000000 0.000000000000000 
2  2 1 3 -1 4 1 5 1 6 -1 7 1 0
1
1.000000000000000 0.000000000000000 0.000000000000000 0.000000000000000 
0.000000000000000 1.000000000000000 0.000000000000000 0.000000000000000 
0.000000000000000 0.000000000000000 1.000000000000000 0.000000000000000 
1
1.000000000000000 0.000000000000000 0.000000000000000 0.000000000000000 
0.000000000000000 1.000000000000000 0.000000000000000 0.000000000000000 
0.000000000000000 0.000000000000000 1.000000000000000 0.000000000000000 
1
1.000000000000000 0.000000000000000 0.000000000000000 0.000000000000000 
0.000000000000000 1.000000000000000 0.000000000000000 0.000000000000000 
0.000000000000000 0.000000000000000 1.000000000000000 0.000000000000000 
1
1.000000000000000 0.000000000000000 0.000000000000000 0.000000000000000 
0.000000000000000 1.000000000000000 0.000000000000000 0.000000000000000 
0.000000000000000 0.000000000000000 1.000000000000000 0.000000000000000 
2  9 1 10 -1 11 1 12 -1 0
2  7 -1 6 1 5 -1 4 -1 3 1 2 -1 0
2  9 1 10 -1 11 1 12 -1 2 1 3 -1 4 1 5 1 6 -1 7 1 0
1
1.000000000000000 0.000000000000000 0.000000000000000 0.000000000000000 
0.000000000000000 1.000000000000000 0.000000000000000 -144.530061367894746 
0.000000000000000 0.000000000000000 1.000000000000000 0.000000000000000 
2  16 1 2 1 3 -1 4 1 5 1 6 -1 7 1 0
1
0.184998856338741 -0.388296638527942 -0.902774137678555 -43.093450787341105 
-0.388296638527942 0.815001143661259 -0.430114933870868 -20.531311168624114 
0.902774137678555 0.430114933870868 -0.000000000000000 127.734476419710077 
1
1.000000000000000 0.000000000000000 0.000000000000000 -0.000000000000000 
0.000000000000000 1.000000000000000 0.000000000000000 -0.000000000000000 
0.000000000000000 0.000000000000000 1.000000000000000 0.298451302091007 
1
0.430114933870869 -0.902774137678555 0.000000000000000 -162.760552736541939 
0.902774137678555 0.430114933870869 0.000000000000000 -82.365523580290088 
0.000000000000000 0.000000000000000 1.000000000000000 0.000000000000000 
1
1.000000000000000 0.000000000000000 0.000000000000000 -0.213973485949899 
0.000000000000000 1.000000000000000 0.000000000000000 0.000000000000000 
0.000000000000000 0.000000000000000 1.000000000000000 0.000000000000000 
1
1.000000000000000 0.000000000000000 0.000000000000000 0.000000000000000 
0.000000000000000 -0.000000000000001 1.000000000000000 -210.100000000000421 
0.000000000000000 -1.000000000000000 -0.000000000000001 -130.100000000000165 
1
1.000000000000000 0.000000000000000 0.000000000000000 -0.000000000000000 
0.000000000000000 1.000000000000000 0.000000000000000 -0.298451302091027 
0.000000000000000 0.000000000000000 1.000000000000000 0.000000000000000 
2  9 1 10 -1 11 1 12 -1 2 1 3 -1 4 1 5 1 6 -1 7 1 18 1 19 1 20 1 21 1 22 1 23 1 0
1
0.184998856338741 -0.388296638527942 -0.902774137678555 -43.093450787341105 
-0.388296638527942 0.815001143661259 -0.430114933870868 -20.531311168624114 
0.902774137678555 0.430114933870868 -0.000000000000000 127.734476419710077 
1
1.000000000000000 0.000000000000000 0.000000000000000 -0.000000000000000 
0.000000000000000 1.000000000000000 0.000000000000000 -0.000000000000000 
0.000000000000000 0.000000000000000 1.000000000000000 0.298451302091007 
1
0.430114933870869 -0.902774137678555 0.000000000000000 -162.760552736541939 
0.902774137678555 0.430114933870869 0.000000000000000 -82.365523580290088 
0.000000000000000 0.000000000000000 1.000000000000000 0.000000000000000 
1
1.000000000000000 0.000000000000000 0.000000000000000 -0.213973485949899 
0.000000000000000 1.000000000000000 0.000000000000000 0.000000000000000 
0.000000000000000 0.000000000000000 1.000000000000000 0.000000000000000 
1
1.000000000000000 0.000000000000000 0.000000000000000 0.000000000000000 
0.000000000000000 -0.000000000000001 1.000000000000000 -210.100000000000421 
0.000000000000000 -1.000000000000000 -0.000000000000001 -130.100000000000165 
1
1.000000000000000 0.000000000000000 0.000000000000000 -0.000000000000000 
0.000000000000000 1.000000000000000 0.000000000000000 -0.298451302091027 
0.000000000000000 0.000000000000000 1.000000000000000 0.000000000000000 
2  9 1 10 -1 11 1 12 -1 2 1 3 -1 4 1 5 1 6 -1 7 1 25 1 26 1 27 1 28 1 29 1 30 1 0
1
0.184998856338741 0.388296638527942 0.902774137678555 43.093450787341105 
0.388296638527942 0.815001143661259 -0.430114933870868 -20.531311168624114 
-0.902774137678555 0.430114933870868 -0.000000000000000 127.734476419710077 
1
1.000000000000000 0.000000000000000 0.000000000000000 0.000000000000000 
0.000000000000000 1.000000000000000 0.000000000000000 0.000000000000000 
0.000000000000000 0.000000000000000 1.000000000000000 0.298451302091007 
1
0.430114933870868 0.902774137678555 0.000000000000000 162.760552736542053 
-0.902774137678555 0.430114933870868 0.000000000000000 -82.365523580290272 
0.000000000000000 0.000000000000000 1.000000000000000 0.000000000000000 
1
1.000000000000000 0.000000000000000 0.000000000000000 0.213973485949899 
0.000000000000000 1.000000000000000 0.000000000000000 -0.000000000000000 
0.000000000000000 0.000000000000000 1.000000000000000 0.000000000000000 
1
1.000000000000000 0.000000000000000 0.000000000000000 0.000000000000000 
0.000000000000000 -0.000000000000001 1.000000000000000 -210.100000000000421 
0.000000000000000 -1.000000000000000 -0.000000000000001 -130.100000000000165 
1
1.000000000000000 0.000000000000000 0.000000000000000 -0.000000000000000 
0.000000000000000 1.000000000000000 0.000000000000000 -0.298451302091027 
0.000000000000000 0.000000000000000 1.000000000000000 0.000000000000000 
2  9 1 10 -1 11 1 12 -1 2 1 3 -1 4 1 5 1 6 -1 7 1 32 1 33 1 34 1 35 1 36 1 37 1 0
1
0.184998856338741 0.388296638527942 0.902774137678555 43.093450787341105 
0.388296638527942 0.815001143661259 -0.430114933870868 -20.531311168624114 
-0.902774137678555 0.430114933870868 -0.000000000000000 127.734476419710077 
1
1.000000000000000 0.000000000000000 0.000000000000000 0.000000000000000 
0.000000000000000 1.000000000000000 0.000000000000000 0.000000000000000 
0.000000000000000 0.000000000000000 1.000000000000000 0.298451302091007 
1
0.430114933870868 0.902774137678555 0.000000000000000 162.760552736542053 
-0.902774137678555 0.430114933870868 0.000000000000000 -82.365523580290272 
0.000000000000000 0.000000000000000 1.000000000000000 0.000000000000000 
1
1.000000000000000 0.000000000000000 0.000000000000000 0.213973485949899 
0.000000000000000 1.000000000000000 0.000000000000000 -0.000000000000000 
0.000000000000000 0.000000000000000 1.000000000000000 0.000000000000000 
1
1.000000000000000 0.000000000000000 0.000000000000000 0.000000000000000 
0.000000000000000 -0.000000000000001 1.000000000000000 -210.100000000000421 
0.000000000000000 -1.000000000000000 -0.000000000000001 -130.100000000000165 
1
1.000000000000000 0.000000000000000 0.000000000000000 -0.000000000000000 
0.000000000000000 1.000000000000000 0.000000000000000 -0.298451302091027 
0.000000000000000 0.000000000000000 1.000000000000000 0.000000000000000 
2  9 1 10 -1 11 1 12 -1 2 1 3 -1 4 1 5 1 6 -1 7 1 39 1 40 1 41 1 42 1 43 1 44 1 0
1
0.184998856338741 0.388296638527942 0.902774137678555 43.093450787341105 
0.388296638527942 0.815001143661259 -0.430114933870868 -20.531311168624114 
-0.902774137678555 0.430114933870868 -0.000000000000000 127.734476419710077 
1
1.000000000000000 0.000000000000000 0.000000000000000 0.000000000000000 
0.000000000000000 1.000000000000000 0.000000000000000 0.000000000000000 
0.000000000000000 0.000000000000000 1.000000000000000 0.298451302091007 
1
0.430114933870868 0.902774137678555 0.000000000000000 162.760552736542053 
-0.902774137678555 0.430114933870868 0.000000000000000 -82.365523580290272 
0.000000000000000 0.000000000000000 1.000000000000000 0.000000000000000 
1
1.000000000000000 0.000000000000000 0.000000000000000 0.213973485949899 
0.000000000000000 1.000000000000000 0.000000000000000 -0.000000000000000 
0.000000000000000 0.000000000000000 1.000000000000000 0.000000000000000 
1
1.000000000000000 0.000000000000000 0.000000000000000 0.000000000000000 
0.000000000000000 -0.000000000000001 1.000000000000000 -210.100000000000421 
0.000000000000000 -1.000000000000000 -0.000000000000001 -130.100000000000165 
1
1.000000000000000 0.000000000000000 0.000000000000000 -0.000000000000000 
0.000000000000000 1.000000000000000 0.000000000000000 -0.298451302091027 
0.000000000000000 0.000000000000000 1.000000000000000 0.000000000000000 
2  9 1 10 -1 11 1 12 -1 2 1 3 -1 4 1 5 1 6 -1 7 1 46 1 47 1 48 1 49 1 50 1 51 1 0
1
0.184998856338741 0.388296638527942 0.902774137678555 43.093450787341105 
0.388296638527942 0.815001143661259 -0.430114933870868 -20.531311168624114 
-0.902774137678555 0.430114933870868 -0.000000000000000 127.734476419710077 
1
1.000000000000000 0.000000000000000 0.000000000000000 0.000000000000000 
0.000000000000000 1.000000000000000 0.000000000000000 0.000000000000000 
0.000000000000000 0.000000000000000 1.000000000000000 0.298451302091007 
1
0.430114933870868 0.902774137678555 0.000000000000000 162.760552736542053 
-0.902774137678555 0.430114933870868 0.000000000000000 -82.365523580290272 
0.000000000000000 0.000000000000000 1.000000000000000 0.000000000000000 
1
1.000000000000000 0.000000000000000 0.000000000000000 0.213973485949899 
0.000000000000000 1.000000000000000 0.000000000000000 -0.000000000000000 
0.000000000000000 0.000000000000000 1.000000000000000 0.000000000000000 
1
1.000000000000000 0.000000000000000 0.000000000000000 0.000000000000000 
0.000000000000000 -0.000000000000001 1.000000000000000 -210.100000000000421 
0.000000000000000 -1.000000000000000 -0.000000000000001 -130.100000000000165 
1
1.000000000000000 0.000000000000000 0.000000000000000 -0.000000000000000 
0.000000000000000 1.000000000000000 0.000000000000000 -0.298451302091027 
0.000000000000000 0.000000000000000 1.000000000000000 0.000000000000000 
2  16 1 2 1 3 -1 4 1 5 1 6 -1 7 1 53 1 54 1 55 1 56 1 57 1 58 1 0
1
0.184998856338741 0.388296638527942 0.902774137678555 43.093450787341105 
0.388296638527942 0.815001143661259 -0.430114933870868 -20.531311168624114 
-0.902774137678555 0.430114933870868 -0.000000000000000 127.734476419710077 
1
1.000000000000000 0.000000000000000 0.000000000000000 0.000000000000000 
0.000000000000000 1.000000000000000 0.000000000000000 0.000000000000000 
0.000000000000000 0.000000000000000 1.000000000000000 0.298451302091007 
1
0.430114933870868 0.902774137678555 0.000000000000000 162.760552736542053 
-0.902774137678555 0.430114933870868 0.000000000000000 -82.365523580290272 
0.000000000000000 0.000000000000000 1.000000000000000 0.000000000000000 
1
1.000000000000000 0.000000000000000 0.000000000000000 0.213973485949899 
0.000000000000000 1.000000000000000 0.000000000000000 -0.000000000000000 
0.000000000000000 0.000000000000000 1.000000000000000 0.000000000000000 
1
1.000000000000000 0.000000000000000 0.000000000000000 0.000000000000000 
0.000000000000000 -0.000000000000001 1.000000000000000 -210.100000000000421 
0.000000000000000 -1.000000000000000 -0.000000000000001 -130.100000000000165 
1
1.000000000000000 0.000000000000000 0.000000000000000 -0.000000000000000 
0.000000000000000 1.000000000000000 0.000000000000000 -0.298451302091027 
0.000000000000000 0.000000000000000 1.000000000000000 0.000000000000000 
2  9 1 10 -1 11 1 12 -1 2 1 3 -1 4 1 5 1 6 -1 7 1 60 1 61 1 62 1 63 1 64 1 65 1 0
1
1.000000000000000 0.000000000000000 0.000000000000000 0.000000000000024 
0.000000000000000 1.000000000000000 0.000000000000000 -101.215914611281207 
0.000000000000000 0.000000000000000 1.000000000000000 0.000000000000000 
1
0.184998856338741 0.388296638527942 0.902774137678555 43.093450787341105 
0.388296638527942 0.815001143661259 -0.430114933870868 -20.531311168624114 
-0.902774137678555 0.430114933870868 -0.000000000000000 127.734476419710077 
1
1.000000000000000 0.000000000000000 0.000000000000000 0.000000000000000 
0.000000000000000 1.000000000000000 0.000000000000000 0.000000000000000 
0.000000000000000 0.000000000000000 1.000000000000000 0.298451302091007 
1
0.430114933870868 0.902774137678555 0.000000000000000 162.760552736542053 
-0.902774137678555 0.430114933870868 0.000000000000000 -82.365523580290272 
0.000000000000000 0.000000000000000 1.000000000000000 0.000000000000000 
1
1.000000000000000 0.000000000000000 0.000000000000000 0.213973485949899 
0.000000000000000 1.000000000000000 0.000000000000000 -0.000000000000000 
0.000000000000000 0.000000000000000 1.000000000000000 0.000000000000000 
1
1.000000000000000 0.000000000000000 0.000000000000000 0.000000000000000 
0.000000000000000 -0.000000000000001 1.000000000000000 -210.100000000000421 
0.000000000000000 -1.000000000000000 -0.000000000000001 -130.100000000000165 
1
1.000000000000000 0.000000000000000 0.000000000000000 -0.000000000000000 
0.000000000000000 1.000000000000000 0.000000000000000 -0.298451302091027 
0.000000000000000 0.000000000000000 1.000000000000000 0.000000000000000 
2  67 1 2 1 3 -1 4 1 5 1 6 -1 7 1 68 1 69 1 70 1 71 1 72 1 73 1 0
1
0.184998856338741 0.388296638527942 0.902774137678555 43.093450787341105 
0.388296638527942 0.815001143661259 -0.430114933870868 -20.531311168624114 
-0.902774137678555 0.430114933870868 -0.000000000000000 127.734476419710077 
1
1.000000000000000 0.000000000000000 0.000000000000000 0.000000000000000 
0.000000000000000 1.000000000000000 0.000000000000000 0.000000000000000 
0.000000000000000 0.000000000000000 1.000000000000000 0.298451302091007 
1
0.430114933870868 0.902774137678555 0.000000000000000 162.760552736542053 
-0.902774137678555 0.430114933870868 0.000000000000000 -82.365523580290272 
0.000000000000000 0.000000000000000 1.000000000000000 0.000000000000000 
1
1.000000000000000 0.000000000000000 0.000000000000000 0.213973485949899 
0.000000000000000 1.000000000000000 0.000000000000000 -0.000000000000000 
0.000000000000000 0.000000000000000 1.000000000000000 0.000000000000000 
1
1.000000000000000 0.000000000000000 0.000000000000000 0.000000000000000 
0.000000000000000 -0.000000000000001 1.000000000000000 -210.100000000000421 
0.000000000000000 -1.000000000000000 -0.000000000000001 -130.100000000000165 
1
1.000000000000000 0.000000000000000 0.000000000000000 -0.000000000000000 
0.000000000000000 1.000000000000000 0.000000000000000 -0.298451302091027 
0.000000000000000 0.000000000000000 1.000000000000000 0.000000000000000 
2  9 1 10 -1 11 1 12 -1 2 1 3 -1 4 1 5 1 6 -1 7 1 75 1 76 1 77 1 78 1 79 1 80 1 0
1
0.000000000000000 0.000000000000000 1.000000000000000 4.199999999999427 
0.000000000000000 1.000000000000000 0.000000000000000 0.000000000000000 
-1.000000000000000 0.000000000000000 0.000000000000000 84.199999999999420 
1
1.000000000000000 0.000000000000000 0.000000000000000 -0.000000000000000 
0.000000000000000 1.000000000000000 0.000000000000000 0.000000000000000 
0.000000000000000 0.000000000000000 1.000000000000000 0.298451302090993 
1
0.902774137678555 0.430114933870868 0.000000000000000 52.129242648926336 
-0.430114933870868 0.902774137678555 0.000000000000000 8.198868215928186 
0.000000000000000 0.000000000000000 1.000000000000000 0.000000000000000 
1
1.000000000000000 0.000000000000000 0.000000000000000 0.036335170303088 
0.000000000000000 1.000000000000000 0.000000000000000 0.076264387619756 
0.000000000000000 0.000000000000000 1.000000000000000 -0.000000000000000 
1
0.430114933870868 0.902774137678555 0.000000000000000 162.760552736542053 
-0.902774137678555 0.430114933870868 0.000000000000000 -82.365523580290272 
0.000000000000000 0.000000000000000 1.000000000000000 0.000000000000000 
1
1.000000000000000 0.000000000000000 0.000000000000000 0.213973485949899 
0.000000000000000 1.000000000000000 0.000000000000000 -0.000000000000000 
0.000000000000000 0.000000000000000 1.000000000000000 0.000000000000000 
1
1.000000000000000 0.000000000000000 0.000000000000000 0.000000000000000 
0.000000000000000 -0.000000000000001 1.000000000000000 -210.100000000000421 
0.000000000000000 -1.000000000000000 -0.000000000000001 -130.100000000000165 
1
1.000000000000000 0.000000000000000 0.000000000000000 -0.000000000000000 
0.000000000000000 1.000000000000000 0.000000000000000 -0.298451302091027 
0.000000000000000 0.000000000000000 1.000000000000000 0.000000000000000 
2  9 1 10 -1 11 1 12 -1 2 1 3 -1 4 1 5 1 6 -1 7 1 82 1 83 1 84 1 85 1 86 1 87 1 88 1 89 1 0
1
0.000000000000000 0.000000000000000 1.000000000000000 4.199999999999427 
0.000000000000000 1.000000000000000 0.000000000000000 0.000000000000000 
-1.000000000000000 0.000000000000000 0.000000000000000 84.199999999999420 
1
1.000000000000000 0.000000000000000 0.000000000000000 -0.000000000000000 
0.000000000000000 1.000000000000000 0.000000000000000 0.000000000000000 
0.000000000000000 0.000000000000000 1.000000000000000 0.298451302090993 
1
0.902774137678555 0.430114933870868 0.000000000000000 52.129242648926336 
-0.430114933870868 0.902774137678555 0.000000000000000 8.198868215928186 
0.000000000000000 0.000000000000000 1.000000000000000 0.000000000000000 
1
1.000000000000000 0.000000000000000 0.000000000000000 0.036335170303088 
0.000000000000000 1.000000000000000 0.000000000000000 0.076264387619756 
0.000000000000000 0.000000000000000 1.000000000000000 -0.000000000000000 
1
0.430114933870868 0.902774137678555 0.000000000000000 162.760552736542053 
-0.902774137678555 0.430114933870868 0.000000000000000 -82.365523580290272 
0.000000000000000 0.000000000000000 1.000000000000000 0.000000000000000 
1
1.000000000000000 0.000000000000000 0.000000000000000 0.213973485949899 
0.000000000000000 1.000000000000000 0.000000000000000 -0.000000000000000 
0.000000000000000 0.000000000000000 1.000000000000000 0.000000000000000 
1
1.000000000000000 0.000000000000000 0.000000000000000 0.000000000000000 
0.000000000000000 -0.000000000000001 1.000000000000000 -210.100000000000421 
0.000000000000000 -1.000000000000000 -0.000000000000001 -130.100000000000165 
1
1.000000000000000 0.000000000000000 0.000000000000000 -0.000000000000000 
0.000000000000000 1.000000000000000 0.000000000000000 -0.298451302091027 
0.000000000000000 0.000000000000000 1.000000000000000 0.000000000000000 
2  9 1 10 -1 11 1 12 -1 2 1 3 -1 4 1 5 1 6 -1 7 1 91 1 92 1 93 1 94 1 95 1 96 1 97 1 98 1 0
1
0.000000000000000 0.000000000000000 1.000000000000000 4.199999999999427 
0.000000000000000 1.000000000000000 0.000000000000000 0.000000000000000 
-1.000000000000000 0.000000000000000 0.000000000000000 84.199999999999420 
1
1.000000000000000 0.000000000000000 0.000000000000000 -0.000000000000000 
0.000000000000000 1.000000000000000 0.000000000000000 0.000000000000000 
0.000000000000000 0.000000000000000 1.000000000000000 0.298451302090993 
1
0.902774137678555 0.430114933870868 0.000000000000000 52.129242648926336 
-0.430114933870868 0.902774137678555 0.000000000000000 8.198868215928186 
0.000000000000000 0.000000000000000 1.000000000000000 0.000000000000000 
1
1.000000000000000 0.000000000000000 0.000000000000000 0.036335170303088 
0.000000000000000 1.000000000000000 0.000000000000000 0.076264387619756 
0.000000000000000 0.000000000000000 1.000000000000000 -0.000000000000000 
1
0.430114933870868 0.902774137678555 0.000000000000000 162.760552736542053 
-0.902774137678555 0.430114933870868 0.000000000000000 -82.365523580290272 
0.000000000000000 0.000000000000000 1.000000000000000 0.000000000000000 
1
1.000000000000000 0.000000000000000 0.000000000000000 0.213973485949899 
0.000000000000000 1.000000000000000 0.000000000000000 -0.000000000000000 
0.000000000000000 0.000000000000000 1.000000000000000 0.000000000000000 
1
1.000000000000000 0.000000000000000 0.000000000000000 0.000000000000000 
0.000000000000000 -0.000000000000001 1.000000000000000 -210.100000000000421 
0.000000000000000 -1.000000000000000 -0.000000000000001 -130.100000000000165 
1
1.000000000000000 0.000000000000000 0.000000000000000 -0.000000000000000 
0.000000000000000 1.000000000000000 0.000000000000000 -0.298451302091027 
0.000000000000000 0.000000000000000 1.000000000000000 0.000000000000000 
2  67 1 2 1 3 -1 4 1 5 1 6 -1 7 1 100 1 101 1 102 1 103 1 104 1 105 1 106 1 107 1 0
1
0.000000000000000 0.000000000000000 1.000000000000000 4.199999999999427 
0.000000000000000 1.000000000000000 0.000000000000000 0.000000000000000 
-1.000000000000000 0.000000000000000 0.000000000000000 84.199999999999420 
1
1.000000000000000 0.000000000000000 0.000000000000000 -0.000000000000000 
0.000000000000000 1.000000000000000 0.000000000000000 0.000000000000000 
0.000000000000000 0.000000000000000 1.000000000000000 0.298451302090993 
1
0.902774137678555 0.430114933870868 0.000000000000000 52.129242648926336 
-0.430114933870868 0.902774137678555 0.000000000000000 8.198868215928186 
0.000000000000000 0.000000000000000 1.000000000000000 0.000000000000000 
1
1.000000000000000 0.000000000000000 0.000000000000000 0.036335170303088 
0.000000000000000 1.000000000000000 0.000000000000000 0.076264387619756 
0.000000000000000 0.000000000000000 1.000000000000000 -0.000000000000000 
1
0.430114933870868 0.902774137678555 0.000000000000000 162.760552736542053 
-0.902774137678555 0.430114933870868 0.000000000000000 -82.365523580290272 
0.000000000000000 0.000000000000000 1.000000000000000 0.000000000000000 
1
1.000000000000000 0.000000000000000 0.000000000000000 0.213973485949899 
0.000000000000000 1.000000000000000 0.000000000000000 -0.000000000000000 
0.000000000000000 0.000000000000000 1.000000000000000 0.000000000000000 
1
1.000000000000000 0.000000000000000 0.000000000000000 0.000000000000000 
0.000000000000000 -0.000000000000001 1.000000000000000 -210.100000000000421 
0.000000000000000 -1.000000000000000 -0.000000000000001 -130.100000000000165 
1
1.000000000000000 0.000000000000000 0.000000000000000 -0.000000000000000 
0.000000000000000 1.000000000000000 0.000000000000000 -0.298451302091027 
0.000000000000000 0.000000000000000 1.000000000000000 0.000000000000000 
2  9 1 10 -1 11 1 12 -1 2 1 3 -1 4 1 5 1 6 -1 7 1 109 1 110 1 111 1 112 1 113 1 114 1 115 1 116 1 0
1
1.000000000000000 0.000000000000000 0.000000000000000 0.000000000000066 
0.000000000000000 1.000000000000000 0.000000000000000 129.871934891629593 
0.000000000000000 0.000000000000000 1.000000000000000 0.000000000000000 
1
0.000000000000000 0.000000000000000 1.000000000000000 4.199999999999427 
0.000000000000000 1.000000000000000 0.000000000000000 0.000000000000000 
-1.000000000000000 0.000000000000000 0.000000000000000 84.199999999999420 
1
1.000000000000000 0.000000000000000 0.000000000000000 -0.000000000000000 
0.000000000000000 1.000000000000000 0.000000000000000 0.000000000000000 
0.000000000000000 0.000000000000000 1.000000000000000 0.298451302090993 
1
0.902774137678555 0.430114933870868 0.000000000000000 52.129242648926336 
-0.430114933870868 0.902774137678555 0.000000000000000 8.198868215928186 
0.000000000000000 0.000000000000000 1.000000000000000 0.000000000000000 
1
1.000000000000000 0.000000000000000 0.000000000000000 0.036335170303088 
0.000000000000000 1.000000000000000 0.000000000000000 0.076264387619756 
0.000000000000000 0.000000000000000 1.000000000000000 -0.000000000000000 
1
0.430114933870868 0.902774137678555 0.000000000000000 162.760552736542053 
-0.902774137678555 0.430114933870868 0.000000000000000 -82.365523580290272 
0.000000000000000 0.000000000000000 1.000000000000000 0.000000000000000 
1
1.000000000000000 0.000000000000000 0.000000000000000 0.213973485949899 
0.000000000000000 1.000000000000000 0.000000000000000 -0.000000000000000 
0.000000000000000 0.000000000000000 1.000000000000000 0.000000000000000 
1
1.000000000000000 0.000000000000000 0.000000000000000 0.000000000000000 
0.000000000000000 -0.000000000000001 1.000000000000000 -210.100000000000421 
0.000000000000000 -1.000000000000000 -0.000000000000001 -130.100000000000165 
1
1.000000000000000 0.000000000000000 0.000000000000000 -0.000000000000000 
0.000000000000000 1.000000000000000 0.000000000000000 -0.298451302091027 
0.000000000000000 0.000000000000000 1.000000000000000 0.000000000000000 
2  118 1 2 1 3 -1 4 1 5 1 6 -1 7 1 119 1 120 1 121 1 122 1 123 1 124 1 125 1 126 1 0
1
0.000000000000000 0.000000000000000 1.000000000000000 4.199999999999427 
0.000000000000000 1.000000000000000 0.000000000000000 0.000000000000000 
-1.000000000000000 0.000000000000000 0.000000000000000 84.199999999999420 
1
1.000000000000000 0.000000000000000 0.000000000000000 -0.000000000000000 
0.000000000000000 1.000000000000000 0.000000000000000 0.000000000000000 
0.000000000000000 0.000000000000000 1.000000000000000 0.298451302090993 
1
0.902774137678555 0.430114933870868 0.000000000000000 52.129242648926336 
-0.430114933870868 0.902774137678555 0.000000000000000 8.198868215928186 
0.000000000000000 0.000000000000000 1.000000000000000 0.000000000000000 
1
1.000000000000000 0.000000000000000 0.000000000000000 0.036335170303088 
0.000000000000000 1.000000000000000 0.000000000000000 0.076264387619756 
0.000000000000000 0.000000000000000 1.000000000000000 -0.000000000000000 
1
0.430114933870868 0.902774137678555 0.000000000000000 162.760552736542053 
-0.902774137678555 0.430114933870868 0.000000000000000 -82.365523580290272 
0.000000000000000 0.000000000000000 1.000000000000000 0.000000000000000 
1
1.000000000000000 0.000000000000000 0.000000000000000 0.213973485949899 
0.000000000000000 1.000000000000000 0.000000000000000 -0.000000000000000 
0.000000000000000 0.000000000000000 1.000000000000000 0.000000000000000 
1
1.000000000000000 0.000000000000000 0.000000000000000 0.000000000000000 
0.000000000000000 -0.000000000000001 1.000000000000000 -210.100000000000421 
0.000000000000000 -1.000000000000000 -0.000000000000001 -130.100000000000165 
1
1.000000000000000 0.000000000000000 0.000000000000000 -0.000000000000000 
0.000000000000000 1.000000000000000 0.000000000000000 -0.298451302091027 
0.000000000000000 0.000000000000000 1.000000000000000 0.000000000000000 
2  9 1 10 -1 11 1 12 -1 2 1 3 -1 4 1 5 1 6 -1 7 1 128 1 129 1 130 1 131 1 132 1 133 1 134 1 135 1 0
1
0.750000000000001 -0.433012701892219 0.500000000000000 58.336197427385073 
-0.433012701892219 0.250000000000000 0.866025403784439 101.041257864599942 
-0.500000000000000 -0.866025403784439 0.000000000000000 196.672394854770346 
1
1.000000000000000 0.000000000000000 0.000000000000000 -0.000000000000000 
0.000000000000000 1.000000000000000 0.000000000000000 0.000000000000000 
0.000000000000000 0.000000000000000 1.000000000000000 0.298451302091012 
1
0.500000000000000 0.866025403784439 0.000000000000000 -112.472394854770869 
-0.866025403784439 0.500000000000000 0.000000000000000 115.973731242166167 
0.000000000000000 0.000000000000000 1.000000000000000 0.000000000000000 
1
1.000000000000000 0.000000000000000 0.000000000000000 0.000000000000000 
0.000000000000000 1.000000000000000 0.000000000000000 0.198967534727344 
0.000000000000000 0.000000000000000 1.000000000000000 0.000000000000000 
1
0.902774137678555 0.430114933870868 0.000000000000000 52.129242648926336 
-0.430114933870868 0.902774137678555 0.000000000000000 8.198868215928186 
0.000000000000000 0.000000000000000 1.000000000000000 0.000000000000000 
1
1.000000000000000 0.000000000000000 0.000000000000000 0.036335170303088 
0.000000000000000 1.000000000000000 0.000000000000000 0.076264387619756 
0.000000000000000 0.000000000000000 1.000000000000000 -0.000000000000000 
1
0.430114933870868 0.902774137678555 0.000000000000000 162.760552736542053 
-0.902774137678555 0.430114933870868 0.000000000000000 -82.365523580290272 
0.000000000000000 0.000000000000000 1.000000000000000 0.000000000000000 
1
1.000000000000000 0.000000000000000 0.000000000000000 0.213973485949899 
0.000000000000000 1.000000000000000 0.000000000000000 -0.000000000000000 
0.000000000000000 0.000000000000000 1.000000000000000 0.000000000000000 
1
1.000000000000000 0.000000000000000 0.000000000000000 0.000000000000000 
0.000000000000000 -0.000000000000001 1.000000000000000 -210.100000000000421 
0.000000000000000 -1.000000000000000 -0.000000000000001 -130.100000000000165 
1
1.000000000000000 0.000000000000000 0.000000000000000 -0.000000000000000 
0.000000000000000 1.000000000000000 0.000000000000000 -0.298451302091027 
0.000000000000000 0.000000000000000 1.000000000000000 0.000000000000000 
2  9 1 10 -1 11 1 12 -1 2 1 3 -1 4 1 5 1 6 -1 7 1 137 1 138 1 139 1 140 1 141 1 142 1 143 1 144 1 145 1 146 1 0
1
0.750000000000001 -0.433012701892219 0.500000000000000 58.336197427385073 
-0.433012701892219 0.250000000000000 0.866025403784439 101.041257864599942 
-0.500000000000000 -0.866025403784439 0.000000000000000 196.672394854770346 
1
1.000000000000000 0.000000000000000 0.000000000000000 -0.000000000000000 
0.000000000000000 1.000000000000000 0.000000000000000 0.000000000000000 
0.000000000000000 0.000000000000000 1.000000000000000 0.298451302091012 
1
0.500000000000000 0.866025403784439 0.000000000000000 -112.472394854770869 
-0.866025403784439 0.500000000000000 0.000000000000000 115.973731242166167 
0.000000000000000 0.000000000000000 1.000000000000000 0.000000000000000 
1
1.000000000000000 0.000000000000000 0.000000000000000 0.000000000000000 
0.000000000000000 1.000000000000000 0.000000000000000 0.198967534727344 
0.000000000000000 0.000000000000000 1.000000000000000 0.000000000000000 
1
0.902774137678555 0.430114933870868 0.000000000000000 52.129242648926336 
-0.430114933870868 0.902774137678555 0.000000000000000 8.198868215928186 
0.000000000000000 0.000000000000000 1.000000000000000 0.000000000000000 
1
1.000000000000000 0.000000000000000 0.000000000000000 0.036335170303088 
0.000000000000000 1.000000000000000 0.000000000000000 0.076264387619756 
0.000000000000000 0.000000000000000 1.000000000000000 -0.000000000000000 
1
0.430114933870868 0.902774137678555 0.000000000000000 162.760552736542053 
-0.902774137678555 0.430114933870868 0.000000000000000 -82.365523580290272 
0.000000000000000 0.000000000000000 1.000000000000000 0.000000000000000 
1
1.000000000000000 0.000000000000000 0.000000000000000 0.213973485949899 
0.000000000000000 1.000000000000000 0.000000000000000 -0.000000000000000 
0.000000000000000 0.000000000000000 1.000000000000000 0.000000000000000 
1
1.000000000000000 0.000000000000000 0.000000000000000 0.000000000000000 
0.000000000000000 -0.000000000000001 1.000000000000000 -210.100000000000421 
0.000000000000000 -1.000000000000000 -0.000000000000001 -130.100000000000165 
1
1.000000000000000 0.000000000000000 0.000000000000000 -0.000000000000000 
0.000000000000000 1.000000000000000 0.000000000000000 -0.298451302091027 
0.000000000000000 0.000000000000000 1.000000000000000 0.000000000000000 
2  9 1 10 -1 11 1 12 -1 2 1 3 -1 4 1 5 1 6 -1 7 1 148 1 149 1 150 1 151 1 152 1 153 1 154 1 155 1 156 1 157 1 0
1
0.750000000000001 -0.433012701892219 0.500000000000000 58.336197427385073 
-0.433012701892219 0.250000000000000 0.866025403784439 101.041257864599942 
-0.500000000000000 -0.866025403784439 0.000000000000000 196.672394854770346 
1
1.000000000000000 0.000000000000000 0.000000000000000 -0.000000000000000 
0.000000000000000 1.000000000000000 0.000000000000000 0.000000000000000 
0.000000000000000 0.000000000000000 1.000000000000000 0.298451302091012 
1
0.500000000000000 0.866025403784439 0.000000000000000 -112.472394854770869 
-0.866025403784439 0.500000000000000 0.000000000000000 115.973731242166167 
0.000000000000000 0.000000000000000 1.000000000000000 0.000000000000000 
1
1.000000000000000 0.000000000000000 0.000000000000000 0.000000000000000 
0.000000000000000 1.000000000000000 0.000000000000000 0.198967534727344 
0.000000000000000 0.000000000000000 1.000000000000000 0.000000000000000 
1
0.902774137678555 0.430114933870868 0.000000000000000 52.129242648926336 
-0.430114933870868 0.902774137678555 0.000000000000000 8.198868215928186 
0.000000000000000 0.000000000000000 1.000000000000000 0.000000000000000 
1
1.000000000000000 0.000000000000000 0.000000000000000 0.036335170303088 
0.000000000000000 1.000000000000000 0.000000000000000 0.076264387619756 
0.000000000000000 0.000000000000000 1.000000000000000 -0.000000000000000 
1
0.430114933870868 0.902774137678555 0.000000000000000 162.760552736542053 
-0.902774137678555 0.430114933870868 0.000000000000000 -82.365523580290272 
0.000000000000000 0.000000000000000 1.000000000000000 0.000000000000000 
1
1.000000000000000 0.000000000000000 0.000000000000000 0.213973485949899 
0.000000000000000 1.000000000000000 0.000000000000000 -0.000000000000000 
0.000000000000000 0.000000000000000 1.000000000000000 0.000000000000000 
1
1.000000000000000 0.000000000000000 0.000000000000000 0.000000000000000 
0.000000000000000 -0.000000000000001 1.000000000000000 -210.100000000000421 
0.000000000000000 -1.000000000000000 -0.000000000000001 -130.100000000000165 
1
1.000000000000000 0.000000000000000 0.000000000000000 -0.000000000000000 
0.000000000000000 1.000000000000000 0.000000000000000 -0.298451302091027 
0.000000000000000 0.000000000000000 1.000000000000000 0.000000000000000 
2  118 1 2 1 3 -1 4 1 5 1 6 -1 7 1 159 1 160 1 161 1 162 1 163 1 164 1 165 1 166 1 167 1 168 1 0
1
0.750000000000001 -0.433012701892219 0.500000000000000 58.336197427385073 
-0.433012701892219 0.250000000000000 0.866025403784439 101.041257864599942 
-0.500000000000000 -0.866025403784439 0.000000000000000 196.672394854770346 
1
1.000000000000000 0.000000000000000 0.000000000000000 -0.000000000000000 
0.000000000000000 1.000000000000000 0.000000000000000 0.000000000000000 
0.000000000000000 0.000000000000000 1.000000000000000 0.298451302091012 
1
0.500000000000000 0.866025403784439 0.000000000000000 -112.472394854770869 
-0.866025403784439 0.500000000000000 0.000000000000000 115.973731242166167 
0.000000000000000 0.000000000000000 1.000000000000000 0.000000000000000 
1
1.000000000000000 0.000000000000000 0.000000000000000 0.000000000000000 
0.000000000000000 1.000000000000000 0.000000000000000 0.198967534727344 
0.000000000000000 0.000000000000000 1.000000000000000 0.000000000000000 
1
0.902774137678555 0.430114933870868 0.000000000000000 52.129242648926336 
-0.430114933870868 0.902774137678555 0.000000000000000 8.198868215928186 
0.000000000000000 0.000000000000000 1.000000000000000 0.000000000000000 
1
1.000000000000000 0.000000000000000 0.000000000000000 0.036335170303088 
0.000000000000000 1.000000000000000 0.000000000000000 0.076264387619756 
0.000000000000000 0.000000000000000 1.000000000000000 -0.000000000000000 
1
0.430114933870868 0.902774137678555 0.000000000000000 162.760552736542053 
-0.902774137678555 0.430114933870868 0.000000000000000 -82.365523580290272 
0.000000000000000 0.000000000000000 1.000000000000000 0.000000000000000 
1
1.000000000000000 0.000000000000000 0.000000000000000 0.213973485949899 
0.000000000000000 1.000000000000000 0.000000000000000 -0.000000000000000 
0.000000000000000 0.000000000000000 1.000000000000000 0.000000000000000 
1
1.000000000000000 0.000000000000000 0.000000000000000 0.000000000000000 
0.000000000000000 -0.000000000000001 1.000000000000000 -210.100000000000421 
0.000000000000000 -1.000000000000000 -0.000000000000001 -130.100000000000165 
1
1.000000000000000 0.000000000000000 0.000000000000000 -0.000000000000000 
0.000000000000000 1.000000000000000 0.000000000000000 -0.298451302091027 
0.000000000000000 0.000000000000000 1.000000000000000 0.000000000000000 
2  9 1 10 -1 11 1 12 -1 2 1 3 -1 4 1 5 1 6 -1 7 1 170 1 171 1 172 1 173 1 174 1 175 1 176 1 177 1 178 1 179 1 0
1
0.750000000000001 -0.433012701892219 0.500000000000000 58.336197427385073 
-0.433012701892219 0.250000000000000 0.866025403784439 101.041257864599942 
-0.500000000000000 -0.866025403784439 0.000000000000000 196.672394854770346 
1
1.000000000000000 0.000000000000000 0.000000000000000 -0.000000000000000 
0.000000000000000 1.000000000000000 0.000000000000000 0.000000000000000 
0.000000000000000 0.000000000000000 1.000000000000000 0.298451302091012 
1
0.500000000000000 0.866025403784439 0.000000000000000 -112.472394854770869 
-0.866025403784439 0.500000000000000 0.000000000000000 115.973731242166167 
0.000000000000000 0.000000000000000 1.000000000000000 0.000000000000000 
1
1.000000000000000 0.000000000000000 0.000000000000000 0.000000000000000 
0.000000000000000 1.000000000000000 0.000000000000000 0.198967534727344 
0.000000000000000 0.000000000000000 1.000000000000000 0.000000000000000 
1
0.902774137678555 0.430114933870868 0.000000000000000 52.129242648926336 
-0.430114933870868 0.902774137678555 0.000000000000000 8.198868215928186 
0.000000000000000 0.000000000000000 1.000000000000000 0.000000000000000 
1
1.000000000000000 0.000000000000000 0.000000000000000 0.036335170303088 
0.000000000000000 1.000000000000000 0.000000000000000 0.076264387619756 
0.000000000000000 0.000000000000000 1.000000000000000 -0.000000000000000 
1
0.430114933870868 0.902774137678555 0.000000000000000 162.760552736542053 
-0.902774137678555 0.430114933870868 0.000000000000000 -82.365523580290272 
0.000000000000000 0.000000000000000 1.000000000000000 0.000000000000000 
1
1.000000000000000 0.000000000000000 0.000000000000000 0.213973485949899 
0.000000000000000 1.000000000000000 0.000000000000000 -0.000000000000000 
0.000000000000000 0.000000000000000 1.000000000000000 0.000000000000000 
1
1.000000000000000 0.000000000000000 0.000000000000000 0.000000000000000 
0.000000000000000 -0.000000000000001 1.000000000000000 -210.100000000000421 
0.000000000000000 -1.000000000000000 -0.000000000000001 -130.100000000000165 
1
1.000000000000000 0.000000000000000 0.000000000000000 -0.000000000000000 
0.000000000000000 1.000000000000000 0.000000000000000 -0.298451302091027 
0.000000000000000 0.000000000000000 1.000000000000000 0.000000000000000 
2  11 1 12 -1 2 1 3 -1 4 1 5 1 6 -1 7 1 181 1 182 1 183 1 184 1 185 1 186 1 187 1 188 1 189 1 190 1 0
1
0.500000000000000 0.866025403784439 0.000000000000000 -112.472394854770869 
-0.866025403784439 0.500000000000000 0.000000000000000 115.973731242166167 
0.000000000000000 0.000000000000000 1.000000000000000 0.000000000000000 
1
1.000000000000000 0.000000000000000 0.000000000000000 0.000000000000000 
0.000000000000000 1.000000000000000 0.000000000000000 0.198967534727344 
0.000000000000000 0.000000000000000 1.000000000000000 0.000000000000000 
1
0.902774137678555 0.430114933870868 0.000000000000000 52.129242648926336 
-0.430114933870868 0.902774137678555 0.000000000000000 8.198868215928186 
0.000000000000000 0.000000000000000 1.000000000000000 0.000000000000000 
1
