
CASCADE Topology V1, (c) Matra-Datavision
Locations 35
1
1.000000000000000 0.000000000000000 0.000000000000000 0.000000000000000 
0.000000000000000 1.000000000000000 0.000000000000000 0.000000000000000 
0.000000000000000 0.000000000000000 1.000000000000000 0.000000000000000 
1
1.000000000000000 0.000000000000000 0.000000000000000 0.000000000000000 
0.000000000000000 1.000000000000000 0.000000000000000 0.000000000000000 
0.000000000000000 0.000000000000000 1.000000000000000 0.000000000000000 
1
1.000000000000000 0.000000000000000 0.000000000000000 0.000000000000000 
0.000000000000000 1.000000000000000 0.000000000000000 0.000000000000000 
0.000000000000000 0.000000000000000 1.000000000000000 0.000000000000000 
2  2 1 3 1 0
1
1.000000000000000 0.000000000000000 0.000000000000000 0.000000000000000 
0.000000000000000 1.000000000000000 0.000000000000000 0.000000000000000 
0.000000000000000 0.000000000000000 1.000000000000000 0.000000000000000 
1
1.000000000000000 0.000000000000000 0.000000000000000 0.000000000000000 
0.000000000000000 1.000000000000000 0.000000000000000 0.000000000000000 
0.000000000000000 0.000000000000000 1.000000000000000 0.000000000000000 
1
1.000000000000000 0.000000000000000 0.000000000000000 0.000000000000000 
0.000000000000000 1.000000000000000 0.000000000000000 0.000000000000000 
0.000000000000000 0.000000000000000 1.000000000000000 0.000000000000000 
1
1.000000000000000 0.000000000000000 0.000000000000000 0.000000000000000 
0.000000000000000 1.000000000000000 0.000000000000000 0.000000000000000 
0.000000000000000 0.000000000000000 1.000000000000000 0.000000000000000 
1
1.000000000000000 0.000000000000000 0.000000000000000 0.000000000000000 
0.000000000000000 1.000000000000000 0.000000000000000 0.000000000000000 
0.000000000000000 0.000000000000000 1.000000000000000 0.000000000000000 
2  5 1 6 -1 7 -1 8 -1 9 -1 3 -1 2 -1 0
1
1.000000000000000 0.000000000000000 0.000000000000000 0.000000000000000 
0.000000000000000 1.000000000000000 0.000000000000000 0.000000000000000 
0.000000000000000 0.000000000000000 1.000000000000000 18.000000000000000 
2  11 -1 5 1 6 -1 7 -1 8 -1 9 -1 3 -1 2 -1 0
2  8 -1 9 -1 3 -1 2 -1 0
1
-0.500000000000001 -0.866025403784439 0.000000000000000 0.000000000000085 
0.866025403784439 -0.500000000000001 0.000000000000000 -0.000000000000028 
0.000000000000000 0.000000000000000 1.000000000000001 0.000000000000000 
2  5 1 6 -1 7 -1 8 -1 14 -1 3 -1 2 -1 0
2  11 -1 5 1 6 -1 7 -1 8 -1 14 -1 3 -1 2 -1 0
1
-0.500000000000000 0.866025403784439 0.000000000000000 0.000000000000021 
-0.866025403784439 -0.500000000000000 0.000000000000000 0.000000000000099 
0.000000000000000 0.000000000000000 1.000000000000000 0.000000000000000 
2  5 1 6 -1 7 -1 8 -1 17 -1 3 -1 2 -1 0
2  11 -1 5 1 6 -1 7 -1 8 -1 17 -1 3 -1 2 -1 0
2  8 -1 14 -1 3 -1 2 -1 0
2  8 -1 17 -1 3 -1 2 -1 0
1
1.000000000000000 0.000000000000000 0.000000000000000 0.000000000000000 
0.000000000000000 1.000000000000000 0.000000000000000 0.000000000000000 
0.000000000000000 0.000000000000000 1.000000000000000 0.000000000000000 
1
1.000000000000000 0.000000000000000 0.000000000000000 0.000000000000000 
0.000000000000000 1.000000000000000 0.000000000000000 0.000000000000000 
0.000000000000000 0.000000000000000 1.000000000000000 0.000000000000000 
2  22 1 23 1 0
2  5 1 6 -1 7 -1 8 -1 9 -1 23 -1 22 -1 0
2  11 -1 5 1 6 -1 7 -1 8 -1 9 -1 23 -1 22 -1 0
2  5 1 6 -1 7 -1 8 -1 14 -1 23 -1 22 -1 0
2  11 -1 5 1 6 -1 7 -1 8 -1 14 -1 23 -1 22 -1 0
2  8 -1 9 -1 23 -1 22 -1 0
2  8 -1 14 -1 23 -1 22 -1 0
1
1.000000000000000 0.000000000000000 0.000000000000000 0.000000000000000 
0.000000000000000 1.000000000000000 0.000000000000000 0.000000000000000 
0.000000000000000 0.000000000000000 1.000000000000000 0.000000000000000 
2  31 -1 0
2  5 1 6 -1 7 -1 8 -1 17 -1 23 -1 22 -1 0
2  11 -1 5 1 6 -1 7 -1 8 -1 17 -1 23 -1 22 -1 0
2  8 -1 17 -1 23 -1 22 -1 0
Curve2ds 36
1 0.00000000000000000 0.00000000000000000 1.00000000000000000 0.00000000000000000 
1 0.00000000000000000 -18.00000000000000000 1.00000000000000000 0.00000000000000000 
2 930.37557344124957126 537.15258786147887804 1.00000000000000000 0.00000000000000000 -0.00000000000000000 1.00000000000000000 904.30517559137683747
1 0.00000000000000000 0.00000000000000000 1.00000000000000000 0.00000000000000000 
1 0.00000000000000000 -18.00000000000000000 1.00000000000000000 0.00000000000000000 
1 0.00000000000000000 0.00000000000000000 1.00000000000000000 0.00000000000000000 
1 0.00000000000000000 -18.00000000000000000 1.00000000000000000 0.00000000000000000 
1 0.00000000000000000 0.00000000000000000 1.00000000000000000 0.00000000000000000 
1 0.00000000000000000 -18.00000000000000000 1.00000000000000000 0.00000000000000000 
2 18.30000000000017479 359.03392597357702698 1.00000000000000000 0.00000000000000000 -0.00000000000000000 1.00000000000000000 25.00000000000015632
2 -320.08250071357917932 -163.66869809753328013 -0.50000000000000056 0.86602540378443837 -0.86602540378443837 -0.50000000000000056 25.00000000000016342
2 301.78250071357916795 -195.36522787604383211 -0.50000000000000033 -0.86602540378443860 0.86602540378443860 -0.50000000000000033 25.00000000000018829
1 0.00000000000000000 0.00000000000000000 1.00000000000000000 0.00000000000000000 
1 0.00000000000000000 -18.00000000000000000 1.00000000000000000 0.00000000000000000 
1 0.00000000000000000 0.00000000000000000 1.00000000000000000 0.00000000000000000 
1 0.00000000000000000 -18.00000000000000000 1.00000000000000000 0.00000000000000000 
1 0.00000000000000000 0.00000000000000000 1.00000000000000000 0.00000000000000000 
1 0.00000000000000000 -18.00000000000000000 1.00000000000000000 0.00000000000000000 
2 -0.00000000000022053 0.00000000000001764 1.00000000000000000 0.00000000000000000 -0.00000000000000000 1.00000000000000000 384.50000000000011369
2 0.00000000000019860 -0.00000000000012323 -0.50000000000000056 0.86602540378443837 -0.86602540378443837 -0.50000000000000056 384.50000000000028422
2 0.00000000000006510 0.00000000000035004 -0.50000000000000033 -0.86602540378443860 0.86602540378443860 -0.50000000000000033 384.50000000000017053
1 0.00000000000000000 0.00000000000000000 1.00000000000000000 0.00000000000000000 
1 0.00000000000000000 -18.00000000000000000 1.00000000000000000 0.00000000000000000 
1 0.00000000000000000 0.00000000000000000 1.00000000000000000 0.00000000000000000 
1 0.00000000000000000 -18.00000000000000000 1.00000000000000000 0.00000000000000000 
2 -930.37557344124957126 537.15258786147887804 -1.00000000000000000 0.00000000000000000 0.00000000000000000 1.00000000000000000 904.30517559137683747
2 -0.00000007596781142 -1074.30517559137638273 0.50000000000000056 -0.86602540378443837 -0.86602540378443837 -0.50000000000000056 904.30517559137695116
1 0.00000000000000000 0.00000000000000000 1.00000000000000000 0.00000000000000000 
1 0.00000000000000000 -18.00000000000000000 1.00000000000000000 0.00000000000000000 
1 0.00000000000000000 0.00000000000000000 1.00000000000000000 0.00000000000000000 
1 0.00000000000000000 -18.00000000000000000 1.00000000000000000 0.00000000000000000 
1 0.00000000000000000 0.00000000000000000 1.00000000000000000 0.00000000000000000 
1 0.00000000000000000 -18.00000000000000000 1.00000000000000000 0.00000000000000000 
2 -18.30000000000021743 359.03392597357702698 -1.00000000000000000 0.00000000000000000 0.00000000000000000 1.00000000000000000 25.00000000000015632
2 -301.78250071357899742 -195.36522787604411633 0.50000000000000056 -0.86602540378443837 -0.86602540378443837 -0.50000000000000056 25.00000000000018829
2 320.08250071357934985 -163.66869809753302434 0.50000000000000033 0.86602540378443860 0.86602540378443860 -0.50000000000000033 25.00000000000018829
Curves 6
2 930.37557344124957126 537.15258786147876435 0.00000000000000000 0.00000000000000000 0.00000000000000000 1.00000000000000000 1.00000000000000000 0.00000000000000000 -0.00000000000000000 -0.00000000000000000 1.00000000000000000 0.00000000000000000 904.30517559137672379
2 18.30000000000019611 359.03392597357697014 0.00000000000000000 0.00000000000000000 0.00000000000000000 1.00000000000000000 1.00000000000000000 0.00000000000000000 -0.00000000000000000 -0.00000000000000000 1.00000000000000000 0.00000000000000000 25.00000000000015987
2 -0.00000000000019940 -0.00000000000004015 0.00000000000000000 0.00000000000000000 0.00000000000000000 1.00000000000000000 1.00000000000000000 0.00000000000000000 -0.00000000000000000 -0.00000000000000000 1.00000000000000000 0.00000000000000000 384.50000000000011369
2 -930.37557344124957126 537.15258786147876435 0.00000000000000000 0.00000000000000000 0.00000000000000000 -1.00000000000000000 -1.00000000000000000 -0.00000000000000000 -0.00000000000000000 -0.00000000000000000 1.00000000000000000 0.00000000000000000 904.30517559137672379
2 -18.30000000000019611 359.03392597357697014 0.00000000000000000 0.00000000000000000 0.00000000000000000 -1.00000000000000000 -1.00000000000000000 -0.00000000000000000 -0.00000000000000000 -0.00000000000000000 1.00000000000000000 0.00000000000000000 25.00000000000015987
2 0.00000000000019940 -0.00000000000004015 0.00000000000000000 0.00000000000000000 0.00000000000000000 -1.00000000000000000 -1.00000000000000000 -0.00000000000000000 -0.00000000000000000 -0.00000000000000000 1.00000000000000000 0.00000000000000000 384.50000000000011369
Polygon3D 0
PolygonOnTriangulations 0
Surfaces 13
2 930.37557344124957126 537.15258786147876435 0.00000000000000000 -0.00000000000000000 -0.00000000000000000 -1.00000000000000000 1.00000000000000000 0.00000000000000000 0.00000000000000000 -0.00000000000000000 1.00000000000000000 -0.00000000000000000 904.30517559137672379
1 0.00000000000002114 -0.00000000000005780 0.00000000000000000 0.00000000000000000 0.00000000000000000 1.00000000000000000 1.00000000000000000 0.00000000000000000 -0.00000000000000000 -0.00000000000000000 1.00000000000000000 0.00000000000000000 
2 18.30000000000019611 359.03392597357697014 0.00000000000000000 -0.00000000000000000 -0.00000000000000000 -1.00000000000000000 1.00000000000000000 0.00000000000000000 0.00000000000000000 -0.00000000000000000 1.00000000000000000 -0.00000000000000000 25.00000000000015987
2 -320.08250071357917932 -163.66869809753333698 0.00000000000000000 -0.00000000000000000 -0.00000000000000000 -1.00000000000000000 -0.50000000000000056 0.86602540378443837 0.00000000000000000 -0.86602540378443837 -0.50000000000000056 0.00000000000000000 25.00000000000016698
2 301.78250071357916795 -195.36522787604388895 0.00000000000000000 -0.00000000000000000 -0.00000000000000000 -1.00000000000000000 -0.50000000000000033 -0.86602540378443860 0.00000000000000000 0.86602540378443860 -0.50000000000000033 -0.00000000000000000 25.00000000000015987
2 -0.00000000000019940 -0.00000000000004015 0.00000000000000000 -0.00000000000000000 -0.00000000000000000 -1.00000000000000000 1.00000000000000000 0.00000000000000000 0.00000000000000000 -0.00000000000000000 1.00000000000000000 -0.00000000000000000 384.50000000000011369
2 0.00000000000021974 -0.00000000000018103 0.00000000000000000 -0.00000000000000000 -0.00000000000000000 -1.00000000000000000 -0.50000000000000056 0.86602540378443837 0.00000000000000000 -0.86602540378443837 -0.50000000000000056 0.00000000000000000 384.50000000000022737
2 0.00000000000008624 0.00000000000029224 0.00000000000000000 -0.00000000000000000 -0.00000000000000000 -1.00000000000000000 -0.50000000000000033 -0.86602540378443860 0.00000000000000000 0.86602540378443860 -0.50000000000000033 -0.00000000000000000 384.50000000000011369
2 -930.37557344124957126 537.15258786147876435 0.00000000000000000 0.00000000000000000 0.00000000000000000 -1.00000000000000000 -1.00000000000000000 -0.00000000000000000 -0.00000000000000000 -0.00000000000000000 1.00000000000000000 0.00000000000000000 904.30517559137672379
2 -0.00000007596779028 -1074.30517559137638273 0.00000000000000000 -0.00000000000000000 0.00000000000000000 -1.00000000000000000 0.50000000000000056 -0.86602540378443837 -0.00000000000000000 -0.86602540378443837 -0.50000000000000056 0.00000000000000000 904.30517559137695116
2 -18.30000000000019611 359.03392597357697014 0.00000000000000000 0.00000000000000000 0.00000000000000000 -1.00000000000000000 -1.00000000000000000 -0.00000000000000000 -0.00000000000000000 -0.00000000000000000 1.00000000000000000 0.00000000000000000 25.00000000000015987
2 -301.78250071357899742 -195.36522787604417317 0.00000000000000000 -0.00000000000000000 0.00000000000000000 -1.00000000000000000 0.50000000000000056 -0.86602540378443837 -0.00000000000000000 -0.86602540378443837 -0.50000000000000056 0.00000000000000000 25.00000000000016698
2 320.08250071357934985 -163.66869809753308118 0.00000000000000000 0.00000000000000000 -0.00000000000000000 -1.00000000000000000 0.50000000000000033 0.86602540378443860 0.00000000000000000 0.86602540378443860 -0.50000000000000033 0.00000000000000000 25.00000000000015987
Triangulations 0

TShapes 17
Ve
0.000000100000348
42.836492354647099 363.825642047216206 0.000000000000000
0 0

0101101
*
Ve
0.000000112022056
147.224318643354195 84.999999999999787 0.000000000000000
0 0

0101101
*
Ed
 0.000000100000000 1 1 0
1  1 0 3.334454683300864 3.665191429258806
2  1 1 10 3.334454683300864 3.665191429258806
2  2 1 12 3.334454683300864 3.665191429258806
2  3 2 13 3.334454683300864 3.665191429258806
0

0101000
+17 0 -16 0 *
Ve
0.000000100000005
19.572600834492590 384.001514706092905 0.000000000000000
0 0

0101101
*
Ed
 0.000000100000000 1 1 0
1  2 0 0.192862029711070 1.519870283811140
2  4 3 10 0.192862029711070 1.519870283811140
2  5 3 12 0.192862029711070 1.519870283811140
2  6 4 15 0.192862029711070 1.519870283811140
2  7 4 16 0.192862029711070 1.519870283811140
2  8 5 18 0.192862029711070 1.519870283811140
2  9 5 19 0.192862029711070 1.519870283811140
2  10 2 13 0.192862029711070 1.519870283811140
2  11 2 20 0.192862029711070 1.519870283811140
2  12 2 21 0.192862029711070 1.519870283811140
0

0101000
+17 0 -14 0 *
Ve
0.000000100000130
0.000000000000012 384.500000000000227 0.000000000000000
0 0

0101101
*
Ed
 0.000000100000000 1 1 0
1  3 0 1.519870283811140 1.570796326794896
2  13 6 10 1.519870283811140 1.570796326794896
2  14 6 12 1.519870283811140 1.570796326794896
2  15 7 15 1.519870283811140 1.570796326794896
2  16 7 16 1.519870283811140 1.570796326794896
2  17 8 18 1.519870283811140 1.570796326794896
2  18 8 19 1.519870283811140 1.570796326794896
2  19 2 13 1.519870283811140 1.570796326794896
2  20 2 20 1.519870283811140 1.570796326794896
2  21 2 21 1.519870283811140 1.570796326794896
0

0101000
+14 0 -12 0 *
Wi

0101000
-15 0 +13 0 +11 0 *
Ve
0.000000100000348
-42.836492354647099 363.825642047216206 0.000000000000000
0 0

0101101
*
Ve
0.000000112022056
-147.224318643354110 84.999999999999758 0.000000000000000
0 0

0101101
*
Ed
 0.000000100000000 1 1 0
1  4 0 3.334454683300864 3.665191429258806
2  22 9 25 3.334454683300864 3.665191429258806
2  23 9 26 3.334454683300864 3.665191429258806
2  24 10 27 3.334454683300864 3.665191429258806
2  25 10 28 3.334454683300864 3.665191429258806
2  26 2 29 3.334454683300864 3.665191429258806
2  27 2 30 3.334454683300864 3.665191429258806
0

0101000
+9 32 -8 32 *
Ve
0.000000100000005
-19.572600834492579 384.001514706093246 0.000000000000000
0 0

0101101
*
Ed
 0.000000100000000 1 1 0
1  5 0 0.192862029711070 1.519870283811140
2  28 11 25 0.192862029711070 1.519870283811140
2  29 11 26 0.192862029711070 1.519870283811140
2  30 12 27 0.192862029711070 1.519870283811140
2  31 12 28 0.192862029711070 1.519870283811140
2  32 13 33 0.192862029711070 1.519870283811140
2  33 13 34 0.192862029711070 1.519870283811140
2  34 2 29 0.192862029711070 1.519870283811140
2  35 2 30 0.192862029711070 1.519870283811140
2  36 2 35 0.192862029711070 1.519870283811140
0

0101000
+9 32 -6 32 *
Ve
0.000000100000000
0.000000000000005 384.500000000000057 0.000000000000000
0 0

0101101
*
Ed
 0.000000100000000 1 1 0
1  6 0 1.519870283811140 1.570796326794896
0

0101000
+6 32 -4 32 *
Wi

0101000
-7 0 +5 0 +3 0 *
Co

0100000
+10 4 +2 24 *

+1 1 