
CASCADE Topology V1, (c) Matra-Datavision
Locations 20
1
1.000000000000000 0.000000000000000 0.000000000000000 0.000000000000000 
0.000000000000000 1.000000000000000 0.000000000000000 0.000000000000000 
0.000000000000000 0.000000000000000 1.000000000000000 0.000000000000000 
1
1.000000000000000 0.000000000000000 0.000000000000000 0.000000000000000 
0.000000000000000 1.000000000000000 0.000000000000000 0.000000000000000 
0.000000000000000 0.000000000000000 1.000000000000000 0.000000000000000 
1
1.000000000000000 0.000000000000000 0.000000000000000 0.000000000000000 
0.000000000000000 1.000000000000000 0.000000000000000 0.000000000000000 
0.000000000000000 0.000000000000000 1.000000000000000 0.000000000000000 
2  2 1 3 1 0
1
1.000000000000000 0.000000000000000 0.000000000000000 0.000000000000000 
0.000000000000000 1.000000000000000 0.000000000000000 0.000000000000000 
0.000000000000000 0.000000000000000 1.000000000000000 0.000000000000000 
1
1.000000000000000 0.000000000000000 0.000000000000000 0.000000000000000 
0.000000000000000 1.000000000000000 0.000000000000000 0.000000000000000 
0.000000000000000 0.000000000000000 1.000000000000000 0.000000000000000 
1
1.000000000000000 0.000000000000000 0.000000000000000 0.000000000000000 
0.000000000000000 1.000000000000000 0.000000000000000 0.000000000000000 
0.000000000000000 0.000000000000000 1.000000000000000 0.000000000000000 
1
1.000000000000000 0.000000000000000 0.000000000000000 0.000000000000000 
0.000000000000000 1.000000000000000 0.000000000000000 0.000000000000000 
0.000000000000000 0.000000000000000 1.000000000000000 0.000000000000000 
2  5 1 6 -1 7 -1 8 -1 3 -1 2 -1 0
1
1.000000000000000 0.000000000000000 0.000000000000000 0.000000000000000 
0.000000000000000 1.000000000000000 0.000000000000000 0.000000000000000 
0.000000000000000 0.000000000000000 1.000000000000000 3.000000000000000 
2  10 -1 5 1 6 -1 7 -1 8 -1 3 -1 2 -1 0
2  8 -1 3 -1 2 -1 0
1
1.000000000000000 0.000000000000000 0.000000000000000 0.000000000000000 
0.000000000000000 1.000000000000000 0.000000000000000 0.000000000000000 
0.000000000000000 0.000000000000000 1.000000000000000 0.000000000000000 
1
1.000000000000000 0.000000000000000 0.000000000000000 0.000000000000000 
0.000000000000000 1.000000000000000 0.000000000000000 0.000000000000000 
0.000000000000000 0.000000000000000 1.000000000000000 0.000000000000000 
2  13 -1 14 -1 0
1
1.000000000000000 0.000000000000000 0.000000000000000 0.000000000000000 
0.000000000000000 1.000000000000000 0.000000000000000 0.000000000000000 
0.000000000000000 0.000000000000000 1.000000000000000 0.000000000000000 
2  14 1 16 1 0
2  5 1 6 -1 7 -1 8 -1 16 -1 14 -1 0
2  10 -1 5 1 6 -1 7 -1 8 -1 16 -1 14 -1 0
2  8 -1 16 -1 14 -1 0
Curve2ds 18
1 0.00000000000000000 0.00000000000000000 1.00000000000000000 0.00000000000000000 
1 0.00000000000000000 -3.00000000000000000 1.00000000000000000 0.00000000000000000 
2 0.00000000000000254 -144.84836341909760904 -1.00000000000000000 0.00000000000000000 0.00000000000000000 1.00000000000000000 185.00000000000000000
1 0.00000000000000000 0.00000000000000000 1.00000000000000000 0.00000000000000000 
1 0.00000000000000000 -3.00000000000000000 1.00000000000000000 0.00000000000000000 
2 -156.75914473933582372 -51.39880194023376703 -1.00000000000000000 0.00000000000000000 0.00000000000000000 1.00000000000000000 2.50000000000000000
1 0.00000000000000000 0.00000000000000000 1.00000000000000000 0.00000000000000000 
1 0.00000000000000000 -3.00000000000000000 1.00000000000000000 0.00000000000000000 
3 -145.18466547414581669 -38.27319986872150537 -0.66139881515371457 -0.75003440408641431 -0.75003440408641431 0.66139881515371457 19.99999999999999645 10.00000000000001243
1 0.00000000000000000 0.00000000000000000 1.00000000000000000 0.00000000000000000 
1 0.00000000000000000 -3.00000000000000000 1.00000000000000000 0.00000000000000000 
2 0.00000000000000254 -144.84836341909760904 -1.00000000000000000 0.00000000000000000 0.00000000000000000 1.00000000000000000 170.00000000000000000
1 0.00000000000000000 0.00000000000000000 1.00000000000000000 0.00000000000000000 
1 0.00000000000000000 -3.00000000000000000 1.00000000000000000 0.00000000000000000 
2 156.75914473933582372 -51.39880194023376703 1.00000000000000000 0.00000000000000000 -0.00000000000000000 1.00000000000000000 2.50000000000000000
1 0.00000000000000000 0.00000000000000000 1.00000000000000000 0.00000000000000000 
1 0.00000000000000000 -3.00000000000000000 1.00000000000000000 0.00000000000000000 
3 145.18466547414581669 -38.27319986872150537 0.66139881515371457 -0.75003440408641431 0.75003440408641431 0.66139881515371457 19.99999999999999645 10.00000000000001243
Curves 8
2 0.00000000000000000 0.00000000000000000 0.00000000000000000 0.00000000000000000 0.00000000000000000 -1.00000000000000000 -1.00000000000000000 -0.00000000000000000 -0.00000000000000000 -0.00000000000000000 1.00000000000000000 0.00000000000000000 185.00000000000000000
2 -156.75914473933582372 93.44956147886384201 0.00000000000000000 0.00000000000000000 0.00000000000000000 -1.00000000000000000 -1.00000000000000000 -0.00000000000000000 -0.00000000000000000 -0.00000000000000000 1.00000000000000000 0.00000000000000000 2.50000000000000000
3 -145.18466547414581669 106.57516355037610367 0.00000000000000000 0.00000000000000000 0.00000000000000000 -1.00000000000000000 -0.66139881515371457 -0.75003440408641431 -0.00000000000000000 -0.75003440408641431 0.66139881515371457 0.00000000000000000 20.00000000000000000 10.00000000000001066
2 0.00000000000000000 0.00000000000000000 0.00000000000000000 0.00000000000000000 0.00000000000000000 -1.00000000000000000 -1.00000000000000000 -0.00000000000000000 -0.00000000000000000 -0.00000000000000000 1.00000000000000000 0.00000000000000000 170.00000000000000000
2 0.00000000000000000 0.00000000000000000 0.00000000000000000 0.00000000000000000 0.00000000000000000 1.00000000000000000 1.00000000000000000 0.00000000000000000 -0.00000000000000000 -0.00000000000000000 1.00000000000000000 0.00000000000000000 185.00000000000000000
2 156.75914473933582372 93.44956147886384201 0.00000000000000000 0.00000000000000000 0.00000000000000000 1.00000000000000000 1.00000000000000000 0.00000000000000000 -0.00000000000000000 -0.00000000000000000 1.00000000000000000 0.00000000000000000 2.50000000000000000
3 145.18466547414581669 106.57516355037610367 0.00000000000000000 -0.00000000000000000 0.00000000000000000 1.00000000000000000 0.66139881515371457 -0.75003440408641431 0.00000000000000000 0.75003440408641431 0.66139881515371457 0.00000000000000000 20.00000000000000000 10.00000000000001066
2 0.00000000000000000 0.00000000000000000 0.00000000000000000 0.00000000000000000 0.00000000000000000 1.00000000000000000 1.00000000000000000 0.00000000000000000 -0.00000000000000000 -0.00000000000000000 1.00000000000000000 0.00000000000000000 170.00000000000000000
Polygon3D 0
PolygonOnTriangulations 0
Surfaces 7
2 0.00000000000000000 0.00000000000000000 0.00000000000000000 0.00000000000000000 0.00000000000000000 -1.00000000000000000 -1.00000000000000000 -0.00000000000000000 -0.00000000000000000 -0.00000000000000000 1.00000000000000000 0.00000000000000000 185.00000000000000000
1 -0.00000000000000254 144.84836341909760904 0.00000000000000000 0.00000000000000000 0.00000000000000000 1.00000000000000000 1.00000000000000000 0.00000000000000000 -0.00000000000000000 -0.00000000000000000 1.00000000000000000 0.00000000000000000 
2 -156.75914473933582372 93.44956147886384201 0.00000000000000000 0.00000000000000000 0.00000000000000000 -1.00000000000000000 -1.00000000000000000 -0.00000000000000000 -0.00000000000000000 -0.00000000000000000 1.00000000000000000 0.00000000000000000 2.50000000000000000
6 -0.00000000000000000 -0.00000000000000000 -1.00000000000000000 
3 -145.18466547414581669 106.57516355037610367 0.00000000000000000 0.00000000000000000 0.00000000000000000 -1.00000000000000000 -0.66139881515371457 -0.75003440408641431 -0.00000000000000000 -0.75003440408641431 0.66139881515371457 0.00000000000000000 20.00000000000000000 10.00000000000001066
2 0.00000000000000000 0.00000000000000000 0.00000000000000000 0.00000000000000000 0.00000000000000000 -1.00000000000000000 -1.00000000000000000 -0.00000000000000000 -0.00000000000000000 -0.00000000000000000 1.00000000000000000 0.00000000000000000 170.00000000000000000
2 156.75914473933582372 93.44956147886384201 0.00000000000000000 -0.00000000000000000 -0.00000000000000000 -1.00000000000000000 1.00000000000000000 0.00000000000000000 0.00000000000000000 -0.00000000000000000 1.00000000000000000 -0.00000000000000000 2.50000000000000000
6 -0.00000000000000000 -0.00000000000000000 -1.00000000000000000 
3 145.18466547414581669 106.57516355037610367 0.00000000000000000 -0.00000000000000000 0.00000000000000000 1.00000000000000000 0.66139881515371457 -0.75003440408641431 0.00000000000000000 0.75003440408641431 0.66139881515371457 0.00000000000000000 20.00000000000000000 10.00000000000001066
Triangulations 0

TShapes 21
Ve
0.000000100000014
-158.906530283710310 94.729692458026364 0.000000000000000
0 0

0101101
*
Ve
0.000000100000011
-0.000000000000000 185.000000000000000 0.000000000000000
0 0

0101101
*
Ed
 0.000000100000000 1 1 0
1  1 0 0.537572500732668 1.570796326794897
2  1 1 9 0.537572500732668 1.570796326794897
2  2 1 11 0.537572500732668 1.570796326794897
2  3 2 12 0.537572500732668 1.570796326794897
0

0101000
+21 15 -20 15 *
Ve
0.000000100000007
-158.412641777220131 91.574475468647819 0.000000000000000
0 0

0101101
*
Ed
 0.000000100000000 1 1 0
1  2 0 5.435071212574583 6.820757807912255
2  4 3 9 5.435071212574583 6.820757807912255
2  5 3 11 5.435071212574583 6.820757807912255
2  6 2 12 5.435071212574583 6.820757807912255
0

0101000
+18 15 -21 15 *
Ve
0.000000100000032
-135.758960695135102 102.320597100372510 0.000000000000000
0 0

0101101
*
Ed
 0.000000100000000 1 1 0
1  3 0 4.559641759144434 6.283185307179590
2  7 4 9 4.559641759144434 6.283185307179590
2  8 4 11 4.559641759144434 6.283185307179590
2  9 2 12 4.559641759144434 6.283185307179590
0

0101000
+16 15 -18 15 *
Ve
0.000000100000010
-0.000000000000000 170.000000000000000 0.000000000000000
0 0

0101101
*
Ed
 0.000000100000000 1 1 0
1  4 0 0.645860530177776 1.570796326794897
2  10 5 9 0.645860530177776 1.570796326794897
2  11 5 11 0.645860530177776 1.570796326794897
2  12 2 12 0.645860530177776 1.570796326794897
0

0101000
+16 15 -14 15 *
Wi

0101000
-19 0 -17 0 -15 0 +13 0 *
Ve
0.000000100000014
158.906530283710310 94.729692458026364 0.000000000000000
0 0

0101101
*
Ve
0.000000100000000
0.000000000000011 185.000000000000000 0.000000000000000
0 0

0101101
*
Ed
 0.000000100000000 1 1 0
1  5 0 0.537572500732668 1.570796326794897
0

0101000
+11 0 -10 0 *
Ve
0.000000100000007
158.412641777220131 91.574475468647819 0.000000000000000
0 0

0101101
*
Ed
 0.000000100000000 1 1 0
1  6 0 5.435071212574583 6.820757807912255
2  13 6 18 5.435071212574583 6.820757807912255
2  14 6 19 5.435071212574583 6.820757807912255
2  15 2 20 5.435071212574583 6.820757807912255
0

0101000
+8 0 -11 0 *
Ve
0.000000100000032
135.758960695135102 102.320597100372510 0.000000000000000
0 0

0101101
*
Ed
 0.000000100000000 1 1 0
1  7 0 4.559641759144434 6.283185307179590
2  16 7 18 4.559641759144434 6.283185307179590
2  17 7 19 4.559641759144434 6.283185307179590
2  18 2 20 4.559641759144434 6.283185307179590
0

0101000
+6 0 -8 0 *
Ve
0.000000100000000
0.000000000000010 170.000000000000000 0.000000000000000
0 0

0101101
*
Ed
 0.000000100000000 1 1 0
1  8 0 0.645860530177776 1.570796326794897
0

0101000
+6 0 -4 0 *
Wi

0101000
-9 0 -7 0 -5 0 +3 0 *
Co

0100000
+12 4 +2 17 *

+1 1 