
CASCADE Topology V1, (c) Matra-Datavision
Locations 30
1
1.000000000000000 0.000000000000000 0.000000000000000 0.000000000000000 
0.000000000000000 1.000000000000000 0.000000000000000 0.000000000000000 
0.000000000000000 0.000000000000000 1.000000000000000 0.000000000000000 
1
1.000000000000000 0.000000000000000 0.000000000000000 0.000000000000000 
0.000000000000000 1.000000000000000 0.000000000000000 0.000000000000000 
0.000000000000000 0.000000000000000 1.000000000000000 0.000000000000000 
1
1.000000000000000 0.000000000000000 0.000000000000000 0.000000000000000 
0.000000000000000 1.000000000000000 0.000000000000000 0.000000000000000 
0.000000000000000 0.000000000000000 1.000000000000000 0.000000000000000 
1
1.000000000000000 0.000000000000000 0.000000000000000 0.000000000000000 
0.000000000000000 1.000000000000000 0.000000000000000 0.000000000000000 
0.000000000000000 0.000000000000000 1.000000000000000 0.000000000000000 
1
1.000000000000000 0.000000000000000 0.000000000000000 0.000000000000000 
0.000000000000000 1.000000000000000 0.000000000000000 0.000000000000000 
0.000000000000000 0.000000000000000 1.000000000000000 0.000000000000000 
1
1.000000000000000 0.000000000000000 0.000000000000000 0.000000000000000 
0.000000000000000 1.000000000000000 0.000000000000000 0.000000000000000 
0.000000000000000 0.000000000000000 1.000000000000000 0.000000000000000 
1
1.000000000000000 0.000000000000000 0.000000000000000 0.000000000000000 
0.000000000000000 1.000000000000000 0.000000000000000 0.000000000000000 
0.000000000000000 0.000000000000000 1.000000000000000 39.899999999999999 
1
1.000000000000000 0.000000000000000 0.000000000000000 0.000000000000000 
0.000000000000000 1.000000000000000 0.000000000000000 0.000000000000000 
0.000000000000000 0.000000000000000 1.000000000000000 0.000000000000000 
2  1 -1 2 -1 3 1 4 1 5 1 6 1 7 1 8 -1 0
1
1.000000000000000 0.000000000000000 0.000000000000000 0.000000000000000 
0.000000000000000 1.000000000000000 0.000000000000000 0.000000000000000 
0.000000000000000 0.000000000000000 1.000000000000000 5.000000000000000 
2  1 -1 2 -1 3 1 4 1 5 1 6 1 7 1 8 -1 10 1 0
2  3 1 4 1 5 1 6 1 7 1 8 -1 0
2  5 -1 4 -1 3 -1 0
2  8 1 7 -1 6 -1 5 -1 4 -1 3 -1 0
2  10 -1 8 1 7 -1 6 -1 5 -1 4 -1 3 -1 0
2  1 -1 2 -1 0
2  3 1 4 1 5 1 6 1 7 1 8 -1 10 1 0
1
1.000000000000000 0.000000000000000 0.000000000000000 0.000000000000000 
0.000000000000000 1.000000000000000 0.000000000000000 0.000000000000000 
0.000000000000000 0.000000000000000 1.000000000000000 0.000000000000000 
2  2 1 18 1 5 1 6 1 7 1 8 -1 0
2  2 1 18 1 5 1 6 1 7 1 8 -1 10 1 0
2  5 -1 18 -1 2 -1 0
2  8 1 7 -1 6 -1 5 -1 18 -1 2 -1 0
2  10 -1 8 1 7 -1 6 -1 5 -1 18 -1 2 -1 0
2  1 -1 2 -1 3 1 4 1 18 -1 2 -1 0
2  6 1 7 1 8 -1 0
2  3 1 4 1 5 1 0
2  8 1 7 -1 6 -1 0
2  2 1 18 1 5 1 0
2  6 1 7 1 8 -1 10 1 0
2  10 -1 8 1 7 -1 6 -1 0
Curve2ds 211
1 0.00000000000000002 0.00000000000000000 0.00000000000000000 -1.00000000000000000 
1 0.00000000000000002 -0.00000000000000000 0.00000000000000000 -1.00000000000000000 
1 30.21552545799567469 0.00000000000000000 0.00000000000000000 -1.00000000000000000 
1 0.00000000000000000 0.00000000000000000 0.00000000000000000 -1.00000000000000000 
1 0.00000000000000060 -149.46944193250661215 -0.53380008717185390 -0.84561070649284065 
1 0.00000000000000000 0.00000000000000000 1.00000000000000000 0.00000000000000000 
1 0.00000000000000000 -5.00000000000000000 1.00000000000000000 0.00000000000000000 
1 0.40999999999996817 0.00000000000000000 0.00000000000000000 -1.00000000000000000 
1 0.00000000000000000 0.00000000000000000 0.00000000000000000 -1.00000000000000000 
1 -16.12905012342146094 -175.02001376209474870 0.00000000000000000 -1.00000000000000000 
1 0.00000000000000000 0.00000000000000000 1.00000000000000000 0.00000000000000000 
1 0.00000000000000000 -5.00000000000000000 1.00000000000000000 0.00000000000000000 
1 0.26472942456624793 -0.00000000000000000 0.00000000000000000 -1.00000000000000000 
1 0.00000000000000000 0.00000000000000000 0.00000000000000000 -1.00000000000000000 
1 -16.12905012342146094 -175.43001376209471687 -1.00000000000000000 0.00000000000000000 
1 0.00000000000000000 0.00000000000000000 1.00000000000000000 0.00000000000000000 
1 0.00000000000000000 -5.00000000000000000 1.00000000000000000 0.00000000000000000 
1 0.26472942456789705 0.00000000000000000 0.00000000000000000 -1.00000000000000000 
1 0.00000000000000000 0.00000000000000000 0.00000000000000000 -1.00000000000000000 
1 -16.39377954798770887 -175.43001376209471687 -0.43011493386708888 0.90277413768035575 
1 0.00000000000000000 0.00000000000000000 1.00000000000000000 0.00000000000000000 
1 0.00000000000000000 -5.00000000000000000 1.00000000000000000 0.00000000000000000 
1 0.00000000000000000 0.00000000000000000 0.00000000000000000 -1.00000000000000000 
1 0.41000000000039383 0.00000000000000000 0.00000000000000000 -1.00000000000000000 
1 -16.50764362692840237 -175.19102288411181689 0.90277413767971493 0.43011493386843375 
1 0.00000000000000000 0.00000000000000000 1.00000000000000000 0.00000000000000000 
1 0.00000000000000000 -5.00000000000000000 1.00000000000000000 0.00000000000000000 
1 30.22199999246490876 0.00000000000000000 0.00000000000000000 -1.00000000000000000 
1 0.00000000000000000 0.00000000000000000 0.00000000000000000 -1.00000000000000000 
1 -16.13750623047936372 -175.01467576122558967 0.53380008717164984 0.84561070649296954 
1 0.00000000000000000 0.00000000000000000 1.00000000000000000 0.00000000000000000 
1 0.00000000000000000 -5.00000000000000000 1.00000000000000000 0.00000000000000000 
1 0.00000000000000000 0.00000000000000000 0.00000000000000000 -1.00000000000000000 
1 43.30644424055606123 0.00000000000000000 0.00000000000000000 -1.00000000000000000 
1 -0.00499999999999500 -149.45862899596681928 0.00000000000000000 1.00000000000000000 
1 0.00000000000000000 0.00000000000000000 1.00000000000000000 0.00000000000000000 
1 0.00000000000000000 -5.00000000000000000 1.00000000000000000 0.00000000000000000 
1 45.29753459537810301 0.00000000000000000 0.00000000000000000 -1.00000000000000000 
1 0.00000000000000000 0.00000000000000000 0.00000000000000000 -1.00000000000000000 
1 -0.00499999999999500 -106.15218475541075804 -0.97539072624221901 -0.22048340336786496 
1 0.00000000000000000 0.00000000000000000 1.00000000000000000 0.00000000000000000 
1 0.00000000000000000 -5.00000000000000000 1.00000000000000000 0.00000000000000000 
1 0.40999999999996634 0.00000000000000000 0.00000000000000000 -1.00000000000000000 
1 0.00000000000000000 0.00000000000000000 0.00000000000000000 -1.00000000000000000 
1 -44.18779516596788426 -116.13953934717332572 -0.90277413767857650 -0.43011493387082322 
1 0.00000000000000000 0.00000000000000000 1.00000000000000000 0.00000000000000000 
1 0.00000000000000000 -5.00000000000000000 1.00000000000000000 0.00000000000000000 
1 0.09780510805509351 0.00000000000000000 0.00000000000000000 -1.00000000000000000 
1 0.00000000000000000 0.00000000000000000 0.00000000000000000 -1.00000000000000000 
1 -44.55793256241607025 -116.31588647006034876 -0.43011493387085659 0.90277413767856063 
1 0.00000000000000000 0.00000000000000000 1.00000000000000000 0.00000000000000000 
1 0.00000000000000000 -5.00000000000000000 1.00000000000000000 0.00000000000000000 
1 0.09780510805509834 0.00000000000000000 0.00000000000000000 -1.00000000000000000 
1 0.00000000000000000 0.00000000000000000 0.00000000000000000 -1.00000000000000000 
1 -44.59999999999941878 -116.22759054797535327 0.00000000000000000 1.00000000000000000 
1 0.00000000000000000 0.00000000000000000 1.00000000000000000 0.00000000000000000 
1 0.00000000000000000 -5.00000000000000000 1.00000000000000000 0.00000000000000000 
1 0.00000000000000000 0.00000000000000000 0.00000000000000000 -1.00000000000000000 
1 0.40999999999997527 0.00000000000000000 0.00000000000000000 -1.00000000000000000 
1 -44.59999999999941878 -116.12978543992025493 1.00000000000000000 0.00000000000000000 
1 0.00000000000000000 0.00000000000000000 1.00000000000000000 0.00000000000000000 
1 0.00000000000000000 -5.00000000000000000 1.00000000000000000 0.00000000000000000 
1 0.00000000000000000 0.00000000000000000 0.00000000000000000 -1.00000000000000000 
1 45.29979505774908688 0.00000000000000000 0.00000000000000000 -1.00000000000000000 
1 -44.18999999999944350 -116.12978543992025493 0.97539072624217238 0.22048340336807126 
1 0.00000000000000000 0.00000000000000000 1.00000000000000000 0.00000000000000000 
1 0.00000000000000000 -5.00000000000000000 1.00000000000000000 0.00000000000000000 
1 0.00000000000000000 0.00000000000000000 0.00000000000000000 -1.00000000000000000 
1 231.08096683190078124 0.00000000000000000 0.00000000000000000 -1.00000000000000000 
1 -0.00499999999999500 -106.14193245371160401 0.00000000000000000 1.00000000000000000 
1 0.00000000000000000 0.00000000000000000 1.00000000000000000 0.00000000000000000 
1 0.00000000000000000 -5.00000000000000000 1.00000000000000000 0.00000000000000000 
1 51.02044328827572173 0.00000000000000000 0.00000000000000000 -1.00000000000000000 
1 0.00000000000000000 0.00000000000000000 0.00000000000000000 -1.00000000000000000 
1 -0.00499999999999500 124.93903437818917723 -0.86602540378462300 0.49999999999968081 
1 0.00000000000000000 0.00000000000000000 1.00000000000000000 0.00000000000000000 
1 0.00000000000000000 -5.00000000000000000 1.00000000000000000 0.00000000000000000 
1 0.40999999999998948 -0.00000000000000000 0.00000000000000000 -1.00000000000000000 
1 0.00000000000000000 0.00000000000000000 0.00000000000000000 -1.00000000000000000 
1 -44.18999999999942929 150.44925602231074890 -1.00000000000000000 0.00000000000000000 
1 0.00000000000000000 0.00000000000000000 1.00000000000000000 0.00000000000000000 
1 0.00000000000000000 -5.00000000000000000 1.00000000000000000 0.00000000000000000 
1 0.24248711305943971 0.00000000000000000 0.00000000000000000 -1.00000000000000000 
1 0.00000000000000000 0.00000000000000000 0.00000000000000000 -1.00000000000000000 
1 -44.59999999999941878 150.44925602231074890 0.00000000000000000 1.00000000000000000 
1 0.00000000000000000 0.00000000000000000 1.00000000000000000 0.00000000000000000 
1 0.00000000000000000 -5.00000000000000000 1.00000000000000000 0.00000000000000000 
1 0.24248711305943615 0.00000000000000000 0.00000000000000000 -1.00000000000000000 
1 0.00000000000000000 0.00000000000000000 0.00000000000000000 -1.00000000000000000 
1 -44.59999999999941878 150.69174313537018861 0.86602540378409609 0.50000000000059341 
1 0.00000000000000000 0.00000000000000000 1.00000000000000000 0.00000000000000000 
1 0.00000000000000000 -5.00000000000000000 1.00000000000000000 0.00000000000000000 
1 0.00000000000000000 0.00000000000000000 0.00000000000000000 -1.00000000000000000 
1 0.40999999999996972 0.00000000000000000 0.00000000000000000 -1.00000000000000000 
1 -44.38999999999968082 150.81298669190005057 0.50000000000065670 -0.86602540378405957 
1 0.00000000000000000 0.00000000000000000 1.00000000000000000 0.00000000000000000 
1 0.00000000000000000 -5.00000000000000000 1.00000000000000000 0.00000000000000000 
1 0.00000000000000000 0.00000000000000000 0.00000000000000000 -1.00000000000000000 
1 51.01466978558384824 0.00000000000000000 0.00000000000000000 -1.00000000000000000 
1 -44.18499999999942673 150.45791627634861243 0.86602540378462256 -0.49999999999968153 
1 0.00000000000000000 0.00000000000000000 1.00000000000000000 0.00000000000000000 
1 0.00000000000000000 -5.00000000000000000 1.00000000000000000 0.00000000000000000 
1 60.25569685433259792 0.00000000000000000 0.00000000000000000 -1.00000000000000000 
1 -0.00499999999999500 124.95058138357293842 0.00000000000000000 1.00000000000000000 
1 0.00000000000000000 0.00000000000000000 1.00000000000000000 0.00000000000000000 
1 0.00000000000000000 -5.00000000000000000 1.00000000000000000 0.00000000000000000 
1 30.21552545799567469 0.00000000000000000 0.00000000000000000 -1.00000000000000000 
1 0.00000000000000000 0.00000000000000000 0.00000000000000000 -1.00000000000000000 
1 0.00000000000000040 -149.46944193250661215 0.53380008717185390 -0.84561070649284065 
1 0.00000000000000000 0.00000000000000000 1.00000000000000000 0.00000000000000000 
1 0.00000000000000000 -5.00000000000000000 1.00000000000000000 0.00000000000000000 
1 51.01466978558384824 0.00000000000000000 0.00000000000000000 -1.00000000000000000 
1 0.00000000000000000 0.00000000000000000 0.00000000000000000 -1.00000000000000000 
1 60.25569685433259792 0.00000000000000000 0.00000000000000000 -1.00000000000000000 
1 0.00499999999999601 124.95058138357293842 0.00000000000000000 1.00000000000000000 
1 0.00000000000000000 0.00000000000000000 1.00000000000000000 0.00000000000000000 
1 0.00000000000000000 -5.00000000000000000 1.00000000000000000 0.00000000000000000 
1 0.00000000000000000 0.00000000000000000 0.00000000000000000 -1.00000000000000000 
1 0.40999999999996972 0.00000000000000000 0.00000000000000000 -1.00000000000000000 
1 0.00000000000000000 0.00000000000000000 1.00000000000000000 0.00000000000000000 
1 0.00000000000000000 -5.00000000000000000 1.00000000000000000 0.00000000000000000 
1 44.18499999999942673 150.45791627634861243 -0.86602540378462256 -0.49999999999968153 
1 0.00000000000000000 0.00000000000000000 0.00000000000000000 -1.00000000000000000 
1 0.24248711305943615 0.00000000000000000 0.00000000000000000 -1.00000000000000000 
1 0.00000000000000000 0.00000000000000000 1.00000000000000000 0.00000000000000000 
1 0.00000000000000000 -5.00000000000000000 1.00000000000000000 0.00000000000000000 
1 44.38999999999968082 150.81298669190005057 -0.50000000000065670 -0.86602540378405957 
1 0.00000000000000000 0.00000000000000000 0.00000000000000000 -1.00000000000000000 
1 0.24248711305943971 0.00000000000000000 0.00000000000000000 -1.00000000000000000 
1 0.00000000000000000 0.00000000000000000 1.00000000000000000 0.00000000000000000 
1 0.00000000000000000 -5.00000000000000000 1.00000000000000000 0.00000000000000000 
1 44.59999999999941878 150.69174313537018861 -0.86602540378409609 0.50000000000059341 
1 0.00000000000000000 0.00000000000000000 0.00000000000000000 -1.00000000000000000 
1 0.40999999999998948 0.00000000000000000 0.00000000000000000 -1.00000000000000000 
1 0.00000000000000000 0.00000000000000000 1.00000000000000000 0.00000000000000000 
1 0.00000000000000000 -5.00000000000000000 1.00000000000000000 0.00000000000000000 
1 44.59999999999941878 150.44925602231074890 0.00000000000000000 1.00000000000000000 
1 0.00000000000000000 0.00000000000000000 0.00000000000000000 -1.00000000000000000 
1 51.02044328827572173 0.00000000000000000 0.00000000000000000 -1.00000000000000000 
1 0.00000000000000000 0.00000000000000000 1.00000000000000000 0.00000000000000000 
1 0.00000000000000000 -5.00000000000000000 1.00000000000000000 0.00000000000000000 
1 44.18999999999942929 150.44925602231074890 1.00000000000000000 0.00000000000000000 
1 0.00000000000000000 0.00000000000000000 0.00000000000000000 -1.00000000000000000 
1 231.08096683190078124 0.00000000000000000 0.00000000000000000 -1.00000000000000000 
1 0.00000000000000000 0.00000000000000000 1.00000000000000000 0.00000000000000000 
1 0.00000000000000000 -5.00000000000000000 1.00000000000000000 0.00000000000000000 
1 0.00499999999999601 124.93903437818917723 0.86602540378462300 0.49999999999968081 
1 45.29979505774908688 0.00000000000000000 0.00000000000000000 -1.00000000000000000 
1 0.00000000000000000 0.00000000000000000 0.00000000000000000 -1.00000000000000000 
1 0.00499999999999601 -106.14193245371160401 0.00000000000000000 1.00000000000000000 
1 0.00000000000000000 0.00000000000000000 1.00000000000000000 0.00000000000000000 
1 0.00000000000000000 -5.00000000000000000 1.00000000000000000 0.00000000000000000 
1 0.00000000000000000 0.00000000000000000 0.00000000000000000 -1.00000000000000000 
1 0.40999999999997527 0.00000000000000000 0.00000000000000000 -1.00000000000000000 
1 44.18999999999944350 -116.12978543992025493 -0.97539072624217238 0.22048340336807126 
1 0.00000000000000000 0.00000000000000000 1.00000000000000000 0.00000000000000000 
1 0.00000000000000000 -5.00000000000000000 1.00000000000000000 0.00000000000000000 
1 0.00000000000000000 -0.00000000000000000 0.00000000000000000 -1.00000000000000000 
1 0.09780510805509834 0.00000000000000000 0.00000000000000000 -1.00000000000000000 
1 44.59999999999941878 -116.12978543992025493 -1.00000000000000000 0.00000000000000000 
1 0.00000000000000000 -0.00000000000000000 1.00000000000000000 0.00000000000000000 
1 0.00000000000000000 -5.00000000000000000 1.00000000000000000 0.00000000000000000 
1 0.00000000000000000 0.00000000000000000 0.00000000000000000 -1.00000000000000000 
1 0.09780510805509351 0.00000000000000000 0.00000000000000000 -1.00000000000000000 
1 44.59999999999941878 -116.22759054797535327 0.00000000000000000 1.00000000000000000 
1 0.00000000000000000 0.00000000000000000 1.00000000000000000 0.00000000000000000 
1 0.00000000000000000 -5.00000000000000000 1.00000000000000000 0.00000000000000000 
1 0.00000000000000000 0.00000000000000000 0.00000000000000000 -1.00000000000000000 
1 0.40999999999996634 0.00000000000000000 0.00000000000000000 -1.00000000000000000 
1 44.55793256241607025 -116.31588647006034876 0.43011493387085659 0.90277413767856063 
1 0.00000000000000000 0.00000000000000000 1.00000000000000000 0.00000000000000000 
1 0.00000000000000000 -5.00000000000000000 1.00000000000000000 0.00000000000000000 
1 0.00000000000000000 0.00000000000000000 0.00000000000000000 -1.00000000000000000 
1 45.29753459537810301 0.00000000000000000 0.00000000000000000 -1.00000000000000000 
1 44.18779516596788426 -116.13953934717332572 0.90277413767857650 -0.43011493387082322 
1 0.00000000000000000 0.00000000000000000 1.00000000000000000 0.00000000000000000 
1 0.00000000000000000 -5.00000000000000000 1.00000000000000000 0.00000000000000000 
1 0.00000000000000000 0.00000000000000000 0.00000000000000000 -1.00000000000000000 
1 43.30644424055606123 0.00000000000000000 0.00000000000000000 -1.00000000000000000 
1 0.00499999999999601 -106.15218475541075804 0.97539072624221901 -0.22048340336786496 
1 0.00000000000000000 0.00000000000000000 1.00000000000000000 0.00000000000000000 
1 0.00000000000000000 -5.00000000000000000 1.00000000000000000 0.00000000000000000 
1 30.22199999246490876 0.00000000000000000 0.00000000000000000 -1.00000000000000000 
1 0.00000000000000000 0.00000000000000000 0.00000000000000000 -1.00000000000000000 
1 0.00499999999999601 -149.45862899596681928 0.00000000000000000 1.00000000000000000 
1 0.00000000000000000 0.00000000000000000 1.00000000000000000 0.00000000000000000 
1 0.00000000000000000 -5.00000000000000000 1.00000000000000000 0.00000000000000000 
1 0.00000000000000000 0.00000000000000000 0.00000000000000000 -1.00000000000000000 
1 0.41000000000039383 0.00000000000000000 0.00000000000000000 -1.00000000000000000 
1 16.13750623047936372 -175.01467576122558967 -0.53380008717164984 0.84561070649296954 
1 0.00000000000000000 0.00000000000000000 1.00000000000000000 0.00000000000000000 
1 0.00000000000000000 -5.00000000000000000 1.00000000000000000 0.00000000000000000 
1 0.00000000000000000 0.00000000000000000 0.00000000000000000 -1.00000000000000000 
1 0.26472942456789705 0.00000000000000000 0.00000000000000000 -1.00000000000000000 
1 16.50764362692840237 -175.19102288411181689 -0.90277413767971493 0.43011493386843375 
1 0.00000000000000000 0.00000000000000000 1.00000000000000000 0.00000000000000000 
1 0.00000000000000000 -5.00000000000000000 1.00000000000000000 0.00000000000000000 
1 0.00000000000000000 0.00000000000000000 0.00000000000000000 -1.00000000000000000 
1 0.26472942456624793 0.00000000000000000 0.00000000000000000 -1.00000000000000000 
1 16.39377954798770887 -175.43001376209471687 0.43011493386708888 0.90277413768035575 
1 0.00000000000000000 0.00000000000000000 1.00000000000000000 0.00000000000000000 
1 0.00000000000000000 -5.00000000000000000 1.00000000000000000 0.00000000000000000 
1 0.00000000000000000 0.00000000000000000 0.00000000000000000 -1.00000000000000000 
1 0.40999999999996817 0.00000000000000000 0.00000000000000000 -1.00000000000000000 
1 16.12905012342146094 -175.43001376209471687 1.00000000000000000 0.00000000000000000 
1 0.00000000000000000 0.00000000000000000 1.00000000000000000 0.00000000000000000 
1 0.00000000000000000 -5.00000000000000000 1.00000000000000000 0.00000000000000000 
1 16.12905012342146094 -175.02001376209474870 0.00000000000000000 -1.00000000000000000 
1 0.00000000000000000 0.00000000000000000 1.00000000000000000 0.00000000000000000 
1 0.00000000000000000 -5.00000000000000000 1.00000000000000000 0.00000000000000000 
1 -0.00499999999999500 185.20627823790553634 1.00000000000000000 0.00000000000000000 
Curves 87
1 -0.00000000000000000 -144.53942817041215108 39.89999999999999858 0.00000000000000000 0.00000000000000000 1.00000000000000000 
1 -16.12905012342146094 -170.09000000000028763 39.89999999999999858 0.00000000000000000 0.00000000000000000 1.00000000000000000 
1 0.00000000000000010 -144.53942817041215108 0.00000000000000000 -0.53380008717185390 -0.84561070649284065 -0.00000000000000000 
1 -16.12905012342146094 -170.50000000000025580 39.89999999999999858 0.00000000000000000 0.00000000000000000 1.00000000000000000 
1 -16.12905012342146094 -170.09000000000028763 0.00000000000000000 -0.00000000000000000 -1.00000000000000000 -0.00000000000000000 
1 -16.39377954798770887 -170.50000000000025580 39.89999999999999858 0.00000000000000000 0.00000000000000000 1.00000000000000000 
1 -16.12905012342146094 -170.50000000000025580 0.00000000000000000 -1.00000000000000000 -0.00000000000000000 -0.00000000000000000 
1 -16.50764362692840237 -170.26100912201735582 39.89999999999999858 0.00000000000000000 0.00000000000000000 1.00000000000000000 
1 -16.39377954798770887 -170.50000000000025580 0.00000000000000000 -0.43011493386708888 0.90277413768035575 -0.00000000000000000 
1 -16.13750623047936372 -170.08466199913112860 39.89999999999999858 0.00000000000000000 0.00000000000000000 1.00000000000000000 
1 -16.50764362692840237 -170.26100912201735582 0.00000000000000000 0.90277413767971493 0.43011493386843375 -0.00000000000000000 
1 -0.00499999999999548 -144.52861523387235820 39.89999999999999858 0.00000000000000000 0.00000000000000000 1.00000000000000000 
1 -16.13750623047936372 -170.08466199913112860 0.00000000000000000 0.53380008717164984 0.84561070649296954 -0.00000000000000000 
1 -0.00499999999999550 -101.22217099331629697 39.89999999999999858 0.00000000000000000 0.00000000000000000 1.00000000000000000 
1 -0.00499999999999550 -144.52861523387235820 0.00000000000000000 -0.00000000000000000 1.00000000000000000 -0.00000000000000000 
1 -44.18779516596788426 -111.20952558507886465 39.89999999999999858 0.00000000000000000 0.00000000000000000 1.00000000000000000 
1 -0.00499999999999550 -101.22217099331629697 0.00000000000000000 -0.97539072624221901 -0.22048340336786496 -0.00000000000000000 
1 -44.55793256241607025 -111.38587270796588768 39.89999999999999858 0.00000000000000000 0.00000000000000000 1.00000000000000000 
1 -44.18779516596788426 -111.20952558507886465 0.00000000000000000 -0.90277413767857650 -0.43011493387082322 -0.00000000000000000 
1 -44.59999999999941878 -111.29757678588089220 39.89999999999999858 0.00000000000000000 0.00000000000000000 1.00000000000000000 
1 -44.55793256241607025 -111.38587270796588768 0.00000000000000000 -0.43011493387085659 0.90277413767856063 -0.00000000000000000 
1 -44.59999999999941878 -111.19977167782579386 39.89999999999999858 0.00000000000000000 0.00000000000000000 1.00000000000000000 
1 -44.59999999999941878 -111.29757678588089220 0.00000000000000000 -0.00000000000000000 1.00000000000000000 -0.00000000000000000 
1 -44.18999999999944350 -111.19977167782579386 39.89999999999999858 0.00000000000000000 0.00000000000000000 1.00000000000000000 
1 -44.59999999999941878 -111.19977167782579386 0.00000000000000000 1.00000000000000000 -0.00000000000000000 -0.00000000000000000 
1 -0.00499999999999548 -101.21191869161714294 39.89999999999999858 0.00000000000000000 0.00000000000000000 1.00000000000000000 
1 -44.18999999999944350 -111.19977167782579386 0.00000000000000000 0.97539072624217238 0.22048340336807126 -0.00000000000000000 
1 -0.00499999999999550 129.86904814028363830 39.89999999999999858 0.00000000000000000 0.00000000000000000 1.00000000000000000 
1 -0.00499999999999550 -101.21191869161714294 0.00000000000000000 -0.00000000000000000 1.00000000000000000 -0.00000000000000000 
1 -44.18999999999942929 155.37926978440520998 39.89999999999999858 0.00000000000000000 0.00000000000000000 1.00000000000000000 
1 -0.00499999999999550 129.86904814028363830 0.00000000000000000 -0.86602540378462300 0.49999999999968081 -0.00000000000000000 
1 -44.59999999999941878 155.37926978440520998 39.89999999999999858 0.00000000000000000 0.00000000000000000 1.00000000000000000 
1 -44.18999999999942929 155.37926978440520998 0.00000000000000000 -1.00000000000000000 -0.00000000000000000 -0.00000000000000000 
1 -44.59999999999941878 155.62175689746464968 39.89999999999999858 0.00000000000000000 0.00000000000000000 1.00000000000000000 
1 -44.59999999999941878 155.37926978440520998 0.00000000000000000 -0.00000000000000000 1.00000000000000000 -0.00000000000000000 
1 -44.38999999999968082 155.74300045399451164 39.89999999999999858 0.00000000000000000 0.00000000000000000 1.00000000000000000 
1 -44.59999999999941878 155.62175689746464968 0.00000000000000000 0.86602540378409609 0.50000000000059341 -0.00000000000000000 
1 -44.18499999999942673 155.38793003844307350 39.89999999999999858 0.00000000000000000 0.00000000000000000 1.00000000000000000 
1 -44.38999999999968082 155.74300045399451164 0.00000000000000000 0.50000000000065670 -0.86602540378405957 0.00000000000000000 
1 -0.00499999999999548 129.88059514566739949 39.89999999999999858 0.00000000000000000 0.00000000000000000 1.00000000000000000 
1 -44.18499999999942673 155.38793003844307350 0.00000000000000000 0.86602540378462256 -0.49999999999968153 0.00000000000000000 
1 -0.00499999999999550 190.13629199999999742 39.89999999999999858 0.00000000000000000 0.00000000000000000 1.00000000000000000 
1 -0.00499999999999550 129.88059514566739949 0.00000000000000000 -0.00000000000000000 1.00000000000000000 -0.00000000000000000 
1 16.12905012342146094 -170.09000000000028763 39.89999999999999858 0.00000000000000000 0.00000000000000000 1.00000000000000000 
1 -0.00000000000000010 -144.53942817041215108 0.00000000000000000 0.53380008717185390 -0.84561070649284065 0.00000000000000000 
1 0.00499999999999548 129.88059514566739949 39.89999999999999858 0.00000000000000000 0.00000000000000000 1.00000000000000000 
1 0.00499999999999550 190.13629199999999742 39.89999999999999858 0.00000000000000000 0.00000000000000000 1.00000000000000000 
1 0.00499999999999550 129.88059514566739949 0.00000000000000000 0.00000000000000000 1.00000000000000000 0.00000000000000000 
1 44.18499999999942673 155.38793003844307350 39.89999999999999858 0.00000000000000000 0.00000000000000000 1.00000000000000000 
1 44.18499999999942673 155.38793003844307350 0.00000000000000000 -0.86602540378462256 -0.49999999999968153 0.00000000000000000 
1 44.38999999999968082 155.74300045399451164 39.89999999999999858 0.00000000000000000 0.00000000000000000 1.00000000000000000 
1 44.38999999999968082 155.74300045399451164 0.00000000000000000 -0.50000000000065670 -0.86602540378405957 0.00000000000000000 
1 44.59999999999941878 155.62175689746464968 39.89999999999999858 0.00000000000000000 0.00000000000000000 1.00000000000000000 
1 44.59999999999941878 155.62175689746464968 0.00000000000000000 -0.86602540378409609 0.50000000000059341 0.00000000000000000 
1 44.59999999999941878 155.37926978440520998 39.89999999999999858 0.00000000000000000 0.00000000000000000 1.00000000000000000 
1 44.59999999999941878 155.37926978440520998 0.00000000000000000 0.00000000000000000 1.00000000000000000 0.00000000000000000 
1 44.18999999999942929 155.37926978440520998 39.89999999999999858 0.00000000000000000 0.00000000000000000 1.00000000000000000 
1 44.18999999999942929 155.37926978440520998 0.00000000000000000 1.00000000000000000 0.00000000000000000 0.00000000000000000 
1 0.00499999999999550 129.86904814028363830 39.89999999999999858 0.00000000000000000 0.00000000000000000 1.00000000000000000 
1 0.00499999999999550 129.86904814028363830 0.00000000000000000 0.86602540378462300 0.49999999999968081 0.00000000000000000 
1 0.00499999999999548 -101.21191869161714294 39.89999999999999858 0.00000000000000000 0.00000000000000000 1.00000000000000000 
1 0.00499999999999550 -101.21191869161714294 0.00000000000000000 0.00000000000000000 1.00000000000000000 0.00000000000000000 
1 44.18999999999944350 -111.19977167782579386 39.89999999999999858 0.00000000000000000 0.00000000000000000 1.00000000000000000 
1 44.18999999999944350 -111.19977167782579386 0.00000000000000000 -0.97539072624217238 0.22048340336807126 0.00000000000000000 
1 44.59999999999941878 -111.19977167782579386 39.89999999999999858 0.00000000000000000 0.00000000000000000 1.00000000000000000 
1 44.59999999999941878 -111.19977167782579386 0.00000000000000000 -1.00000000000000000 0.00000000000000000 0.00000000000000000 
1 44.59999999999941878 -111.29757678588089220 39.89999999999999858 0.00000000000000000 0.00000000000000000 1.00000000000000000 
1 44.59999999999941878 -111.29757678588089220 0.00000000000000000 0.00000000000000000 1.00000000000000000 0.00000000000000000 
1 44.55793256241607025 -111.38587270796588768 39.89999999999999858 0.00000000000000000 0.00000000000000000 1.00000000000000000 
1 44.55793256241607025 -111.38587270796588768 0.00000000000000000 0.43011493387085659 0.90277413767856063 0.00000000000000000 
1 44.18779516596788426 -111.20952558507886465 39.89999999999999858 0.00000000000000000 0.00000000000000000 1.00000000000000000 
1 44.18779516596788426 -111.20952558507886465 0.00000000000000000 0.90277413767857650 -0.43011493387082322 0.00000000000000000 
1 0.00499999999999550 -101.22217099331629697 39.89999999999999858 0.00000000000000000 0.00000000000000000 1.00000000000000000 
1 0.00499999999999550 -101.22217099331629697 0.00000000000000000 0.97539072624221901 -0.22048340336786496 0.00000000000000000 
1 0.00499999999999548 -144.52861523387235820 39.89999999999999858 0.00000000000000000 0.00000000000000000 1.00000000000000000 
1 0.00499999999999550 -144.52861523387235820 0.00000000000000000 0.00000000000000000 1.00000000000000000 0.00000000000000000 
1 16.13750623047936372 -170.08466199913112860 39.89999999999999858 0.00000000000000000 0.00000000000000000 1.00000000000000000 
1 16.13750623047936372 -170.08466199913112860 0.00000000000000000 -0.53380008717164984 0.84561070649296954 0.00000000000000000 
1 16.50764362692840237 -170.26100912201735582 39.89999999999999858 0.00000000000000000 0.00000000000000000 1.00000000000000000 
1 16.50764362692840237 -170.26100912201735582 0.00000000000000000 -0.90277413767971493 0.43011493386843375 0.00000000000000000 
1 16.39377954798770887 -170.50000000000025580 39.89999999999999858 0.00000000000000000 0.00000000000000000 1.00000000000000000 
1 16.39377954798770887 -170.50000000000025580 0.00000000000000000 0.43011493386708888 0.90277413768035575 0.00000000000000000 
1 16.12905012342146094 -170.50000000000025580 39.89999999999999858 0.00000000000000000 0.00000000000000000 1.00000000000000000 
1 16.12905012342146094 -170.50000000000025580 0.00000000000000000 1.00000000000000000 0.00000000000000000 0.00000000000000000 
1 16.12905012342146094 -170.09000000000028763 0.00000000000000000 0.00000000000000000 -1.00000000000000000 0.00000000000000000 
1 -0.00499999999999550 190.13629199999999742 39.89999999999999858 1.00000000000000000 0.00000000000000000 0.00000000000000000 
1 0.00499999999999550 190.13629199999999742 44.89999999999999858 -1.00000000000000000 0.00000000000000000 0.00000000000000000 
Polygon3D 0
PolygonOnTriangulations 0
Surfaces 44
1 0.00000000000000010 -144.53942817041215108 39.89999999999999858 0.84561070649284065 -0.53380008717185390 0.00000000000000000 -0.53380008717185390 -0.84561070649284065 0.00000000000000000 0.00000000000000000 -0.00000000000000000 -1.00000000000000000 
1 -0.00000000000000010 -144.53942817041215108 39.89999999999999858 0.84561070649284065 0.53380008717185390 -0.00000000000000000 0.53380008717185390 -0.84561070649284065 0.00000000000000000 0.00000000000000000 -0.00000000000000000 -1.00000000000000000 
1 -16.12905012342146094 -170.09000000000028763 39.89999999999999858 1.00000000000000000 0.00000000000000000 0.00000000000000000 0.00000000000000000 -1.00000000000000000 0.00000000000000000 0.00000000000000000 0.00000000000000000 -1.00000000000000000 
1 -0.00000000000000050 4.93001376209446818 0.00000000000000000 0.00000000000000000 0.00000000000000000 1.00000000000000000 1.00000000000000000 0.00000000000000000 -0.00000000000000000 -0.00000000000000000 1.00000000000000000 0.00000000000000000 
1 -16.12905012342146094 -170.50000000000025580 39.89999999999999858 0.00000000000000000 -1.00000000000000000 0.00000000000000000 -1.00000000000000000 0.00000000000000000 0.00000000000000000 -0.00000000000000000 -0.00000000000000000 -1.00000000000000000 
1 -16.39377954798770887 -170.50000000000025580 39.89999999999999858 -0.90277413768035575 -0.43011493386708888 0.00000000000000000 -0.43011493386708888 0.90277413768035575 0.00000000000000000 -0.00000000000000000 0.00000000000000000 -1.00000000000000000 
1 -16.50764362692840237 -170.26100912201735582 39.89999999999999858 -0.43011493386843375 0.90277413767971493 0.00000000000000000 0.90277413767971493 0.43011493386843375 0.00000000000000000 0.00000000000000000 0.00000000000000000 -1.00000000000000000 
1 -16.13750623047936372 -170.08466199913112860 39.89999999999999858 -0.84561070649296954 0.53380008717164984 0.00000000000000000 0.53380008717164984 0.84561070649296954 0.00000000000000000 0.00000000000000000 0.00000000000000000 -1.00000000000000000 
1 -0.00499999999999550 -144.52861523387235820 39.89999999999999858 -1.00000000000000000 0.00000000000000000 0.00000000000000000 0.00000000000000000 1.00000000000000000 0.00000000000000000 0.00000000000000000 0.00000000000000000 -1.00000000000000000 
1 -0.00499999999999550 -101.22217099331629697 39.89999999999999858 0.22048340336786496 -0.97539072624221901 0.00000000000000000 -0.97539072624221901 -0.22048340336786496 0.00000000000000000 0.00000000000000000 -0.00000000000000000 -1.00000000000000000 
1 -44.18779516596788426 -111.20952558507886465 39.89999999999999858 0.43011493387082322 -0.90277413767857650 0.00000000000000000 -0.90277413767857650 -0.43011493387082322 0.00000000000000000 0.00000000000000000 -0.00000000000000000 -1.00000000000000000 
1 -44.55793256241607025 -111.38587270796588768 39.89999999999999858 -0.90277413767856063 -0.43011493387085659 0.00000000000000000 -0.43011493387085659 0.90277413767856063 0.00000000000000000 -0.00000000000000000 0.00000000000000000 -1.00000000000000000 
1 -44.59999999999941878 -111.29757678588089220 39.89999999999999858 -1.00000000000000000 0.00000000000000000 0.00000000000000000 0.00000000000000000 1.00000000000000000 0.00000000000000000 0.00000000000000000 0.00000000000000000 -1.00000000000000000 
1 -44.59999999999941878 -111.19977167782579386 39.89999999999999858 0.00000000000000000 1.00000000000000000 0.00000000000000000 1.00000000000000000 0.00000000000000000 0.00000000000000000 0.00000000000000000 0.00000000000000000 -1.00000000000000000 
1 -44.18999999999944350 -111.19977167782579386 39.89999999999999858 -0.22048340336807126 0.97539072624217238 0.00000000000000000 0.97539072624217238 0.22048340336807126 0.00000000000000000 0.00000000000000000 0.00000000000000000 -1.00000000000000000 
1 -0.00499999999999550 -101.21191869161714294 39.89999999999999858 -1.00000000000000000 0.00000000000000000 0.00000000000000000 0.00000000000000000 1.00000000000000000 0.00000000000000000 0.00000000000000000 0.00000000000000000 -1.00000000000000000 
1 -0.00499999999999550 129.86904814028363830 39.89999999999999858 -0.49999999999968081 -0.86602540378462300 0.00000000000000000 -0.86602540378462300 0.49999999999968081 0.00000000000000000 -0.00000000000000000 0.00000000000000000 -1.00000000000000000 
1 -44.18999999999942929 155.37926978440520998 39.89999999999999858 0.00000000000000000 -1.00000000000000000 0.00000000000000000 -1.00000000000000000 0.00000000000000000 0.00000000000000000 -0.00000000000000000 -0.00000000000000000 -1.00000000000000000 
1 -44.59999999999941878 155.37926978440520998 39.89999999999999858 -1.00000000000000000 0.00000000000000000 0.00000000000000000 0.00000000000000000 1.00000000000000000 0.00000000000000000 0.00000000000000000 0.00000000000000000 -1.00000000000000000 
1 -44.59999999999941878 155.62175689746464968 39.89999999999999858 -0.50000000000059341 0.86602540378409609 0.00000000000000000 0.86602540378409609 0.50000000000059341 0.00000000000000000 0.00000000000000000 0.00000000000000000 -1.00000000000000000 
1 -44.38999999999968082 155.74300045399451164 39.89999999999999858 0.86602540378405957 0.50000000000065670 -0.00000000000000000 0.50000000000065670 -0.86602540378405957 0.00000000000000000 0.00000000000000000 -0.00000000000000000 -1.00000000000000000 
1 -44.18499999999942673 155.38793003844307350 39.89999999999999858 0.49999999999968153 0.86602540378462256 -0.00000000000000000 0.86602540378462256 -0.49999999999968153 0.00000000000000000 0.00000000000000000 -0.00000000000000000 -1.00000000000000000 
1 -0.00499999999999550 129.88059514566739949 39.89999999999999858 -1.00000000000000000 0.00000000000000000 0.00000000000000000 0.00000000000000000 1.00000000000000000 0.00000000000000000 0.00000000000000000 0.00000000000000000 -1.00000000000000000 
1 16.12905012342146094 -170.09000000000028763 39.89999999999999858 1.00000000000000000 0.00000000000000000 -0.00000000000000000 0.00000000000000000 -1.00000000000000000 0.00000000000000000 0.00000000000000000 -0.00000000000000000 -1.00000000000000000 
1 0.00499999999999550 129.88059514566739949 39.89999999999999858 -1.00000000000000000 0.00000000000000000 0.00000000000000000 0.00000000000000000 1.00000000000000000 0.00000000000000000 0.00000000000000000 0.00000000000000000 -1.00000000000000000 
1 44.18499999999942673 155.38793003844307350 39.89999999999999858 0.49999999999968153 -0.86602540378462256 0.00000000000000000 -0.86602540378462256 -0.49999999999968153 0.00000000000000000 0.00000000000000000 -0.00000000000000000 -1.00000000000000000 
1 44.38999999999968082 155.74300045399451164 39.89999999999999858 0.86602540378405957 -0.50000000000065670 0.00000000000000000 -0.50000000000065670 -0.86602540378405957 0.00000000000000000 0.00000000000000000 -0.00000000000000000 -1.00000000000000000 
1 44.59999999999941878 155.62175689746464968 39.89999999999999858 -0.50000000000059341 -0.86602540378409609 0.00000000000000000 -0.86602540378409609 0.50000000000059341 0.00000000000000000 -0.00000000000000000 0.00000000000000000 -1.00000000000000000 
1 44.59999999999941878 155.37926978440520998 39.89999999999999858 -1.00000000000000000 0.00000000000000000 0.00000000000000000 0.00000000000000000 1.00000000000000000 0.00000000000000000 0.00000000000000000 0.00000000000000000 -1.00000000000000000 
1 44.18999999999942929 155.37926978440520998 39.89999999999999858 0.00000000000000000 1.00000000000000000 0.00000000000000000 1.00000000000000000 0.00000000000000000 0.00000000000000000 0.00000000000000000 0.00000000000000000 -1.00000000000000000 
1 0.00499999999999550 129.86904814028363830 39.89999999999999858 -0.49999999999968081 0.86602540378462300 0.00000000000000000 0.86602540378462300 0.49999999999968081 0.00000000000000000 0.00000000000000000 0.00000000000000000 -1.00000000000000000 
1 0.00499999999999550 -101.21191869161714294 39.89999999999999858 -1.00000000000000000 0.00000000000000000 0.00000000000000000 0.00000000000000000 1.00000000000000000 0.00000000000000000 0.00000000000000000 0.00000000000000000 -1.00000000000000000 
