
CASCADE Topology V1, (c) Matra-Datavision
Locations 21
1
1.000000000000000 0.000000000000000 0.000000000000000 0.000000000000000 
0.000000000000000 1.000000000000000 0.000000000000000 0.000000000000000 
0.000000000000000 0.000000000000000 1.000000000000000 0.000000000000000 
1
1.000000000000000 0.000000000000000 0.000000000000000 0.000000000000000 
0.000000000000000 1.000000000000000 0.000000000000000 0.000000000000000 
0.000000000000000 0.000000000000000 1.000000000000000 0.000000000000000 
1
1.000000000000000 0.000000000000000 0.000000000000000 0.000000000000000 
0.000000000000000 1.000000000000000 0.000000000000000 0.000000000000000 
0.000000000000000 0.000000000000000 1.000000000000000 0.000000000000000 
1
1.000000000000000 0.000000000000000 0.000000000000000 0.000000000000000 
0.000000000000000 1.000000000000000 0.000000000000000 0.000000000000000 
0.000000000000000 0.000000000000000 1.000000000000000 0.000000000000000 
1
1.000000000000000 0.000000000000000 0.000000000000000 0.000000000000000 
0.000000000000000 1.000000000000000 0.000000000000000 0.000000000000000 
0.000000000000000 0.000000000000000 1.000000000000000 0.000000000000000 
1
1.000000000000000 0.000000000000000 0.000000000000000 0.000000000000000 
0.000000000000000 1.000000000000000 0.000000000000000 0.000000000000000 
0.000000000000000 0.000000000000000 1.000000000000000 0.000000000000000 
1
1.000000000000000 0.000000000000000 0.000000000000000 0.000000000000000 
0.000000000000000 1.000000000000000 0.000000000000000 0.000000000000000 
0.000000000000000 0.000000000000000 1.000000000000000 0.000000000000000 
2  2 1 3 -1 4 -1 5 -1 6 -1 7 -1 1 -1 0
1
1.000000000000000 0.000000000000000 0.000000000000000 0.000000000000000 
0.000000000000000 1.000000000000000 0.000000000000000 0.000000000000000 
0.000000000000000 0.000000000000000 1.000000000000000 3.000000000000000 
2  9 -1 2 1 3 -1 4 -1 5 -1 6 -1 7 -1 1 -1 0
1
-0.500000000000001 -0.866025403784439 0.000000000000000 0.000000000000085 
0.866025403784439 -0.500000000000001 0.000000000000000 -0.000000000000028 
0.000000000000000 0.000000000000000 1.000000000000001 0.000000000000000 
2  2 1 3 -1 4 -1 5 -1 11 -1 7 -1 1 -1 0
2  9 -1 2 1 3 -1 4 -1 5 -1 11 -1 7 -1 1 -1 0
2  5 -1 6 -1 7 -1 1 -1 0
2  5 -1 11 -1 7 -1 1 -1 0
1
1.000000000000000 0.000000000000000 0.000000000000000 0.000000000000000 
0.000000000000000 1.000000000000000 0.000000000000000 0.000000000000000 
0.000000000000000 0.000000000000000 1.000000000000000 0.000000000000000 
2  16 -1 0
1
-0.500000000000000 0.866025403784439 0.000000000000000 0.000000000000021 
-0.866025403784439 -0.500000000000000 0.000000000000000 0.000000000000099 
0.000000000000000 0.000000000000000 1.000000000000000 0.000000000000000 
2  2 1 3 -1 4 -1 5 -1 18 -1 7 -1 1 -1 0
2  9 -1 2 1 3 -1 4 -1 5 -1 18 -1 7 -1 1 -1 0
2  5 -1 18 -1 7 -1 1 -1 0
Curve2ds 15
1 0.00000000000000000 0.00000000000000000 1.00000000000000000 0.00000000000000000 
1 0.00000000000000000 -3.00000000000000000 1.00000000000000000 0.00000000000000000 
1 0.00000000000000000 0.00000000000000000 1.00000000000000000 0.00000000000000000 
1 0.00000000000000000 -3.00000000000000000 1.00000000000000000 0.00000000000000000 
2 -0.00000000000001316 0.00000000000002677 -1.00000000000000000 0.00000000000000000 0.00000000000000000 1.00000000000000000 354.17021174407386752
2 0.00000000000007211 -0.00000000000000165 0.50000000000000056 -0.86602540378443837 -0.86602540378443837 -0.50000000000000056 354.17021174407392436
1 0.00000000000000000 0.00000000000000000 1.00000000000000000 0.00000000000000000 
1 0.00000000000000000 -3.00000000000000000 1.00000000000000000 0.00000000000000000 
1 0.00000000000000000 0.00000000000000000 1.00000000000000000 0.00000000000000000 
1 0.00000000000000000 -3.00000000000000000 1.00000000000000000 0.00000000000000000 
1 0.00000000000000000 0.00000000000000000 1.00000000000000000 0.00000000000000000 
1 0.00000000000000000 -3.00000000000000000 1.00000000000000000 0.00000000000000000 
2 -255.70454913011639064 161.93962032611540280 -1.00000000000000000 0.00000000000000000 0.00000000000000000 1.00000000000000000 51.50000000000000000
2 -12.39155051656429585 -302.41644557298468499 0.50000000000000056 -0.86602540378443837 -0.86602540378443837 -0.50000000000000056 51.50000000000000711
2 268.09609964668106841 140.47682524686925376 0.50000000000000033 0.86602540378443860 0.86602540378443860 -0.50000000000000033 51.49999999999999289
Curves 3
2 0.00000000000000000 0.00000000000000000 0.00000000000000000 0.00000000000000000 0.00000000000000000 -1.00000000000000000 -1.00000000000000000 -0.00000000000000000 -0.00000000000000000 -0.00000000000000000 1.00000000000000000 0.00000000000000000 354.17021174407386752
2 -255.70454913011639064 161.93962032611537438 0.00000000000000000 0.00000000000000000 0.00000000000000000 -1.00000000000000000 -1.00000000000000000 -0.00000000000000000 -0.00000000000000000 -0.00000000000000000 1.00000000000000000 0.00000000000000000 51.50000000000000000
2 0.00000000000000000 -549.44557738923845136 0.00000000000000000 0.00000000000000000 0.00000000000000000 -1.00000000000000000 -1.00000000000000000 -0.00000000000000000 -0.00000000000000000 -0.00000000000000000 1.00000000000000000 0.00000000000000000 807.44557738923845136
Polygon3D 0
PolygonOnTriangulations 0
Surfaces 6
2 0.00000000000000000 0.00000000000000000 0.00000000000000000 0.00000000000000000 0.00000000000000000 -1.00000000000000000 -1.00000000000000000 -0.00000000000000000 -0.00000000000000000 -0.00000000000000000 1.00000000000000000 0.00000000000000000 354.17021174407386752
2 0.00000000000008527 -0.00000000000002842 0.00000000000000000 -0.00000000000000000 0.00000000000000000 -1.00000000000000000 0.50000000000000056 -0.86602540378443837 -0.00000000000000000 -0.86602540378443837 -0.50000000000000056 0.00000000000000000 354.17021174407392436
1 0.00000000000001316 -0.00000000000002677 0.00000000000000000 0.00000000000000000 0.00000000000000000 1.00000000000000000 1.00000000000000000 0.00000000000000000 -0.00000000000000000 -0.00000000000000000 1.00000000000000000 0.00000000000000000 
2 -255.70454913011639064 161.93962032611537438 0.00000000000000000 0.00000000000000000 0.00000000000000000 -1.00000000000000000 -1.00000000000000000 -0.00000000000000000 -0.00000000000000000 -0.00000000000000000 1.00000000000000000 0.00000000000000000 51.50000000000000000
2 -12.39155051656428341 -302.41644557298468499 0.00000000000000000 -0.00000000000000000 0.00000000000000000 -1.00000000000000000 0.50000000000000056 -0.86602540378443837 -0.00000000000000000 -0.86602540378443837 -0.50000000000000056 0.00000000000000000 51.50000000000001421
2 268.09609964668106841 140.47682524686922534 0.00000000000000000 0.00000000000000000 -0.00000000000000000 -1.00000000000000000 0.50000000000000033 0.86602540378443860 0.00000000000000000 0.86602540378443860 -0.50000000000000033 0.00000000000000000 51.50000000000000000
Triangulations 0

TShapes 8
Ve
0.000000100000619
-306.720400634081500 177.085105872037161 0.000000000000000
0 0

0101101
*
Ve
0.000000100000028
-299.213238684726434 189.494001706225646 0.000000000000000
0 0

0101101
*
Ed
 0.000000100000000 1 1 0
1  1 0 0.523598775598299 0.564550988021803
2  1 1 8 0.523598775598299 0.564550988021803
2  2 1 10 0.523598775598299 0.564550988021803
2  3 2 12 0.523598775598299 0.564550988021803
2  4 2 13 0.523598775598299 0.564550988021803
2  5 3 14 0.523598775598299 0.564550988021803
2  6 3 15 0.523598775598299 0.564550988021803
0

0101000
+8 17 -7 17 *
Ve
0.000000100000080
-273.124829999648455 210.403873280500335 0.000000000000000
0 0

0101101
*
Ed
 0.000000100000000 1 1 0
1  2 0 0.564550988021803 1.225731290108291
2  7 4 8 0.564550988021803 1.225731290108291
2  8 4 10 0.564550988021803 1.225731290108291
2  9 5 12 0.564550988021803 1.225731290108291
2  10 5 13 0.564550988021803 1.225731290108291
2  11 6 19 0.564550988021803 1.225731290108291
2  12 6 20 0.564550988021803 1.225731290108291
2  13 3 14 0.564550988021803 1.225731290108291
2  14 3 15 0.564550988021803 1.225731290108291
2  15 3 21 0.564550988021803 1.225731290108291
0

0101000
+7 17 -5 17 *
Ve
0.000000100000000
-0.000000000000049 258.000000000000000 0.000000000000000
0 0

0101101
*
Ed
 0.000000100000000 1 1 0
1  3 0 1.225731290108291 1.570796326794897
0

0101000
+5 17 -3 17 *
Wi

0101000
+6 0 +4 0 +2 0 *

+1 1 