
CASCADE Topology V1, (c) Matra-Datavision
Locations 96
1
1.000000000000000 0.000000000000000 0.000000000000000 0.000000000000000 
0.000000000000000 1.000000000000000 0.000000000000000 0.000000000000000 
0.000000000000000 0.000000000000000 1.000000000000000 0.000000000000000 
1
0.866025403784439 0.000000000000000 0.500000000000000 0.400000000000000 
0.500000000000000 -0.000000000000000 -0.866025403784439 0.000000000000000 
0.000000000000000 1.000000000000000 -0.000000000000000 0.000000000000000 
1
1.000000000000000 0.000000000000000 0.000000000000000 0.000000000000000 
0.000000000000000 1.000000000000000 0.000000000000000 0.000000000000000 
0.000000000000000 0.000000000000000 1.000000000000000 0.000000000000000 
2  1 1 2 1 3 -1 0
1
1.000000000000000 0.000000000000000 0.000000000000000 -2.500000000000000 
0.000000000000000 1.000000000000000 0.000000000000000 4.330127018922194 
0.000000000000000 0.000000000000000 1.000000000000000 0.000000000000001 
2  1 1 2 1 3 -1 5 1 0
1
1.000000000000000 0.000000000000000 0.000000000000000 0.000000000000000 
0.000000000000000 1.000000000000000 0.000000000000000 0.000000000000000 
0.000000000000000 0.000000000000000 1.000000000000000 0.000000000000000 
1
0.866025403784439 0.000000000000000 0.500000000000000 0.400000000000000 
0.500000000000000 -0.000000000000000 -0.866025403784439 0.000000000000000 
0.000000000000000 1.000000000000000 -0.000000000000000 0.000000000000000 
1
1.000000000000000 0.000000000000000 0.000000000000000 0.000000000000000 
0.000000000000000 1.000000000000000 0.000000000000000 0.000000000000000 
0.000000000000000 0.000000000000000 1.000000000000000 0.000000000000000 
2  7 1 8 -1 9 -1 0
1
1.000000000000000 0.000000000000000 0.000000000000000 -2.500000000000000 
0.000000000000000 1.000000000000000 0.000000000000000 4.330127018922194 
0.000000000000000 0.000000000000000 1.000000000000000 0.000000000000001 
2  11 -1 7 1 8 -1 9 -1 0
2  8 -1 9 -1 0
1
1.000000000000000 0.000000000000000 0.000000000000000 0.000000000000000 
0.000000000000000 1.000000000000000 0.000000000000000 0.000000000000000 
0.000000000000000 0.000000000000000 1.000000000000000 0.000000000000000 
1
0.866025403784439 0.000000000000000 0.500000000000000 0.400000000000000 
0.500000000000000 -0.000000000000000 -0.866025403784439 0.000000000000000 
0.000000000000000 1.000000000000000 -0.000000000000000 0.000000000000000 
1
1.000000000000000 0.000000000000000 0.000000000000000 0.000000000000000 
0.000000000000000 1.000000000000000 0.000000000000000 0.000000000000000 
0.000000000000000 0.000000000000000 1.000000000000000 0.000000000000000 
2  14 1 15 -1 16 -1 0
1
1.000000000000000 0.000000000000000 0.000000000000000 -2.500000000000000 
0.000000000000000 1.000000000000000 0.000000000000000 4.330127018922194 
0.000000000000000 0.000000000000000 1.000000000000000 0.000000000000001 
2  18 -1 14 1 15 -1 16 -1 0
2  15 -1 16 -1 0
1
1.000000000000000 0.000000000000000 0.000000000000000 0.000000000000000 
0.000000000000000 1.000000000000000 0.000000000000000 0.000000000000000 
0.000000000000000 0.000000000000000 1.000000000000000 0.000000000000000 
1
0.866025403784439 0.000000000000000 0.500000000000000 0.400000000000000 
0.500000000000000 -0.000000000000000 -0.866025403784439 0.000000000000000 
0.000000000000000 1.000000000000000 -0.000000000000000 0.000000000000000 
1
1.000000000000000 0.000000000000000 0.000000000000000 0.000000000000000 
0.000000000000000 1.000000000000000 0.000000000000000 0.000000000000000 
0.000000000000000 0.000000000000000 1.000000000000000 0.000000000000000 
2  21 1 22 -1 23 -1 0
1
1.000000000000000 0.000000000000000 0.000000000000000 -2.500000000000000 
0.000000000000000 1.000000000000000 0.000000000000000 4.330127018922194 
0.000000000000000 0.000000000000000 1.000000000000000 0.000000000000001 
2  25 -1 21 1 22 -1 23 -1 0
2  22 -1 23 -1 0
1
1.000000000000000 0.000000000000000 0.000000000000000 0.000000000000000 
0.000000000000000 1.000000000000000 0.000000000000000 0.000000000000000 
0.000000000000000 0.000000000000000 1.000000000000000 0.000000000000000 
1
0.866025403784439 0.000000000000000 0.500000000000000 0.400000000000000 
0.500000000000000 -0.000000000000000 -0.866025403784439 0.000000000000000 
0.000000000000000 1.000000000000000 -0.000000000000000 0.000000000000000 
1
1.000000000000000 0.000000000000000 0.000000000000000 0.000000000000000 
0.000000000000000 1.000000000000000 0.000000000000000 0.000000000000000 
0.000000000000000 0.000000000000000 1.000000000000000 0.000000000000000 
2  28 1 29 -1 30 -1 0
1
1.000000000000000 0.000000000000000 0.000000000000000 -2.500000000000000 
0.000000000000000 1.000000000000000 0.000000000000000 4.330127018922194 
0.000000000000000 0.000000000000000 1.000000000000000 0.000000000000001 
2  32 -1 28 1 29 -1 30 -1 0
2  29 -1 30 -1 0
1
1.000000000000000 0.000000000000000 0.000000000000000 0.000000000000000 
0.000000000000000 1.000000000000000 0.000000000000000 0.000000000000000 
0.000000000000000 0.000000000000000 1.000000000000000 0.000000000000000 
1
0.866025403784439 0.000000000000000 0.500000000000000 0.400000000000000 
0.500000000000000 -0.000000000000000 -0.866025403784439 0.000000000000000 
0.000000000000000 1.000000000000000 -0.000000000000000 0.000000000000000 
1
1.000000000000000 0.000000000000000 0.000000000000000 0.000000000000000 
0.000000000000000 1.000000000000000 0.000000000000000 0.000000000000000 
0.000000000000000 0.000000000000000 1.000000000000000 0.000000000000000 
2  35 1 36 -1 37 -1 0
1
1.000000000000000 0.000000000000000 0.000000000000000 -2.500000000000000 
0.000000000000000 1.000000000000000 0.000000000000000 4.330127018922194 
0.000000000000000 0.000000000000000 1.000000000000000 0.000000000000001 
2  39 -1 35 1 36 -1 37 -1 0
2  36 -1 37 -1 0
1
1.000000000000000 0.000000000000000 0.000000000000000 0.000000000000000 
0.000000000000000 1.000000000000000 0.000000000000000 0.000000000000000 
0.000000000000000 0.000000000000000 1.000000000000000 0.000000000000000 
1
0.866025403784439 0.000000000000000 0.500000000000000 0.400000000000000 
0.500000000000000 -0.000000000000000 -0.866025403784439 0.000000000000000 
0.000000000000000 1.000000000000000 -0.000000000000000 0.000000000000000 
1
1.000000000000000 0.000000000000000 0.000000000000000 0.000000000000000 
0.000000000000000 1.000000000000000 0.000000000000000 0.000000000000000 
0.000000000000000 0.000000000000000 1.000000000000000 0.000000000000000 
2  42 1 43 -1 44 -1 0
1
1.000000000000000 0.000000000000000 0.000000000000000 -2.500000000000000 
0.000000000000000 1.000000000000000 0.000000000000000 4.330127018922194 
0.000000000000000 0.000000000000000 1.000000000000000 0.000000000000001 
2  46 -1 42 1 43 -1 44 -1 0
2  43 -1 44 -1 0
1
1.000000000000000 0.000000000000000 0.000000000000000 0.000000000000000 
0.000000000000000 1.000000000000000 0.000000000000000 0.000000000000000 
0.000000000000000 0.000000000000000 1.000000000000000 0.000000000000000 
1
0.866025403784439 0.000000000000000 0.500000000000000 0.400000000000000 
0.500000000000000 -0.000000000000000 -0.866025403784439 0.000000000000000 
0.000000000000000 1.000000000000000 -0.000000000000000 0.000000000000000 
1
1.000000000000000 0.000000000000000 0.000000000000000 0.000000000000000 
0.000000000000000 1.000000000000000 0.000000000000000 0.000000000000000 
0.000000000000000 0.000000000000000 1.000000000000000 0.000000000000000 
2  49 1 50 -1 51 -1 0
1
1.000000000000000 0.000000000000000 0.000000000000000 -2.500000000000000 
0.000000000000000 1.000000000000000 0.000000000000000 4.330127018922194 
0.000000000000000 0.000000000000000 1.000000000000000 0.000000000000001 
2  53 -1 49 1 50 -1 51 -1 0
2  50 -1 51 -1 0
1
1.000000000000000 0.000000000000000 0.000000000000000 0.000000000000000 
0.000000000000000 1.000000000000000 0.000000000000000 0.000000000000000 
0.000000000000000 0.000000000000000 1.000000000000000 0.000000000000000 
1
0.866025403784439 0.000000000000000 0.500000000000000 0.400000000000000 
0.500000000000000 -0.000000000000000 -0.866025403784439 0.000000000000000 
0.000000000000000 1.000000000000000 -0.000000000000000 0.000000000000000 
1
1.000000000000000 0.000000000000000 0.000000000000000 0.000000000000000 
0.000000000000000 1.000000000000000 0.000000000000000 0.000000000000000 
0.000000000000000 0.000000000000000 1.000000000000000 0.000000000000000 
2  56 1 57 -1 58 -1 0
1
1.000000000000000 0.000000000000000 0.000000000000000 -2.500000000000000 
0.000000000000000 1.000000000000000 0.000000000000000 4.330127018922194 
0.000000000000000 0.000000000000000 1.000000000000000 0.000000000000001 
2  60 -1 56 1 57 -1 58 -1 0
2  57 -1 58 -1 0
1
1.000000000000000 0.000000000000000 0.000000000000000 0.000000000000000 
0.000000000000000 1.000000000000000 0.000000000000000 0.000000000000000 
0.000000000000000 0.000000000000000 1.000000000000000 0.000000000000000 
1
0.866025403784439 0.000000000000000 0.500000000000000 0.400000000000000 
0.500000000000000 -0.000000000000000 -0.866025403784439 0.000000000000000 
0.000000000000000 1.000000000000000 -0.000000000000000 0.000000000000000 
1
1.000000000000000 0.000000000000000 0.000000000000000 0.000000000000000 
0.000000000000000 1.000000000000000 0.000000000000000 0.000000000000000 
0.000000000000000 0.000000000000000 1.000000000000000 0.000000000000000 
2  63 1 64 -1 65 -1 0
1
1.000000000000000 0.000000000000000 0.000000000000000 -2.500000000000000 
0.000000000000000 1.000000000000000 0.000000000000000 4.330127018922194 
0.000000000000000 0.000000000000000 1.000000000000000 0.000000000000001 
2  67 -1 63 1 64 -1 65 -1 0
2  64 -1 65 -1 0
1
1.000000000000000 0.000000000000000 0.000000000000000 0.000000000000000 
0.000000000000000 1.000000000000000 0.000000000000000 0.000000000000000 
0.000000000000000 0.000000000000000 1.000000000000000 0.000000000000000 
1
0.866025403784439 0.000000000000000 0.500000000000000 0.400000000000000 
0.500000000000000 -0.000000000000000 -0.866025403784439 0.000000000000000 
0.000000000000000 1.000000000000000 -0.000000000000000 0.000000000000000 
1
1.000000000000000 0.000000000000000 0.000000000000000 0.000000000000000 
0.000000000000000 1.000000000000000 0.000000000000000 0.000000000000000 
0.000000000000000 0.000000000000000 1.000000000000000 0.000000000000000 
2  70 1 71 -1 72 -1 0
1
1.000000000000000 0.000000000000000 0.000000000000000 -2.500000000000000 
0.000000000000000 1.000000000000000 0.000000000000000 4.330127018922194 
0.000000000000000 0.000000000000000 1.000000000000000 0.000000000000001 
2  74 -1 70 1 71 -1 72 -1 0
2  71 -1 72 -1 0
1
1.000000000000000 0.000000000000000 0.000000000000000 0.000000000000000 
0.000000000000000 1.000000000000000 0.000000000000000 0.000000000000000 
0.000000000000000 0.000000000000000 1.000000000000000 0.000000000000000 
1
0.866025403784439 0.000000000000000 0.500000000000000 0.400000000000000 
0.500000000000000 -0.000000000000000 -0.866025403784439 0.000000000000000 
0.000000000000000 1.000000000000000 -0.000000000000000 0.000000000000000 
1
1.000000000000000 0.000000000000000 0.000000000000000 0.000000000000000 
0.000000000000000 1.000000000000000 0.000000000000000 0.000000000000000 
0.000000000000000 0.000000000000000 1.000000000000000 0.000000000000000 
2  77 1 78 -1 79 -1 0
1
1.000000000000000 0.000000000000000 0.000000000000000 -2.500000000000000 
0.000000000000000 1.000000000000000 0.000000000000000 4.330127018922194 
0.000000000000000 0.000000000000000 1.000000000000000 0.000000000000001 
2  81 -1 77 1 78 -1 79 -1 0
2  78 -1 79 -1 0
1
1.000000000000000 0.000000000000000 0.000000000000000 0.000000000000000 
0.000000000000000 1.000000000000000 0.000000000000000 0.000000000000000 
0.000000000000000 0.000000000000000 1.000000000000000 0.000000000000000 
1
0.866025403784439 0.000000000000000 0.500000000000000 0.400000000000000 
0.500000000000000 -0.000000000000000 -0.866025403784439 0.000000000000000 
0.000000000000000 1.000000000000000 -0.000000000000000 0.000000000000000 
1
1.000000000000000 0.000000000000000 0.000000000000000 0.000000000000000 
0.000000000000000 1.000000000000000 0.000000000000000 0.000000000000000 
0.000000000000000 0.000000000000000 1.000000000000000 0.000000000000000 
2  84 1 85 -1 86 -1 0
1
1.000000000000000 0.000000000000000 0.000000000000000 -2.500000000000000 
0.000000000000000 1.000000000000000 0.000000000000000 4.330127018922194 
0.000000000000000 0.000000000000000 1.000000000000000 0.000000000000001 
2  88 -1 84 1 85 -1 86 -1 0
2  85 -1 86 -1 0
2  3 1 2 -1 1 -1 0
2  5 -1 3 1 2 -1 1 -1 0
2  2 -1 1 -1 0
2  3 -1 0
2  1 1 2 1 0
2  3 -1 5 1 0
Curve2ds 203
1 3.14159265358979312 0.00000000000000000 0.00000000000000000 -1.00000000000000000 
1 0.00000000000000000 0.00000000000000000 0.00000000000000009 -1.00000000000000000 
1 4.18879020478639141 0.00000000000000000 0.00000000000000000 -1.00000000000000000 
1 1.04719755119659808 0.00000000000000000 0.00000000000000000 -1.00000000000000000 
1 0.00000000000000000 0.00000000000000000 1.00000000000000000 0.00000000000000000 
1 0.00000000000000000 -5.00000000000000000 1.00000000000000000 0.00000000000000000 
2 2.26708106942543974 -14.75450916320872352 1.00000000000000000 -0.00000000000000011 -0.00000000000000011 -1.00000000000000000 4.06985500000114708
1 0.00000000000000000 0.00000000000000000 1.00000000000000000 0.00000000000000000 
1 0.00000000000000000 -5.00000000000000000 1.00000000000000000 0.00000000000000000 
2 2.26708106942543974 -14.75450916320872352 1.00000000000000000 -0.00000000000000011 -0.00000000000000011 -1.00000000000000000 4.06985500000114708
1 0.00000000000000000 0.00000000000000000 1.00000000000000000 0.00000000000000000 
1 0.00000000000000000 -5.00000000000000000 1.00000000000000000 0.00000000000000000 
2 2.26708106942543974 -14.75450916320872352 1.00000000000000000 -0.00000000000000011 -0.00000000000000011 -1.00000000000000000 4.06985500000114708
1 0.00000000000000000 0.00000000000000000 1.00000000000000000 0.00000000000000000 
1 0.00000000000000000 -5.00000000000000000 1.00000000000000000 0.00000000000000000 
2 2.26708106942543974 -14.75450916320872352 1.00000000000000000 -0.00000000000000011 -0.00000000000000011 -1.00000000000000000 4.06985500000114708
1 0.00000000000000000 0.00000000000000000 1.00000000000000000 0.00000000000000000 
1 0.00000000000000000 -5.00000000000000000 1.00000000000000000 0.00000000000000000 
2 2.26708106942543974 -14.75450916320872352 1.00000000000000000 -0.00000000000000011 -0.00000000000000011 -1.00000000000000000 4.06985500000114708
1 0.00000000000000000 0.00000000000000000 1.00000000000000000 0.00000000000000000 
1 0.00000000000000000 -5.00000000000000000 1.00000000000000000 0.00000000000000000 
2 2.26708106942543974 -14.75450916320872352 1.00000000000000000 -0.00000000000000011 -0.00000000000000011 -1.00000000000000000 4.06985500000114708
1 0.00000000000000000 0.00000000000000000 1.00000000000000000 0.00000000000000000 
1 0.00000000000000000 -5.00000000000000000 1.00000000000000000 0.00000000000000000 
2 2.26708106942543974 -14.75450916320872352 1.00000000000000000 -0.00000000000000011 -0.00000000000000011 -1.00000000000000000 4.06985500000114708
1 0.00000000000000000 0.00000000000000000 1.00000000000000000 0.00000000000000000 
1 0.00000000000000000 -5.00000000000000000 1.00000000000000000 0.00000000000000000 
2 2.26708106942543974 -14.75450916320872352 1.00000000000000000 -0.00000000000000011 -0.00000000000000011 -1.00000000000000000 4.06985500000114708
1 0.00000000000000000 0.00000000000000000 1.00000000000000000 0.00000000000000000 
1 0.00000000000000000 -5.00000000000000000 1.00000000000000000 0.00000000000000000 
2 2.26708106942543974 -14.75450916320872352 1.00000000000000000 -0.00000000000000011 -0.00000000000000011 -1.00000000000000000 4.06985500000114708
1 0.00000000000000000 0.00000000000000000 1.00000000000000000 0.00000000000000000 
1 0.00000000000000000 -5.00000000000000000 1.00000000000000000 0.00000000000000000 
2 2.26708106942543974 -14.75450916320872352 1.00000000000000000 -0.00000000000000011 -0.00000000000000011 -1.00000000000000000 4.06985500000114708
1 0.00000000000000000 0.00000000000000000 1.00000000000000000 0.00000000000000000 
1 0.00000000000000000 -5.00000000000000000 1.00000000000000000 0.00000000000000000 
2 2.26708106942543974 -14.75450916320872352 1.00000000000000000 -0.00000000000000011 -0.00000000000000011 -1.00000000000000000 4.06985500000114708
1 0.00000000000000000 0.00000000000000000 1.00000000000000000 0.00000000000000000 
1 0.00000000000000000 -5.00000000000000000 1.00000000000000000 0.00000000000000000 
2 2.26708106942543974 -14.75450916320872352 1.00000000000000000 -0.00000000000000011 -0.00000000000000011 -1.00000000000000000 4.06985500000114708
1 0.00000000000000000 0.00000000000000000 1.00000000000000000 0.00000000000000000 
1 0.00000000000000000 -5.00000000000000000 1.00000000000000000 0.00000000000000000 
2 2.26708106942543974 -14.75450916320872352 1.00000000000000000 -0.00000000000000011 -0.00000000000000011 -1.00000000000000000 4.06985500000114708
1 -0.00000000000000100 0.00000000000000000 0.00000000000000000 -1.00000000000000000 
1 0.00000000000000000 0.00000000000000000 0.00000000000000009 -1.00000000000000000 
1 0.00000000000000000 0.00000000000000000 1.00000000000000000 0.00000000000000000 
1 0.00000000000000000 -5.00000000000000000 1.00000000000000000 0.00000000000000000 
2 -1.80277393057570645 -7.70531352376850620 1.00000000000000000 -0.00000000000000011 -0.00000000000000011 -1.00000000000000000 4.06985500000114708
1 0.00000000000000000 0.00000000000000000 1.00000000000000000 0.00000000000000000 
1 0.00000000000000000 -5.00000000000000000 1.00000000000000000 0.00000000000000000 
2 -1.80277393057570645 -7.70531352376850620 1.00000000000000000 -0.00000000000000011 -0.00000000000000011 -1.00000000000000000 4.06985500000114708
1 0.00000000000000000 0.00000000000000000 1.00000000000000000 0.00000000000000000 
1 0.00000000000000000 -5.00000000000000000 1.00000000000000000 0.00000000000000000 
2 -1.80277393057570645 -7.70531352376850620 1.00000000000000000 -0.00000000000000011 -0.00000000000000011 -1.00000000000000000 4.06985500000114708
1 0.00000000000000000 0.00000000000000000 1.00000000000000000 0.00000000000000000 
1 0.00000000000000000 -5.00000000000000000 1.00000000000000000 0.00000000000000000 
2 -1.80277393057570645 -7.70531352376850620 1.00000000000000000 -0.00000000000000011 -0.00000000000000011 -1.00000000000000000 4.06985500000114708
1 0.00000000000000000 0.00000000000000000 1.00000000000000000 0.00000000000000000 
1 0.00000000000000000 -5.00000000000000000 1.00000000000000000 0.00000000000000000 
2 -1.80277393057570645 -7.70531352376850620 1.00000000000000000 -0.00000000000000011 -0.00000000000000011 -1.00000000000000000 4.06985500000114708
1 0.00000000000000000 0.00000000000000000 1.00000000000000000 0.00000000000000000 
1 0.00000000000000000 -5.00000000000000000 1.00000000000000000 0.00000000000000000 
2 -1.80277393057570645 -7.70531352376850620 1.00000000000000000 -0.00000000000000011 -0.00000000000000011 -1.00000000000000000 4.06985500000114708
1 0.00000000000000000 0.00000000000000000 1.00000000000000000 0.00000000000000000 
1 0.00000000000000000 -5.00000000000000000 1.00000000000000000 0.00000000000000000 
2 -1.80277393057570645 -7.70531352376850620 1.00000000000000000 -0.00000000000000011 -0.00000000000000011 -1.00000000000000000 4.06985500000114708
1 0.00000000000000000 0.00000000000000000 1.00000000000000000 0.00000000000000000 
1 0.00000000000000000 -5.00000000000000000 1.00000000000000000 0.00000000000000000 
2 -1.80277393057570645 -7.70531352376850620 1.00000000000000000 -0.00000000000000011 -0.00000000000000011 -1.00000000000000000 4.06985500000114708
1 0.00000000000000000 0.00000000000000000 1.00000000000000000 0.00000000000000000 
1 0.00000000000000000 -5.00000000000000000 1.00000000000000000 0.00000000000000000 
2 -1.80277393057570645 -7.70531352376850620 1.00000000000000000 -0.00000000000000011 -0.00000000000000011 -1.00000000000000000 4.06985500000114708
1 0.00000000000000000 0.00000000000000000 1.00000000000000000 0.00000000000000000 
1 0.00000000000000000 -5.00000000000000000 1.00000000000000000 0.00000000000000000 
2 -1.80277393057570645 -7.70531352376850620 1.00000000000000000 -0.00000000000000011 -0.00000000000000011 -1.00000000000000000 4.06985500000114708
1 0.00000000000000000 0.00000000000000000 1.00000000000000000 0.00000000000000000 
1 0.00000000000000000 -5.00000000000000000 1.00000000000000000 0.00000000000000000 
2 -1.80277393057570645 -7.70531352376850620 1.00000000000000000 -0.00000000000000011 -0.00000000000000011 -1.00000000000000000 4.06985500000114708
1 0.00000000000000000 0.00000000000000000 1.00000000000000000 0.00000000000000000 
1 0.00000000000000000 -5.00000000000000000 1.00000000000000000 0.00000000000000000 
2 -1.80277393057570645 -7.70531352376850620 1.00000000000000000 -0.00000000000000011 -0.00000000000000011 -1.00000000000000000 4.06985500000114708
1 0.00000000000000000 0.00000000000000000 1.00000000000000000 0.00000000000000000 
1 0.00000000000000000 -5.00000000000000000 1.00000000000000000 0.00000000000000000 
2 -1.80277393057570645 -7.70531352376850620 1.00000000000000000 -0.00000000000000011 -0.00000000000000011 -1.00000000000000000 4.06985500000114708
1 21.09477759023360832 -0.00000000000000017 0.00000000000000009 -1.00000000000000000 
1 4.06985500000114708 0.00000000000000022 0.00000000000000011 -1.00000000000000000 
1 0.00000000000000000 0.00000000000000000 1.00000000000000000 0.00000000000000000 
1 0.00000000000000096 -5.00000000000000000 1.00000000000000000 0.00000000000000000 
1 2.26708106942544063 -7.70531352376850265 0.00000000000000011 1.00000000000000000 
1 0.00000000000000000 0.00000000000000000 1.00000000000000000 0.00000000000000000 
1 0.00000000000000096 -5.00000000000000000 1.00000000000000000 0.00000000000000000 
1 2.26708106942544063 -7.70531352376850265 0.00000000000000011 1.00000000000000000 
1 0.00000000000000000 0.00000000000000000 1.00000000000000000 0.00000000000000000 
1 0.00000000000000096 -5.00000000000000000 1.00000000000000000 0.00000000000000000 
1 2.26708106942544063 -7.70531352376850265 0.00000000000000011 1.00000000000000000 
1 0.00000000000000000 0.00000000000000000 1.00000000000000000 0.00000000000000000 
1 0.00000000000000096 -5.00000000000000000 1.00000000000000000 0.00000000000000000 
1 2.26708106942544063 -7.70531352376850265 0.00000000000000011 1.00000000000000000 
1 0.00000000000000000 0.00000000000000000 1.00000000000000000 0.00000000000000000 
1 0.00000000000000096 -5.00000000000000000 1.00000000000000000 0.00000000000000000 
1 2.26708106942544063 -7.70531352376850265 0.00000000000000011 1.00000000000000000 
1 0.00000000000000000 0.00000000000000000 1.00000000000000000 0.00000000000000000 
1 0.00000000000000096 -5.00000000000000000 1.00000000000000000 0.00000000000000000 
1 2.26708106942544063 -7.70531352376850265 0.00000000000000011 1.00000000000000000 
1 0.00000000000000000 0.00000000000000000 1.00000000000000000 0.00000000000000000 
1 0.00000000000000096 -5.00000000000000000 1.00000000000000000 0.00000000000000000 
1 2.26708106942544063 -7.70531352376850265 0.00000000000000011 1.00000000000000000 
1 0.00000000000000000 0.00000000000000000 1.00000000000000000 0.00000000000000000 
1 0.00000000000000096 -5.00000000000000000 1.00000000000000000 0.00000000000000000 
1 2.26708106942544063 -7.70531352376850265 0.00000000000000011 1.00000000000000000 
1 0.00000000000000000 0.00000000000000000 1.00000000000000000 0.00000000000000000 
1 0.00000000000000096 -5.00000000000000000 1.00000000000000000 0.00000000000000000 
1 2.26708106942544063 -7.70531352376850265 0.00000000000000011 1.00000000000000000 
1 0.00000000000000000 0.00000000000000000 1.00000000000000000 0.00000000000000000 
1 0.00000000000000096 -5.00000000000000000 1.00000000000000000 0.00000000000000000 
1 2.26708106942544063 -7.70531352376850265 0.00000000000000011 1.00000000000000000 
1 0.00000000000000000 0.00000000000000000 1.00000000000000000 0.00000000000000000 
1 0.00000000000000096 -5.00000000000000000 1.00000000000000000 0.00000000000000000 
1 2.26708106942544063 -7.70531352376850265 0.00000000000000011 1.00000000000000000 
1 0.00000000000000000 0.00000000000000000 1.00000000000000000 0.00000000000000000 
1 0.00000000000000096 -5.00000000000000000 1.00000000000000000 0.00000000000000000 
1 2.26708106942544063 -7.70531352376850265 0.00000000000000011 1.00000000000000000 
1 0.00000000000000000 0.00000000000000000 1.00000000000000000 0.00000000000000000 
1 0.00000000000000096 -5.00000000000000000 1.00000000000000000 0.00000000000000000 
1 2.26708106942544063 -7.70531352376850265 0.00000000000000011 1.00000000000000000 
1 28.14397322967382920 0.00000000000000000 0.00000000000000009 -1.00000000000000000 
1 0.00000000000000000 0.00000000000000000 0.00000000000000011 -1.00000000000000000 
1 0.00000000000000000 0.00000000000000000 1.00000000000000000 -0.00000000000000000 
1 0.00000000000000044 -5.00000000000000089 1.00000000000000000 -0.00000000000000000 
1 -1.80277393057570401 13.38946406646510567 1.00000000000000000 -0.00000000000000011 
1 0.00000000000000000 0.00000000000000000 1.00000000000000000 -0.00000000000000000 
1 0.00000000000000044 -5.00000000000000089 1.00000000000000000 -0.00000000000000000 
1 -1.80277393057570401 13.38946406646510567 1.00000000000000000 -0.00000000000000011 
1 0.00000000000000000 0.00000000000000000 1.00000000000000000 -0.00000000000000000 
1 0.00000000000000044 -5.00000000000000089 1.00000000000000000 -0.00000000000000000 
1 -1.80277393057570401 13.38946406646510567 1.00000000000000000 -0.00000000000000011 
1 0.00000000000000000 0.00000000000000000 1.00000000000000000 -0.00000000000000000 
1 0.00000000000000044 -5.00000000000000089 1.00000000000000000 -0.00000000000000000 
1 -1.80277393057570401 13.38946406646510567 1.00000000000000000 -0.00000000000000011 
1 0.00000000000000000 0.00000000000000000 1.00000000000000000 -0.00000000000000000 
1 0.00000000000000044 -5.00000000000000089 1.00000000000000000 -0.00000000000000000 
1 -1.80277393057570401 13.38946406646510567 1.00000000000000000 -0.00000000000000011 
1 0.00000000000000000 0.00000000000000000 1.00000000000000000 -0.00000000000000000 
1 0.00000000000000044 -5.00000000000000089 1.00000000000000000 -0.00000000000000000 
1 -1.80277393057570401 13.38946406646510567 1.00000000000000000 -0.00000000000000011 
1 0.00000000000000000 0.00000000000000000 1.00000000000000000 -0.00000000000000000 
1 0.00000000000000044 -5.00000000000000089 1.00000000000000000 -0.00000000000000000 
1 -1.80277393057570401 13.38946406646510567 1.00000000000000000 -0.00000000000000011 
1 0.00000000000000000 0.00000000000000000 1.00000000000000000 -0.00000000000000000 
1 0.00000000000000044 -5.00000000000000089 1.00000000000000000 -0.00000000000000000 
1 -1.80277393057570401 13.38946406646510567 1.00000000000000000 -0.00000000000000011 
1 -1.80277393057570401 13.38946406646510567 1.00000000000000000 -0.00000000000000011 
1 0.00000000000000000 0.00000000000000000 1.00000000000000000 -0.00000000000000000 
1 0.00000000000000044 -5.00000000000000089 1.00000000000000000 -0.00000000000000000 
1 -1.80277393057570401 13.38946406646510567 1.00000000000000000 -0.00000000000000011 
1 0.00000000000000000 0.00000000000000000 1.00000000000000000 -0.00000000000000000 
1 0.00000000000000044 -5.00000000000000089 1.00000000000000000 -0.00000000000000000 
1 -1.80277393057570401 13.38946406646510567 1.00000000000000000 -0.00000000000000011 
1 0.00000000000000000 0.00000000000000000 1.00000000000000000 -0.00000000000000000 
1 0.00000000000000044 -5.00000000000000089 1.00000000000000000 -0.00000000000000000 
1 -1.80277393057570401 13.38946406646510567 1.00000000000000000 -0.00000000000000011 
1 0.00000000000000000 0.00000000000000000 1.00000000000000000 -0.00000000000000000 
1 0.00000000000000044 -5.00000000000000089 1.00000000000000000 -0.00000000000000000 
1 -1.80277393057570401 13.38946406646510567 1.00000000000000000 -0.00000000000000011 
1 0.00000000000000000 0.00000000000000000 1.00000000000000000 0.00000000000000000 
1 0.00000000000000096 -5.00000000000000000 1.00000000000000000 0.00000000000000000 
1 -1.80277393057570712 -14.75450916320872352 0.00000000000000011 1.00000000000000000 
1 0.00000000000000000 0.00000000000000000 1.00000000000000000 0.00000000000000000 
1 0.00000000000000096 -5.00000000000000000 1.00000000000000000 0.00000000000000000 
1 -1.80277393057570734 -14.75450916320872352 0.00000000000000011 1.00000000000000000 
1 0.00000000000000000 0.00000000000000000 1.00000000000000000 0.00000000000000000 
1 0.00000000000000096 -5.00000000000000000 1.00000000000000000 0.00000000000000000 
1 -1.80277393057570734 -14.75450916320872352 0.00000000000000011 1.00000000000000000 
1 0.00000000000000000 0.00000000000000000 1.00000000000000000 0.00000000000000000 
1 0.00000000000000096 -5.00000000000000000 1.00000000000000000 0.00000000000000000 
1 -1.80277393057570734 -14.75450916320872352 0.00000000000000011 1.00000000000000000 
1 0.00000000000000000 0.00000000000000000 1.00000000000000000 0.00000000000000000 
1 0.00000000000000096 -5.00000000000000000 1.00000000000000000 0.00000000000000000 
1 -1.80277393057570734 -14.75450916320872352 0.00000000000000011 1.00000000000000000 
1 0.00000000000000000 0.00000000000000000 1.00000000000000000 0.00000000000000000 
1 0.00000000000000096 -5.00000000000000000 1.00000000000000000 0.00000000000000000 
1 -1.80277393057570734 -14.75450916320872352 0.00000000000000011 1.00000000000000000 
1 0.00000000000000000 0.00000000000000000 1.00000000000000000 0.00000000000000000 
1 0.00000000000000096 -5.00000000000000000 1.00000000000000000 0.00000000000000000 
1 -1.80277393057570734 -14.75450916320872352 0.00000000000000011 1.00000000000000000 
1 0.00000000000000000 0.00000000000000000 1.00000000000000000 0.00000000000000000 
1 0.00000000000000096 -5.00000000000000000 1.00000000000000000 0.00000000000000000 
1 -1.80277393057570734 -14.75450916320872352 0.00000000000000011 1.00000000000000000 
1 0.00000000000000000 0.00000000000000000 1.00000000000000000 0.00000000000000000 
1 0.00000000000000096 -5.00000000000000000 1.00000000000000000 0.00000000000000000 
1 -1.80277393057570734 -14.75450916320872352 0.00000000000000011 1.00000000000000000 
1 0.00000000000000000 0.00000000000000000 1.00000000000000000 0.00000000000000000 
1 0.00000000000000096 -5.00000000000000000 1.00000000000000000 0.00000000000000000 
1 -1.80277393057570734 -14.75450916320872352 0.00000000000000011 1.00000000000000000 
1 0.00000000000000000 0.00000000000000000 1.00000000000000000 0.00000000000000000 
1 0.00000000000000096 -5.00000000000000000 1.00000000000000000 0.00000000000000000 
1 -1.80277393057570734 -14.75450916320872352 0.00000000000000011 1.00000000000000000 
1 0.00000000000000000 0.00000000000000000 1.00000000000000000 0.00000000000000000 
1 0.00000000000000096 -5.00000000000000000 1.00000000000000000 0.00000000000000000 
1 -1.80277393057570734 -14.75450916320872352 0.00000000000000011 1.00000000000000000 
1 0.00000000000000000 0.00000000000000000 1.00000000000000000 0.00000000000000000 
1 0.00000000000000096 -5.00000000000000000 1.00000000000000000 0.00000000000000000 
1 -1.80277393057570734 -14.75450916320872352 0.00000000000000011 1.00000000000000000 
Curves 10
1 0.40000000000000002 -0.00000000000000625 28.14397322967382920 -0.50000000000000000 0.86602540378443871 0.00000000000000010 
1 2.16229890986005291 1.01746375000028011 24.61937540995372231 -0.50000000000000000 0.86602540378443871 0.00000000000000010 
2 4.06985500000114619 28.14397322967382920 0.00000000000000000 0.00000000000000000 0.00000000000000000 1.00000000000000000 1.00000000000000000 0.00000000000000000 -0.00000000000000000 -0.00000000000000000 1.00000000000000000 0.00000000000000000 4.06985500000114619
1 3.92459781972010946 2.03492750000056866 21.09477759023360832 -0.50000000000000000 0.86602540378443871 0.00000000000000010 
2 0.00000000000000000 21.09477759023361187 0.00000000000000000 0.00000000000000000 0.00000000000000000 1.00000000000000000 1.00000000000000000 0.00000000000000000 -0.00000000000000000 -0.00000000000000000 1.00000000000000000 0.00000000000000000 4.06985500000114619
1 3.92459781972010946 2.03492750000057354 0.00000000000000045 -0.50000000000000000 0.86602540378443871 0.00000000000000010 
1 4.06985500000114619 21.09477759023360832 0.00000000000000000 0.00000000000000000 -1.00000000000000000 0.00000000000000000 
1 0.40000000000000002 0.00000000000000000 0.00000000000000000 -0.50000000000000000 0.86602540378443871 0.00000000000000010 
1 0.00000000000000000 0.00000000000000000 0.00000000000000000 1.00000000000000000 0.00000000000000000 0.00000000000000000 
1 0.00000000000000000 28.14397322967382920 0.00000000000000000 0.00000000000000000 -1.00000000000000000 0.00000000000000000 
Polygon3D 0
PolygonOnTriangulations 0
Surfaces 77
2 3.92459781972010946 2.03492750000056732 28.14397322967382920 0.50000000000000011 -0.86602540378443871 -0.00000000000000019 0.86602540378443871 0.50000000000000011 0.00000000000000011 -0.00000000000000000 -0.00000000000000022 1.00000000000000000 4.06985500000114619
1 0.40000000000000002 -0.00000000000000625 28.14397322967382920 -0.86602540378443871 -0.50000000000000000 -0.00000000000000011 0.00000000000000000 0.00000000000000022 -1.00000000000000000 0.50000000000000000 -0.86602540378443871 -0.00000000000000019 
2 0.40000000000000002 -0.00000000000000468 21.09477759023361187 0.50000000000000011 -0.86602540378443871 -0.00000000000000019 0.86602540378443871 0.50000000000000011 0.00000000000000011 -0.00000000000000000 -0.00000000000000022 1.00000000000000000 4.06985500000114619
2 3.92459781972010946 2.03492750000056732 28.14397322967382920 0.50000000000000011 -0.86602540378443871 -0.00000000000000019 0.86602540378443871 0.50000000000000011 0.00000000000000011 -0.00000000000000000 -0.00000000000000022 1.00000000000000000 4.06985500000114619
1 1.96124802115888452 0.90138696528785001 13.38946406646510567 -0.50000000000000000 0.86602540378443871 0.00000000000000020 0.86602540378443871 0.50000000000000000 0.00000000000000000 -0.00000000000000010 0.00000000000000017 -1.00000000000000000 
2 3.92459781972010946 2.03492750000056732 28.14397322967382920 0.50000000000000011 -0.86602540378443871 -0.00000000000000019 0.86602540378443871 0.50000000000000011 0.00000000000000011 -0.00000000000000000 -0.00000000000000022 1.00000000000000000 4.06985500000114619
1 1.96124802115888475 0.90138696528785001 13.38946406646510567 -0.50000000000000000 0.86602540378443871 0.00000000000000020 0.86602540378443871 0.50000000000000000 0.00000000000000000 -0.00000000000000010 0.00000000000000017 -1.00000000000000000 
2 3.92459781972010946 2.03492750000056732 28.14397322967382920 0.50000000000000011 -0.86602540378443871 -0.00000000000000019 0.86602540378443871 0.50000000000000011 0.00000000000000011 -0.00000000000000000 -0.00000000000000022 1.00000000000000000 4.06985500000114619
1 1.96124802115888475 0.90138696528785001 13.38946406646510567 -0.50000000000000000 0.86602540378443871 0.00000000000000020 0.86602540378443871 0.50000000000000000 0.00000000000000000 -0.00000000000000010 0.00000000000000017 -1.00000000000000000 
2 3.92459781972010946 2.03492750000056732 28.14397322967382920 0.50000000000000011 -0.86602540378443871 -0.00000000000000019 0.86602540378443871 0.50000000000000011 0.00000000000000011 -0.00000000000000000 -0.00000000000000022 1.00000000000000000 4.06985500000114619
1 1.96124802115888475 0.90138696528785001 13.38946406646510567 -0.50000000000000000 0.86602540378443871 0.00000000000000020 0.86602540378443871 0.50000000000000000 0.00000000000000000 -0.00000000000000010 0.00000000000000017 -1.00000000000000000 
2 3.92459781972010946 2.03492750000056732 28.14397322967382920 0.50000000000000011 -0.86602540378443871 -0.00000000000000019 0.86602540378443871 0.50000000000000011 0.00000000000000011 -0.00000000000000000 -0.00000000000000022 1.00000000000000000 4.06985500000114619
1 1.96124802115888475 0.90138696528785001 13.38946406646510567 -0.50000000000000000 0.86602540378443871 0.00000000000000020 0.86602540378443871 0.50000000000000000 0.00000000000000000 -0.00000000000000010 0.00000000000000017 -1.00000000000000000 
2 3.92459781972010946 2.03492750000056732 28.14397322967382920 0.50000000000000011 -0.86602540378443871 -0.00000000000000019 0.86602540378443871 0.50000000000000011 0.00000000000000011 -0.00000000000000000 -0.00000000000000022 1.00000000000000000 4.06985500000114619
1 1.96124802115888475 0.90138696528785001 13.38946406646510567 -0.50000000000000000 0.86602540378443871 0.00000000000000020 0.86602540378443871 0.50000000000000000 0.00000000000000000 -0.00000000000000010 0.00000000000000017 -1.00000000000000000 
2 3.92459781972010946 2.03492750000056732 28.14397322967382920 0.50000000000000011 -0.86602540378443871 -0.00000000000000019 0.86602540378443871 0.50000000000000011 0.00000000000000011 -0.00000000000000000 -0.00000000000000022 1.00000000000000000 4.06985500000114619
1 1.96124802115888475 0.90138696528785001 13.38946406646510567 -0.50000000000000000 0.86602540378443871 0.00000000000000020 0.86602540378443871 0.50000000000000000 0.00000000000000000 -0.00000000000000010 0.00000000000000017 -1.00000000000000000 
2 3.92459781972010946 2.03492750000056732 28.14397322967382920 0.50000000000000011 -0.86602540378443871 -0.00000000000000019 0.86602540378443871 0.50000000000000011 0.00000000000000011 -0.00000000000000000 -0.00000000000000022 1.00000000000000000 4.06985500000114619
1 1.96124802115888475 0.90138696528785001 13.38946406646510567 -0.50000000000000000 0.86602540378443871 0.00000000000000020 0.86602540378443871 0.50000000000000000 0.00000000000000000 -0.00000000000000010 0.00000000000000017 -1.00000000000000000 
2 3.92459781972010946 2.03492750000056732 28.14397322967382920 0.50000000000000011 -0.86602540378443871 -0.00000000000000019 0.86602540378443871 0.50000000000000011 0.00000000000000011 -0.00000000000000000 -0.00000000000000022 1.00000000000000000 4.06985500000114619
1 1.96124802115888475 0.90138696528785001 13.38946406646510567 -0.50000000000000000 0.86602540378443871 0.00000000000000020 0.86602540378443871 0.50000000000000000 0.00000000000000000 -0.00000000000000010 0.00000000000000017 -1.00000000000000000 
2 3.92459781972010946 2.03492750000056732 28.14397322967382920 0.50000000000000011 -0.86602540378443871 -0.00000000000000019 0.86602540378443871 0.50000000000000011 0.00000000000000011 -0.00000000000000000 -0.00000000000000022 1.00000000000000000 4.06985500000114619
1 1.96124802115888475 0.90138696528785001 13.38946406646510567 -0.50000000000000000 0.86602540378443871 0.00000000000000020 0.86602540378443871 0.50000000000000000 0.00000000000000000 -0.00000000000000010 0.00000000000000017 -1.00000000000000000 
2 3.92459781972010946 2.03492750000056732 28.14397322967382920 0.50000000000000011 -0.86602540378443871 -0.00000000000000019 0.86602540378443871 0.50000000000000011 0.00000000000000011 -0.00000000000000000 -0.00000000000000022 1.00000000000000000 4.06985500000114619
1 1.96124802115888475 0.90138696528785001 13.38946406646510567 -0.50000000000000000 0.86602540378443871 0.00000000000000020 0.86602540378443871 0.50000000000000000 0.00000000000000000 -0.00000000000000010 0.00000000000000017 -1.00000000000000000 
2 3.92459781972010946 2.03492750000056732 28.14397322967382920 0.50000000000000011 -0.86602540378443871 -0.00000000000000019 0.86602540378443871 0.50000000000000011 0.00000000000000011 -0.00000000000000000 -0.00000000000000022 1.00000000000000000 4.06985500000114619
1 1.96124802115888475 0.90138696528785001 13.38946406646510567 -0.50000000000000000 0.86602540378443871 0.00000000000000020 0.86602540378443871 0.50000000000000000 0.00000000000000000 -0.00000000000000010 0.00000000000000017 -1.00000000000000000 
