
CASCADE Topology V1, (c) Matra-Datavision
Locations 19
1
1.000000000000000 0.000000000000000 0.000000000000000 0.000000000000000 
0.000000000000000 1.000000000000000 0.000000000000000 0.000000000000000 
0.000000000000000 0.000000000000000 1.000000000000000 0.000000000000000 
1
1.000000000000000 0.000000000000000 0.000000000000000 0.000000000000000 
0.000000000000000 1.000000000000000 0.000000000000000 0.000000000000000 
0.000000000000000 0.000000000000000 1.000000000000000 0.000000000000000 
1
1.000000000000000 0.000000000000000 0.000000000000000 0.000000000000000 
0.000000000000000 1.000000000000000 0.000000000000000 0.000000000000000 
0.000000000000000 0.000000000000000 1.000000000000000 0.000000000000000 
2  2 -1 3 -1 1 -1 0
1
1.000000000000000 0.000000000000000 0.000000000000000 0.000000000000000 
0.000000000000000 1.000000000000000 0.000000000000000 0.000000000000000 
0.000000000000000 0.000000000000000 1.000000000000000 0.000000000000000 
1
1.000000000000000 0.000000000000000 0.000000000000000 0.000000000000000 
0.000000000000000 1.000000000000000 0.000000000000000 0.000000000000000 
0.000000000000000 0.000000000000000 1.000000000000000 0.000000000000000 
1
1.000000000000000 0.000000000000000 0.000000000000000 0.000000000000000 
0.000000000000000 1.000000000000000 0.000000000000000 0.000000000000000 
0.000000000000000 0.000000000000000 1.000000000000000 0.000000000000000 
2  5 1 6 -1 7 -1 2 -1 3 -1 1 -1 0
1
1.000000000000000 0.000000000000000 0.000000000000000 0.000000000000000 
0.000000000000000 1.000000000000000 0.000000000000000 0.000000000000000 
0.000000000000000 0.000000000000000 1.000000000000000 3.000000000000000 
2  9 -1 5 1 6 -1 7 -1 2 -1 3 -1 1 -1 0
1
1.000000000000000 0.000000000000000 0.000000000000000 0.000000000000000 
0.000000000000000 1.000000000000000 0.000000000000000 0.000000000000000 
0.000000000000000 0.000000000000000 1.000000000000000 0.000000000000000 
1
1.000000000000000 0.000000000000000 0.000000000000000 0.000000000000000 
0.000000000000000 1.000000000000000 0.000000000000000 0.000000000000000 
0.000000000000000 0.000000000000000 1.000000000000000 0.000000000000000 
2  11 -1 12 -1 0
1
1.000000000000000 0.000000000000000 0.000000000000000 0.000000000000000 
0.000000000000000 1.000000000000000 0.000000000000000 0.000000000000000 
0.000000000000000 0.000000000000000 1.000000000000000 0.000000000000000 
1
1.000000000000000 0.000000000000000 0.000000000000000 0.000000000000000 
0.000000000000000 1.000000000000000 0.000000000000000 0.000000000000000 
0.000000000000000 0.000000000000000 1.000000000000000 0.000000000000000 
1
1.000000000000000 0.000000000000000 0.000000000000000 0.000000000000000 
0.000000000000000 1.000000000000000 0.000000000000000 0.000000000000000 
0.000000000000000 0.000000000000000 1.000000000000000 0.000000000000000 
1
1.000000000000000 0.000000000000000 0.000000000000000 0.000000000000000 
0.000000000000000 1.000000000000000 0.000000000000000 0.000000000000000 
0.000000000000000 0.000000000000000 1.000000000000000 0.000000000000000 
2  14 1 15 -1 16 1 17 -1 5 1 6 -1 7 -1 2 -1 3 -1 1 -1 0
2  14 1 15 -1 16 1 17 -1 9 -1 5 1 6 -1 7 -1 2 -1 3 -1 1 -1 0
Curve2ds 20
1 0.00000000000000124 -176.04135436847519713 -1.00000000000000000 0.00000000000000000 
1 0.00000000000000000 0.00000000000000000 1.00000000000000000 0.00000000000000000 
1 0.00000000000000000 -3.00000000000000000 1.00000000000000000 0.00000000000000000 
1 -14.50000000000000888 -176.04135436847519713 -0.43011493385387412 0.90277413768665171 
1 0.00000000000000000 0.00000000000000000 1.00000000000000000 0.00000000000000000 
1 0.00000000000000000 -3.00000000000000000 1.00000000000000000 0.00000000000000000 
1 -41.60000000000000142 -119.16079244030001405 0.00000000000000000 1.00000000000000000 
1 0.00000000000000000 0.00000000000000000 1.00000000000000000 0.00000000000000000 
1 0.00000000000000000 -3.00000000000000000 1.00000000000000000 0.00000000000000000 
1 -41.60000000000000142 145.34835172134819459 0.86602540378443837 0.50000000000000044 
1 0.00000000000000000 0.00000000000000000 1.00000000000000000 0.00000000000000000 
1 0.00000000000000000 -3.00000000000000000 1.00000000000000000 0.00000000000000000 
1 -15.49999999999999822 160.41719374719744451 -0.50000000000000000 0.86602540378443871 
1 0.00000000000000000 0.00000000000000000 1.00000000000000000 0.00000000000000000 
1 0.00000000000000000 -3.00000000000000000 1.00000000000000000 0.00000000000000000 
1 -0.00000000000002905 -362.25451715559307786 1.00000000000000000 0.00000000000000000 
1 -0.00000000000002905 -359.25451715559307786 1.00000000000000000 0.00000000000000000 
1 0.00000000000000000 0.00000000000000000 1.00000000000000000 0.00000000000000000 
1 0.00000000000000000 -3.00000000000000000 1.00000000000000000 0.00000000000000000 
1 -17.00000000000000000 163.01526995855076052 0.86602540378443860 0.50000000000000022 
Curves 6
1 0.00000000000000000 -167.50000000000000000 0.00000000000000000 -1.00000000000000000 -0.00000000000000000 -0.00000000000000000 
1 -14.50000000000001066 -167.50000000000000000 0.00000000000000000 -0.43011493385387412 0.90277413768665171 -0.00000000000000000 
1 -41.60000000000000142 -110.61943807182483113 0.00000000000000000 -0.00000000000000000 1.00000000000000000 -0.00000000000000000 
1 -41.60000000000000142 153.88970608982339172 0.00000000000000000 0.86602540378443837 0.50000000000000044 -0.00000000000000000 
1 -15.50000000000000000 168.95854811567264164 0.00000000000000000 -0.50000000000000000 0.86602540378443871 -0.00000000000000000 
1 -17.00000000000000000 171.55662432702595765 0.00000000000000000 0.86602540378443860 0.50000000000000022 -0.00000000000000000 
Polygon3D 0
PolygonOnTriangulations 0
Surfaces 8
1 -0.00000000000000124 8.54135436847519003 0.00000000000000000 0.00000000000000000 0.00000000000000000 1.00000000000000000 1.00000000000000000 0.00000000000000000 -0.00000000000000000 -0.00000000000000000 1.00000000000000000 0.00000000000000000 
1 0.00000000000000000 -167.50000000000000000 0.00000000000000000 0.00000000000000000 -1.00000000000000000 0.00000000000000000 -1.00000000000000000 0.00000000000000000 0.00000000000000000 -0.00000000000000000 -0.00000000000000000 -1.00000000000000000 
1 -14.50000000000001066 -167.50000000000000000 0.00000000000000000 -0.90277413768665171 -0.43011493385387412 0.00000000000000000 -0.43011493385387412 0.90277413768665171 0.00000000000000000 -0.00000000000000000 0.00000000000000000 -1.00000000000000000 
1 -41.60000000000000142 -110.61943807182483113 0.00000000000000000 -1.00000000000000000 0.00000000000000000 0.00000000000000000 0.00000000000000000 1.00000000000000000 0.00000000000000000 0.00000000000000000 0.00000000000000000 -1.00000000000000000 
1 -41.60000000000000142 153.88970608982339172 0.00000000000000000 -0.50000000000000044 0.86602540378443837 0.00000000000000000 0.86602540378443837 0.50000000000000044 0.00000000000000000 0.00000000000000000 0.00000000000000000 -1.00000000000000000 
1 -15.50000000000000000 168.95854811567264164 0.00000000000000000 -0.86602540378443871 -0.50000000000000000 0.00000000000000000 -0.50000000000000000 0.86602540378443871 0.00000000000000000 -0.00000000000000000 0.00000000000000000 -1.00000000000000000 
1 -15.49999999999984013 168.95854811567275533 362.25451715559307786 -0.86602540378440163 -0.50000000000006428 -0.00000000000000000 -0.50000000000006428 0.86602540378440163 -0.00000000000000000 -0.00000000000000000 -0.00000000000000000 1.00000000000000000 
1 -17.00000000000000000 171.55662432702595765 0.00000000000000000 -0.50000000000000022 0.86602540378443860 0.00000000000000000 0.86602540378443860 0.50000000000000022 0.00000000000000000 0.00000000000000000 0.00000000000000000 -1.00000000000000000 
Triangulations 0

TShapes 14
Ve
0.000000100000000
0.000000000000000 -167.500000000000000 0.000000000000000
0 0

0101101
*
Ve
0.000000100041060
-14.500000000000011 -167.500000000000000 0.000000000000000
0 0

0101101
*
Ed
 0.000000100000000 1 1 0
1  1 0 0.000000000000000 14.500000000000011
2  1 1 4 0.000000000000000 14.500000000000011
2  2 2 8 0.000000000000000 14.500000000000011
2  3 2 10 0.000000000000000 14.500000000000011
0

0101000
+14 13 -13 13 *
Ve
0.000000100033261
-41.600000000000001 -110.619438071824831 0.000000000000000
0 0

0101101
*
Ed
 0.000000100000000 1 1 0
1  2 0 0.000000000000000 63.006414953280512
2  4 1 4 0.000000000000000 63.006414953280512
2  5 3 8 0.000000000000000 63.006414953280512
2  6 3 10 0.000000000000000 63.006414953280512
0

0101000
+13 13 -11 13 *
Ve
0.000000100000029
-41.600000000000001 153.889706089823392 0.000000000000000
0 0

0101101
*
Ed
 0.000000100000000 1 1 0
1  3 0 0.000000000000000 264.509144161648237
2  7 1 4 0.000000000000000 264.509144161648237
2  8 4 8 0.000000000000000 264.509144161648237
2  9 4 10 0.000000000000000 264.509144161648237
0

0101000
+11 13 -9 13 *
Ve
0.000000150001000
-15.500000000000000 168.958548115672642 0.000000000000000
0 0

0101101
*
Ed
 0.000000100000000 1 1 0
1  4 0 0.000000000000000 30.137684051698475
2  10 1 4 0.000000000000000 30.137684051698475
2  11 5 8 0.000000000000000 30.137684051698475
2  12 5 10 0.000000000000000 30.137684051698475
0

0101000
+9 13 -7 13 *
Ve
0.000000100000177
-17.000000000000000 171.556624327025958 0.000000000000000
0 0

0101101
*
Ed
 0.000000100000177 1 1 0
1  5 0 0.000000000000000 3.000000000000000
2  13 1 4 0.000000000000000 3.000000000000000
2  14 6 8 0.000000000000000 3.000000000000000
2  15 6 10 0.000000000000000 3.000000000000000
2  16 7 18 0.000000000000000 3.000000000000000
2  17 7 19 0.000000000000000 3.000000000000000
0

0101000
+7 13 -5 13 *
Ve
0.000000212133034
0.000000000000000 181.371578903249599 0.000000000000000
0 0

0101101
*
Ed
 0.000000100000000 1 1 0
1  6 0 0.000000000000000 19.629909152447276
2  18 8 8 0.000000000000000 19.629909152447276
2  19 8 10 0.000000000000000 19.629909152447276
2  20 1 4 0.000000000000000 19.629909152447276
0

0101000
+5 13 -3 13 *
Wi

0101000
+12 0 +10 0 +8 0 +6 0 +4 0 +2 0 *

+1 1 