
CASCADE Topology V1, (c) Matra-Datavision
Locations 42
1
1.000000000000000 0.000000000000000 0.000000000000000 0.000000000000000 
0.000000000000000 1.000000000000000 0.000000000000000 0.000000000000000 
0.000000000000000 0.000000000000000 1.000000000000000 0.000000000000000 
1
0.722169641273486 0.532611570807279 -0.441356912107569 -0.292035267998157 
0.416944836789821 0.173942993736566 0.892132746851202 -0.140071279647005 
0.551931166267348 -0.828292671446612 -0.096453295073839 5.546590692209772 
1
0.722169641273486 0.532611570807279 -0.441356912107569 -0.292035267998157 
0.416944836789821 0.173942993736566 0.892132746851202 -0.140071279647005 
0.551931166267348 -0.828292671446612 -0.096453295073839 5.546590692209772 
2  3 -1 0
2  2 1 3 -1 0
1
1.000000000000000 0.000000000000000 0.000000000000000 0.000000000000000 
0.000000000000000 1.000000000000000 0.000000000000000 -0.057833367008727 
0.000000000000000 0.000000000000000 1.000000000000000 0.496644039187459 
2  6 -1 0
2  3 1 2 -1 0
2  6 1 2 1 0
2  3 1 2 -1 6 -1 0
1
1.000000000000000 0.000000000000000 0.000000000000000 0.000000000000000 
0.000000000000000 0.993288078374917 -0.115666734017457 0.000000000000000 
0.000000000000000 0.115666734017457 0.993288078374917 0.000000000000000 
2  11 -1 0
2  2 -1 0
2  6 1 2 1 3 -1 0
2  2 -1 6 -1 0
1
1.000000000000000 0.000000000000000 0.000000000000000 0.000000000000000 
0.000000000000000 1.000000000000000 0.000000000000000 0.000000000000000 
0.000000000000000 0.000000000000000 1.000000000000000 0.000000000000000 
1
1.000000000000000 0.000000000000000 0.000000000000000 0.000000000000000 
0.000000000000000 0.993288078374917 -0.115666734017457 0.000000000000000 
0.000000000000000 0.115666734017457 0.993288078374917 0.000000000000000 
1
1.000000000000000 0.000000000000000 0.000000000000000 0.000000000000000 
0.000000000000000 0.993288078374917 -0.115666734017457 0.000000000000000 
0.000000000000000 0.115666734017457 0.993288078374917 0.000000000000000 
2  16 1 17 1 18 -1 11 1 0
2  18 1 17 -1 16 -1 0
2  17 -1 16 -1 0
2  11 -1 18 1 17 -1 16 -1 0
1
1.000000000000000 0.000000000000000 0.000000000000000 0.000000000000000 
0.000000000000000 1.000000000000000 0.000000000000000 -0.000000000000000 
0.000000000000000 0.000000000000000 1.000000000000000 0.500000000000000 
2  16 1 17 1 18 -1 23 1 11 1 0
2  23 -1 18 1 17 -1 16 -1 0
2  11 -1 23 -1 18 1 17 -1 16 -1 0
1
0.722169641273486 -0.532611570807279 0.441356912107569 0.292035267998169 
-0.416944836789821 0.173942993736566 0.892132746851202 -0.140071279646988 
-0.551931166267348 -0.828292671446612 -0.096453295073839 5.546590692209795 
2  27 -1 0
1
0.722169641273486 -0.532611570807279 0.441356912107569 0.292035267998169 
-0.416944836789821 0.173942993736566 0.892132746851202 -0.140071279646988 
-0.551931166267348 -0.828292671446612 -0.096453295073839 5.546590692209795 
2  29 1 27 -1 0
2  18 -1 11 1 0
2  18 -1 23 1 11 1 0
1
1.000000000000000 0.000000000000000 0.000000000000000 0.000000000000057 
0.000000000000000 1.000000000000000 0.000000000000000 -0.057833367008755 
0.000000000000000 0.000000000000000 1.000000000000000 0.496644039187455 
2  33 1 29 1 27 -1 0
2  33 -1 0
2  27 1 29 -1 0
2  33 1 29 1 0
2  27 1 29 -1 33 -1 0
2  16 1 17 1 18 -1 0
2  16 1 17 1 18 -1 23 1 0
2  29 -1 0
2  29 -1 33 -1 0
Curve2ds 128
1 2.50000000000000044 0.00000000000000000 -1.00000000000000000 0.00000000000000004 
1 -0.25042582507973421 2.48742575891887396 0.10017033003189353 -0.99497030356754956 
1 -169.92494303274844469 10.19417932367241342 -0.05841855411081920 -0.99829217793970593 
1 340.46054136575662596 0.00000000000000711 -0.00000000000000214 -1.00000000000000000 
1 -0.00000000000000000 0.00000000000000000 1.00000000000000000 0.00000000000000002 
1 -0.00000000000000129 -0.49999999999999983 1.00000000000000000 0.00000000000000002 
1 126.99158950739231955 -122.10112323104107190 -0.50252756108117824 0.86456118947926575 
1 341.51719749625237910 0.00000000000000355 -0.00000000000000216 -1.00000000000000000 
1 0.00000000000000000 0.00000000000000000 -0.00000000000000365 -1.00000000000000000 
1 0.00000000000000000 340.46054136575651228 1.00000000000000000 0.00000000000000000 
2 0.00000000000000000 0.00000000000000000 1.00000000000000000 0.00000000000000000 -0.00000000000000000 1.00000000000000000 2.50000000000000000
2 0.00000000000000000 0.00000000000000000 1.00000000000000000 0.00000000000000000 -0.00000000000000000 1.00000000000000000 2.00000000000000000
1 0.00000000000000000 0.00000000000000000 1.00000000000000000 0.00000000000000000 
1 0.00000000000000000 0.00000000000000000 -0.00000000000000000 -1.00000000000000000 
1 0.00000000000000000 0.00000000000000000 0.00000000000000000 -1.00000000000000000 
1 2.50000000000000044 0.00000000000000006 -1.00000000000000000 0.00000000000001223 
1 2.50000000000000044 0.00000000000000003 -1.00000000000000000 0.00000000000000375 
1 0.00000000000000000 0.00000000000000000 0.00000000000000000 1.00000000000000000 
1 1.67113493755309550 0.00000000000000000 0.00000000000000000 1.00000000000000000 
1 169.95415230980390220 -9.69503323470256717 -0.99829217793970582 0.05841855411082136 
1 -0.00000000000000021 -0.00000000000000353 1.00000000000000000 0.00000000000000003 
1 126.99158950739229113 -122.10112323104107190 -0.50252756108117813 0.86456118947926575 
1 -44.63021481767844989 173.16139126394418213 -0.83388967357964427 -0.55193116626734773 
1 0.00000000000000000 0.00000000000000000 1.00000000000000000 -0.00000000000000001 
1 -0.00000000000000180 -0.49999999999999994 1.00000000000000000 -0.00000000000000001 
1 -126.07215424428447648 119.25696477327585399 0.50252756108117813 -0.86456118947926575 
1 0.00000000000000000 0.00000000000000000 1.00000000000000000 -0.00000000000000001 
1 0.00000000000000130 -0.49999999999999989 1.00000000000000000 -0.00000000000000001 
1 0.00000000000000000 0.00000000000000000 1.00000000000000000 0.00000000000000001 
1 0.00000000000000226 -0.49999999999999983 1.00000000000000000 0.00000000000000001 
1 42.69687353316389533 -171.09756043645592172 0.86456118947926586 0.50252756108117802 
1 0.00000000000000000 0.00000000000000000 0.00000000000000219 -1.00000000000000000 
1 97.66512526411273143 0.00000000000000000 -0.00000000000000365 -1.00000000000000000 
1 0.00000000000000000 0.00000000000000000 0.00000000000000000 1.00000000000000000 
1 1.67113493755309550 0.00000000000000000 0.00000000000000000 1.00000000000000000 
1 -169.95415230980387378 9.69503323470256007 0.99829217793970582 -0.05841855411082136 
1 340.46054136575656912 -0.49999999999999289 -1.00000000000000000 -0.00000000000000003 
1 -44.09921598951888910 172.24784738289213237 0.50252756108117813 -0.86456118947926575 
1 0.00000000000000000 0.00000000000000000 1.00000000000000000 0.00000000000000000 
2 0.00000000000000000 0.00000000000000000 -1.00000000000000000 0.00000000000000675 0.00000000000000675 1.00000000000000000 2.50000000000000622
1 0.00000000000000000 0.00000000000000000 1.00000000000000000 -0.00000000000000000 
1 -147.22963457891168559 0.00000000000000561 0.50252756108117813 -0.86456118947926575 
8 0.00000000000000000 340.46054136575651228
1 0.00000000000000000 340.46054136575651228 -0.00000000000000000 -1.00000000000000000 
1 0.00000000000000000 340.46054136575651228 1.00000000000000000 0.00000000000000000 
2 0.00000000000000000 0.00000000000000000 -1.00000000000000000 -0.00000000000000444 -0.00000000000000444 1.00000000000000000 2.00000000000000622
1 0.00000000000000002 -0.49999999999999989 1.00000000000000000 -0.00000000000000000 
1 -147.22963457891168559 0.00000000000000561 0.50252756108117813 -0.86456118947926575 
8 0.00000000000000000 340.46054136575651228
1 0.00000000000000000 0.00000000000000000 0.00000000000000000 1.00000000000000000 
1 0.00000000000000000 340.46054136575645543 1.00000000000000000 0.00000000000000000 
2 0.00000000000000000 0.00000000000000000 1.00000000000000000 0.00000000000000000 -0.00000000000000000 1.00000000000000000 2.50000000000000000
2 0.00000000000000000 0.00000000000000000 1.00000000000000000 0.00000000000000000 -0.00000000000000000 1.00000000000000000 2.00000000000000044
1 0.00000000000000000 0.00000000000000000 1.00000000000000000 0.00000000000000000 
1 2.50000000000000044 0.00000000000000000 -1.00000000000000000 0.00000000000000007 
1 -0.25042582507973288 2.48742575891887441 0.10017033003189348 -0.99497030356754956 
1 -169.92494303274872891 10.19417932366706836 -0.05841855411091419 -0.99829217793970026 
1 340.46054136575651228 0.00000000000000711 0.00000000000012446 -1.00000000000000000 
1 0.00000000000000000 0.00000000000000000 0.00000000000000379 -1.00000000000000000 
1 335.84034160105591127 0.00000000000000000 0.00000000000000219 -1.00000000000000000 
1 -2.00000000000000355 -0.00000000000000888 -1.00000000000000000 0.00000000000001389 
1 0.20034066006380513 1.98994060713516951 0.10017033003190741 0.99497030356754812 
1 169.92494303274847312 -10.19417932367241519 0.05841855411081877 0.99829217793970593 
1 -0.00000000000000149 -0.50000000000000333 0.00000000000000257 1.00000000000000000 
1 97.49999999999995737 -0.49999999999999822 -0.00000000000000462 1.00000000000000000 
1 340.46054136575651228 -0.00000000000000000 -0.00000000000000000 -1.00000000000000000 
1 0.52651981901076517 0.00000000000000000 0.00000000000000000 -1.00000000000000000 
1 -2.50000000000000266 0.00000000000003511 1.00000000000000000 -0.00000000000000944 
1 0.00000000000000000 0.00000000000000000 1.00000000000000000 0.00000000000000000 
2 -3.77784494146529592 -246.79810519257358692 0.00000000000000000 -1.00000000000000000 1.00000000000000000 0.00000000000000000 55.00000000000000000
1 0.00000000000000000 0.00000000000000000 1.00000000000000000 0.00000000000000000 
2 -779.31879615018499408 0.00000000000000561 0.00000000000000000 -1.00000000000000000 1.00000000000000000 0.00000000000000000 868.86305465254429237
1 0.00000000000000000 0.00000000000000000 1.00000000000000000 0.00000000000000000 
2 -3.77784494146529637 246.79810519257358692 0.00000000000000000 -1.00000000000000000 1.00000000000000000 0.00000000000000000 54.99999999999997158
1 0.00000000000000000 0.00000000000000000 1.00000000000000000 0.00000000000000000 
1 -147.22963457891168559 0.00000000000000561 0.50252756108117824 0.86456118947926575 
8 0.00000000000000000 340.46054136575645543
1 0.00000000000000000 340.46054136575645543 -0.00000000000000000 -1.00000000000000000 
1 0.00000000000000000 -0.49999999999999989 1.00000000000000000 0.00000000000000000 
2 -3.77784494146529592 -246.79810519257358692 0.00000000000000000 -1.00000000000000000 1.00000000000000000 0.00000000000000000 55.00000000000000000
1 0.00000000000000000 -0.49999999999999989 1.00000000000000000 0.00000000000000000 
2 -779.31879615018499408 0.00000000000000561 0.00000000000000000 -1.00000000000000000 1.00000000000000000 0.00000000000000000 868.86305465254429237
1 0.00000000000000000 -0.49999999999999989 1.00000000000000000 0.00000000000000000 
2 -3.77784494146529637 246.79810519257358692 0.00000000000000000 -1.00000000000000000 1.00000000000000000 0.00000000000000000 54.99999999999997158
1 0.00000000000000002 -0.49999999999999989 1.00000000000000000 0.00000000000000000 
1 -147.22963457891168559 0.00000000000000561 0.50252756108117824 0.86456118947926575 
8 0.00000000000000000 340.46054136575645543
1 0.00000000000000000 0.00000000000000000 0.00000000000000000 1.00000000000000000 
1 0.00000000000000000 0.00000000000000000 1.00000000000000000 0.00000000000000000 
2 0.00000000000000000 0.00000000000000000 -1.00000000000000000 0.00000000000000657 0.00000000000000657 1.00000000000000000 2.50000000000000933
1 0.00000000000000000 0.00000000000000000 0.00000000000000000 1.00000000000000000 
1 1.67113493755309550 0.00000000000000000 0.00000000000000000 1.00000000000000000 
1 169.95415230980421484 -9.69503323469722389 -0.99829217793970770 0.05841855411078997 
1 0.00000000000000000 0.00000000000000000 1.00000000000000000 0.00000000000000002 
1 -126.99158950739229113 122.10112323104104348 0.50252756108117813 -0.86456118947926575 
1 0.00000000000000000 340.46054136575645543 1.00000000000000000 0.00000000000000000 
2 0.00000000000000000 0.00000000000000000 -1.00000000000000000 -0.00000000000000466 -0.00000000000000466 1.00000000000000000 2.00000000000000977
1 0.00000000000000000 0.00000000000000000 0.00000000000000000 1.00000000000000000 
1 1.67113493755309550 0.00000000000000000 0.00000000000000000 1.00000000000000000 
1 -169.95415230980418642 9.69503323469721678 0.99829217793970770 -0.05841855411078997 
1 340.46054136575656912 -0.49999999999999289 -1.00000000000000000 -0.00000000000000001 
1 44.09921598951888200 -172.24784738289210395 -0.50252756108117813 0.86456118947926575 
1 0.00000000000000000 0.00000000000000000 1.00000000000000000 0.00000000000000001 
1 0.00000000000006225 -0.49999999999999961 1.00000000000000000 0.00000000000000001 
1 -126.99158950739231955 122.10112323104104348 0.50252756108117824 -0.86456118947926575 
1 341.51719749625226541 0.00000000000000355 0.00000000000012450 -1.00000000000000000 
1 -0.00000000000000000 0.00000000000000000 -0.00000000000001932 -1.00000000000000000 
1 1.26270247728702989 0.00000000000000000 0.00000000000000000 -1.00000000000000000 
1 1.26270247728703011 0.00000000000000000 0.00000000000000000 -1.00000000000000000 
1 1.87889017630276323 0.00000000000000000 0.00000000000000000 -1.00000000000000000 
1 1.87889017630276300 0.00000000000000000 0.00000000000000000 -1.00000000000000000 
1 2.61507283457902817 0.00000000000000000 0.00000000000000000 -1.00000000000000000 
1 340.46054136575645543 0.00000000000000000 0.00000000000000000 -1.00000000000000000 
1 -2.50000000000000266 0.00000000000003464 1.00000000000000000 -0.00000000000000926 
1 -2.00000000000000711 -0.00000000000000933 -1.00000000000000000 0.00000000000002133 
1 0.20034066006379447 1.98994060713505583 0.10017033003191478 0.99497030356754734 
1 169.92494303274878575 -10.19417932366707547 0.05841855411091424 0.99829217793970026 
1 0.00000000000006225 -0.49999999999999961 -0.00000000000012450 1.00000000000000000 
1 97.49999999999998579 -0.49999999999999822 -0.00000000000001214 1.00000000000000000 
1 44.63021481767842147 -173.16139126394412528 0.83388967357964483 0.55193116626734662 
1 -0.00000000000000000 0.00000000000000000 1.00000000000000000 -0.00000000000000001 
1 -0.00000000000000969 -0.49999999999999989 1.00000000000000000 -0.00000000000000001 
1 126.07215424428451911 -119.25696477327591083 -0.50252756108117835 0.86456118947926563 
1 0.00000000000000000 0.00000000000000000 1.00000000000000000 -0.00000000000000001 
1 -0.00000000000006225 -0.49999999999999961 1.00000000000000000 -0.00000000000000001 
1 -42.69687353316390244 171.09756043645589330 -0.86456118947926586 -0.50252756108117802 
1 0.00000000000000000 0.00000000000000000 1.00000000000000000 0.00000000000000001 
1 0.00000000000000606 -0.49999999999999956 1.00000000000000000 0.00000000000000001 
1 0.00000000000000000 0.00000000000000000 -0.00000000000012448 -1.00000000000000000 
1 97.66512526411271722 -0.00000000000000355 -0.00000000000001932 -1.00000000000000000 
1 0.00000000000000000 0.00000000000000000 0.00000000000001212 -1.00000000000000000 
1 335.84034160105591127 0.00000000000000000 -0.00000000000012448 -1.00000000000000000 
Curves 45
1 0.00000000000000000 3.20445354193636422 0.37315325088050760 0.00000000000000000 -0.11566673401745312 0.99328807837491728 
1 294.34897061393320428 173.14691096157991979 20.16266794312426569 -0.86456118947926575 -0.49915463547675709 -0.05812572174401819 
1 -0.91354388105204665 2.67701873629442977 0.31173435066019511 0.00000000000000000 -0.11566673401745306 0.99328807837491728 
2 -0.00000000000000473 2.91528670689272884 2.85637344681780059 -0.86456118947926575 -0.49915463547675692 -0.05812572174401819 0.00000000000000189 0.11566673401745417 -0.99328807837491717 0.50252756108117802 -0.85875832253539264 -0.10000096914531108 2.50000000000000000
2 -0.00000000000000378 2.91528670689272928 2.85637344681780059 -0.86456118947926575 -0.49915463547675692 -0.05812572174401819 0.00000000000000189 0.11566673401745417 -0.99328807837491717 0.50252756108117802 -0.85875832253539264 -0.10000096914531108 2.00000000000000000
1 0.00000000000000000 3.22610691872901167 0.00000000000000013 0.00000000000000000 -0.00000000000000004 1.00000000000000000 
1 294.34897061393320428 173.14691096157991979 20.16266794312426569 -0.86456118947926575 -0.49915463547675704 -0.05812572174401819 
1 -0.91354388105204665 2.67701873629442977 0.31173435066019511 0.55193116626734773 -0.82829267144661145 -0.09645329507384109 
1 52.99088260961627839 -78.21828877588542639 -9.10838879486292008 0.86456118947926575 0.49915463547675704 0.05812572174401819 
1 343.34540781934805409 89.41797451437918198 10.41257345145607083 -0.50252756108117802 0.85875832253539230 0.10000096914531484 
1 52.99088260961627839 -78.21828877588542639 -9.10838879486292008 0.00000000000000000 -0.11566673401745306 0.99328807837491728 
1 0.00000000000000000 3.14662017492763768 0.86979729006796613 0.86456118947926575 0.49915463547675704 0.05812572174401819 
2 294.34897061393320428 172.85774412653626086 22.64588813906156162 -0.86456118947926575 -0.49915463547675692 -0.05812572174401819 -0.00000000000000259 0.11566673401746183 -0.99328807837491628 0.50252756108117802 -0.85875832253539164 -0.10000096914531995 2.50000000000000577
1 0.00000000000000000 3.22610691872901167 0.00000000000000000 0.86456118947926575 0.50252756108117802 0.00000000000000000 
2 294.34897061393326112 172.85774412653628929 22.64588813906156517 -0.86456118947926575 -0.49915463547675692 -0.05812572174401819 -0.00000000000000474 0.11566673401746549 -0.99328807837491584 0.50252756108117802 -0.85875832253539119 -0.10000096914532418 2.00000000000000622
1 0.00000000000000000 3.22610691872901167 0.00000000000000000 0.86456118947926575 0.50252756108117802 0.00000000000000000 
2 0.00000000000001529 2.91528670689274705 2.85637344681780281 -0.86456118947926575 0.49915463547675704 0.05812572174401821 -0.00000000000000615 0.11566673401744690 -0.99328807837491806 -0.50252756108117813 -0.85875832253539364 -0.10000096914530267 2.50000000000000000
2 0.00000000000006910 2.91528670689271596 2.85637344681779926 -0.86456118947926575 0.49915463547675704 0.05812572174401821 -0.00000000000000616 0.11566673401744690 -0.99328807837491806 -0.50252756108117813 -0.85875832253539364 -0.10000096914530265 2.00000000000000044
1 0.00000000000000000 3.20445354193636422 0.37315325088050760 0.00000000000011369 -0.11566673401750906 0.99328807837491073 
1 343.34540781934805409 89.41797451437918198 10.41257345145607083 0.00000000000000000 -0.11566673401745306 0.99328807837491728 
1 294.34897061393320428 173.08907759457119369 20.65931198231172417 0.00000000000000000 0.11566673401745226 -0.99328807837491739 
1 294.34897061393320428 174.31691241564016082 0.00000000000000726 0.00000000000000000 -0.00000000000000004 1.00000000000000000 
2 246.79810519257358692 146.67789655617536937 0.00000000000000000 0.00000000000000000 0.00000000000000000 1.00000000000000000 1.00000000000000000 0.00000000000000000 -0.00000000000000000 -0.00000000000000000 1.00000000000000000 0.00000000000000000 55.00000000000000000
2 0.00000000000000000 -628.86305465254429237 0.00000000000000000 0.00000000000000000 0.00000000000000000 1.00000000000000000 1.00000000000000000 0.00000000000000000 -0.00000000000000000 -0.00000000000000000 1.00000000000000000 0.00000000000000000 868.86305465254429237
2 -246.79810519257358692 146.67789655617536937 0.00000000000000000 0.00000000000000000 0.00000000000000000 1.00000000000000000 1.00000000000000000 0.00000000000000000 -0.00000000000000000 -0.00000000000000000 1.00000000000000000 0.00000000000000000 54.99999999999997158
1 0.00000000000000000 3.22610691872901167 0.00000000000000000 -0.86456118947926575 0.50252756108117813 0.00000000000000000 
2 246.79810519257358692 146.67789655617536937 0.00000000000000000 0.00000000000000000 0.00000000000000000 1.00000000000000000 1.00000000000000000 0.00000000000000000 -0.00000000000000000 -0.00000000000000000 1.00000000000000000 0.00000000000000000 55.00000000000000000
2 0.00000000000000000 -628.86305465254429237 0.00000000000000000 0.00000000000000000 0.00000000000000000 1.00000000000000000 1.00000000000000000 0.00000000000000000 -0.00000000000000000 -0.00000000000000000 1.00000000000000000 0.00000000000000000 868.86305465254429237
2 -246.79810519257358692 146.67789655617536937 0.00000000000000000 0.00000000000000000 0.00000000000000000 1.00000000000000000 1.00000000000000000 0.00000000000000000 -0.00000000000000000 -0.00000000000000000 1.00000000000000000 0.00000000000000000 54.99999999999997158
1 0.00000000000000000 3.22610691872901167 0.00000000000000000 -0.86456118947926575 0.50252756108117813 0.00000000000000000 
2 -294.34897061393314743 172.85774412653628929 22.64588813906156517 -0.86456118947926575 0.49915463547675704 0.05812572174401821 -0.00000000000000247 0.11566673401745320 -0.99328807837491739 -0.50252756108117813 -0.85875832253539264 -0.10000096914530993 2.50000000000000977
1 -294.34897061393314743 173.14691096157991979 20.16266794312426214 0.86456118947926575 -0.49915463547675709 -0.05812572174401819 
2 -294.34897061393314743 172.85774412653626086 22.64588813906156162 -0.86456118947926575 0.49915463547675704 0.05812572174401821 0.00000000000000464 0.11566673401746533 -0.99328807837491584 -0.50252756108117813 -0.85875832253539119 -0.10000096914532400 2.00000000000000977
1 0.00000000000005684 3.14662017492760970 0.86979729006796291 -0.86456118947926575 0.49915463547675709 0.05812572174401819 
1 -294.34897061393314743 173.14691096157991979 20.16266794312426214 0.86456118947926575 -0.49915463547675715 -0.05812572174401820 
1 0.91354388105202566 2.67701873629444176 0.31173435066019650 0.00000000000011369 -0.11566673401750914 0.99328807837491073 
1 263.47645876568981294 199.08812954640470139 0.00000000000000829 0.00000000000000000 -0.00000000000000004 1.00000000000000000 
1 -263.47645876568981294 199.08812954640470139 0.00000000000000829 0.00000000000000000 -0.00000000000000004 1.00000000000000000 
1 -294.34897061393314743 174.31691241564016082 0.00000000000000726 0.00000000000000000 -0.00000000000000004 1.00000000000000000 
1 -294.34897061393309059 173.08907759457116526 20.65931198231171706 -0.00000000000011369 0.11566673401750914 -0.99328807837491073 
1 0.91354388105202566 2.67701873629444176 0.31173435066019650 -0.55193116626734662 -0.82829267144661201 -0.09645329507384116 
1 -52.99088260961620023 -78.21828877588548323 -9.10838879486292541 -0.86456118947926575 0.49915463547675720 0.05812572174401821 
1 -343.34540781934799725 89.41797451437918198 10.41257345145606727 0.50252756108117802 0.85875832253539230 0.10000096914531484 
1 -52.99088260961620023 -78.21828877588548323 -9.10838879486292541 0.00000000000011369 -0.11566673401750914 0.99328807837491073 
1 -343.34540781934799725 89.41797451437918198 10.41257345145606727 0.00000000000011369 -0.11566673401750914 0.99328807837491073 
Polygon3D 0
PolygonOnTriangulations 0
Surfaces 27
1 294.34897061393320428 173.14691096157991979 20.16266794312426569 0.50252756108117824 -0.85875832253539264 -0.10000096914531106 -0.86456118947926575 -0.49915463547675720 -0.05812572174401819 0.00000000000000187 0.11566673401745413 -0.99328807837491717 
1 -0.00000000000000473 2.91528670689272884 2.85637344681780059 0.86456118947926575 0.49915463547675692 0.05812572174401819 0.00000000000000189 0.11566673401745417 -0.99328807837491717 0.50252756108117802 -0.85875832253539264 -0.10000096914531108 
1 147.17448530696657372 88.14676556825378384 10.51623261659611508 -0.50252756108117824 0.85875832253488549 0.10000096914966593 0.86308467280727019 0.50505925153903231 -0.00000000000000001 -0.05050641463190814 0.08630930373894934 -0.99498733970293707 
1 172.24784738289213237 47.00767905000598290 5.47396553711859113 -0.00000000000000007 -0.11566673401745728 0.99328807837491684 0.00000000000000000 0.99328807837491684 0.11566673401745728 -1.00000000000000000 0.00000000000000001 -0.00000000000000007 
1 -0.91354388105204665 2.67701873629442977 0.31173435066019511 0.83388967357964416 0.54822664753692063 0.06384007540458796 0.55193116626734762 -0.82829267144661145 -0.09645329507384107 -0.00000000000000199 0.11566673401745606 -0.99328807837491695 
2 294.34897061393320428 172.85774412653626086 22.64588813906156162 -0.86456118947926575 -0.49915463547675692 -0.05812572174401819 -0.00000000000000259 0.11566673401746183 -0.99328807837491628 0.50252756108117802 -0.85875832253539164 -0.10000096914531995 2.50000000000000622
2 -0.00000000000000378 2.91528670689272928 2.85637344681780059 0.86456118947926575 0.49915463547675692 0.05812572174401819 0.00000000000000189 0.11566673401745417 -0.99328807837491717 0.50252756108117802 -0.85875832253539264 -0.10000096914531108 2.00000000000000000
1 0.00000000000000000 3.22610691872901167 0.00000000000000013 -0.50252756108117802 0.86456118947926575 0.00000000000000004 0.86456118947926575 0.50252756108117802 0.00000000000000002 -0.00000000000000000 0.00000000000000004 -1.00000000000000000 
1 0.00000000000000000 3.22610691872901167 0.00000000000000013 -0.50252756108117813 -0.86456118947926575 -0.00000000000000004 -0.86456118947926575 0.50252756108117813 0.00000000000000002 0.00000000000000000 0.00000000000000004 -1.00000000000000000 
1 0.00000000000001529 2.91528670689274705 2.85637344681780281 0.86456118947926575 -0.49915463547675704 -0.05812572174401821 -0.00000000000000615 0.11566673401744690 -0.99328807837491806 -0.50252756108117813 -0.85875832253539364 -0.10000096914530267 
1 52.99088260961627839 -78.21828877588542639 -9.10838879486292008 -0.50252756108117813 0.85875832253539264 0.10000096914531106 0.86456118947926563 0.49915463547675704 0.05812572174401819 0.00000000000000188 0.11566673401745414 -0.99328807837491717 
1 343.34540781934805409 89.41797451437918198 10.41257345145607083 -0.86456118947926586 -0.49915463547675720 -0.05812572174401601 -0.50252756108117802 0.85875832253539230 0.10000096914531485 -0.00000000000000192 0.11566673401745631 -0.99328807837491684 
1 294.34897061393326112 172.85774412653628929 22.64588813906156517 -0.86456118947926575 -0.49915463547675692 -0.05812572174401819 0.00000000000000474 -0.11566673401746549 0.99328807837491584 0.50252756108117802 -0.85875832253539119 -0.10000096914532418 
1 0.00000000000000561 149.44589435266473743 17.40272423320693207 -0.00000000000000000 -0.11566673401745739 0.99328807837491684 0.00000000000000000 0.99328807837491684 0.11566673401745739 -1.00000000000000000 0.00000000000000000 0.00000000000000000 
1 0.00000000000000561 149.44589435266473743 17.40272423320693207 -0.00000000000000000 -0.11566673401745739 0.99328807837491684 0.00000000000000000 0.99328807837491684 0.11566673401745739 -1.00000000000000000 0.00000000000000000 0.00000000000000000 
2 -294.34897061393314743 172.85774412653628929 22.64588813906156517 0.86456118947926575 -0.49915463547675704 -0.05812572174401821 -0.00000000000000247 0.11566673401745320 -0.99328807837491739 -0.50252756108117813 -0.85875832253539264 -0.10000096914530993 2.50000000000000977
2 0.00000000000006910 2.91528670689271596 2.85637344681779926 -0.86456118947926575 0.49915463547675704 0.05812572174401821 -0.00000000000000616 0.11566673401744690 -0.99328807837491806 -0.50252756108117813 -0.85875832253539364 -0.10000096914530265 2.00000000000000044
1 -147.17448530696651687 88.14676556825376963 10.51623261659611153 -0.50252756108117813 -0.85875832253550466 -0.10000096914434864 -0.86308467280742895 0.50505925153876108 -0.00000000000000001 0.05050641462919548 0.08630930373437593 -0.99498733970347142 
1 -294.34897061393314743 173.14691096157991979 20.16266794312426214 0.50252756108117824 0.85875832253539364 0.10000096914530281 0.86456118947926575 -0.49915463547675709 -0.05812572174401817 -0.00000000000000604 0.11566673401744698 -0.99328807837491806 
2 246.79810519257358692 146.67789655617536937 0.00000000000000611 -0.00000000000000000 0.00000000000000004 -1.00000000000000000 1.00000000000000000 0.00000000000000000 0.00000000000000000 -0.00000000000000000 1.00000000000000000 0.00000000000000004 55.00000000000000000
2 0.00000000000000000 -628.86305465254429237 -0.00000000000002618 -0.00000000000000000 0.00000000000000004 -1.00000000000000000 1.00000000000000000 0.00000000000000000 0.00000000000000000 -0.00000000000000000 1.00000000000000000 0.00000000000000004 868.86305465254429237
2 -246.79810519257358692 146.67789655617536937 0.00000000000000611 -0.00000000000000000 0.00000000000000004 -1.00000000000000000 1.00000000000000000 0.00000000000000000 0.00000000000000000 -0.00000000000000000 1.00000000000000000 0.00000000000000004 54.99999999999997158
1 -294.34897061393314743 172.85774412653626086 22.64588813906156162 -0.86456118947926575 0.49915463547675704 0.05812572174401821 -0.00000000000000464 -0.11566673401746533 0.99328807837491584 -0.50252756108117813 -0.85875832253539119 -0.10000096914532400 
1 -172.24784738289210395 47.00767905000597580 5.47396553711858846 -0.00000000000000000 0.11566673401745742 -0.99328807837491684 0.00000000000000000 -0.99328807837491684 -0.11566673401745742 -1.00000000000000000 -0.00000000000000000 0.00000000000000000 
1 0.91354388105202566 2.67701873629444176 0.31173435066019650 0.83388967357964483 -0.54822664753690509 -0.06384007540471295 -0.55193116626734662 -0.82829267144661201 -0.09645329507384118 -0.00000000000010301 0.11566673401752517 -0.99328807837490884 
1 -343.34540781934799725 89.41797451437918198 10.41257345145606727 -0.86456118947926597 0.49915463547674249 0.05812572174414182 0.50252756108117802 0.85875832253539230 0.10000096914531485 -0.00000000000010760 0.11566673401751953 -0.99328807837490951 
1 -52.99088260961620023 -78.21828877588548323 -9.10838879486292541 -0.50252756108117824 -0.85875832253539364 -0.10000096914530281 -0.86456118947926575 0.49915463547675709 0.05812572174401818 -0.00000000000000605 0.11566673401744698 -0.99328807837491806 
Triangulations 0

TShapes 126
Ve
0.000000100000096
0.000000000000000 3.204453541936364 0.373153250880508
0 0

0101101
*
Ve
0.000000100000105
0.000000000000000 3.146620174927638 0.869797290067966
0 0

0101101
*
Ed
 0.000000100000007 1 1 0
1  1 0 0.000000000000000 0.500000000000000
2  1 2 0 0.000000000000000 0.500000000000000
2  2 2 4 0.000000000000000 0.500000000000000
2  3 3 0 0.000000000000000 0.500000000000000
2  4 1 5 0.000000000000000 0.500000000000000
0

0101000
+126 0 -125 0 *
Ve
0.000000100000000
-0.913543881052047 2.677018736294430 0.311734350660195
0 0

0101101
*
Ed
 0.000000100000000 1 1 0
1  2 0 340.460541365756626 341.517197496252322
2  5 1 0 340.460541365756626 341.517197496252322
2  6 1 7 340.460541365756626 341.517197496252322
2  7 4 0 340.460541365756626 341.517197496252322
0

0101000
+126 8 -123 0 *
Ed
 0.000000100000000 1 1 0
1  3 0 0.000000000000000 0.500000000000000
2  8 1 0 0.000000000000000 0.500000000000000
2  9 5 0 0.000000000000000 0.500000000000000
0

0101000
+123 0 -123 6 *
Ed
 0.000000100000000 1 1 0
1  2 0 340.460541365756626 341.517197496252322
2  5 1 0 340.460541365756626 341.517197496252322
2  6 1 7 340.460541365756626 341.517197496252322
2  7 4 0 340.460541365756626 341.517197496252322
0

0101000
+125 10 -123 0 *
Wi

0101100
+124 3 -122 2 -121 2 +120 9 *
Fa
0  0.000000100000000 1 2

0101000
+119 0 *
Ve
0.000000100000059
0.000000000000000 3.204453541936365 0.373153250880508
0 0

0101101
*
Ed
 0.000000100000000 1 1 0
1  4 0 0.000000000000000 1.671134937553096
2  10 6 0 0.000000000000000 1.671134937553096
2  11 2 0 0.000000000000000 1.671134937553096
0

0101000
+117 0 -126 3 *
Ve
0.000000100000058
0.000000000000028 3.146620174927623 0.869797290067964
0 0

0101101
*
Ed
 0.000000100000000 1 1 0
1  5 0 0.000000000000000 1.671134937553096
2  12 2 0 0.000000000000000 1.671134937553096
2  13 7 0 0.000000000000000 1.671134937553096
0

0101000
+115 0 -125 3 *
Ed
 0.000000100000057 1 1 0
1  6 0 0.000000000000000 0.500000000000000
2  14 8 0 0.000000000000000 0.500000000000000
2  15 9 0 0.000000000000000 0.500000000000000
2  16 10 12 0.000000000000000 0.500000000000000
2  17 2 12 0.000000000000000 0.500000000000000
0

0101000
+117 12 -115 12 *
Wi

0101100
+116 0 -114 0 -113 11 +124 3 *
Fa
0  0.000000100000000 2 0

0101000
+112 0 *
Ve
0.000000100000062
295.598970613933261 170.692680617075126 22.645888139061537
0 0

0101101
*
Ed
 0.000000100000059 1 1 0
1  7 0 0.000000000000000 340.460541365756512
2  18 6 0 0.000000000000000 340.460541365756512
2  19 6 4 0.000000000000000 340.460541365756512
2  20 3 0 0.000000000000000 340.460541365756512
2  21 1 5 0.000000000000000 340.460541365756512
2  22 4 5 0.000000000000000 340.460541365756512
0

0101000
+110 4 -126 0 *
Ve
0.000000100000000
52.990882609616278 -78.218288775885426 -9.108388794862920
0 0

0101101
*
Ed
 0.000000100000000 1 1 0
1  8 0 0.000000000000000 97.665125264112717
2  23 4 0 0.000000000000000 97.665125264112717
2  24 5 0 0.000000000000000 97.665125264112717
2  25 5 7 0.000000000000000 97.665125264112717
0

0101000
+123 0 -108 0 *
Ve
0.000000100000000
343.345407819348054 89.417974514379182 10.412573451456071
0 0

0101101
*
Ed
 0.000000100000000 1 1 0
1  9 0 0.000000000000000 335.840341601055854
2  26 4 0 0.000000000000000 335.840341601055854
2  27 11 0 0.000000000000000 335.840341601055854
2  28 11 7 0.000000000000000 335.840341601055854
0

0101000
+108 0 -106 0 *
Ed
 0.000000100000000 1 1 0
1  10 0 0.000000000000000 97.500000000000000
2  29 12 0 0.000000000000000 97.500000000000000
2  30 12 7 0.000000000000000 97.500000000000000
2  31 4 0 0.000000000000000 97.500000000000000
0

0101000
+106 0 -110 13 *
Wi

0101100
+109 3 +122 2 +107 2 +105 2 +104 2 *
Fa
0  0.000000100000000 4 2

0101000
+103 0 *
Ed
 0.000000100000000 1 1 0
1  11 0 0.000000000000000 0.500000000000000
2  32 11 0 0.000000000000000 0.500000000000000
2  33 5 0 0.000000000000000 0.500000000000000
0

0101000
+108 0 -108 6 *
Wi

0101100
+121 0 -101 0 -107 0 +107 6 *
Fa
0  0.000000100000000 5 0

0101000
+100 0 *
Ve
0.000000100000087
295.348970613933261 171.125693318967336 22.645888139061540
0 0

0101101
*
Ed
 0.000000100000087 1 1 0
1  12 0 0.000000000000000 340.460541365756512
2  34 7 0 0.000000000000000 340.460541365756512
2  35 7 4 0.000000000000000 340.460541365756512
2  36 3 0 0.000000000000000 340.460541365756512
2  37 1 5 0.000000000000000 340.460541365756512
2  38 4 14 0.000000000000000 340.460541365756512
0

0101000
+125 0 -98 4 *
Ed
 0.000000100000000 1 1 0
1  10 0 0.000000000000000 97.500000000000000
2  29 12 0 0.000000000000000 97.500000000000000
2  30 12 7 0.000000000000000 97.500000000000000
2  31 4 0 0.000000000000000 97.500000000000000
0

0101000
+106 0 -98 15 *
Wi

0101100
-97 3 +120 9 +107 9 +105 9 +96 9 *
Fa
0  0.000000100000000 4 9

0101000
+95 0 *
Ve
0.000000100000045
294.348970613933204 173.146910961579891 20.162667943124266
0 0

0101101
*
Ed
 0.000000100000000 1 1 0
1  13 0 0.000000000000000 1.671134937553096
2  39 6 0 0.000000000000000 1.671134937553096
2  40 13 0 0.000000000000000 1.671134937553096
0

0101000
+93 0 -110 0 *
Ed
 0.000000100000045 1 1 0
1  14 0 0.000000000000000 340.460541365756512
2  41 8 20 0.000000000000000 340.460541365756512
2  42 14 21 0.000000000000000 340.460541365756512
2  43 6 22 0.000000000000000 340.460541365756512
0

0101000
+117 22 -93 22 *
Wi

0101100
+92 0 -116 0 +91 19 +109 3 *
Fa
0  0.000000100000000 6 0

0101000
+90 0 *
Ve
0.000000100000040
294.348970613933204 173.089077594571165 20.659311982311724
0 0

0101101
*
Ed
 0.000000100000000 1 1 0
1  15 0 0.000000000000000 1.671134937553096
2  44 7 0 0.000000000000000 1.671134937553096
2  45 13 0 0.000000000000000 1.671134937553096
0

0101000
+88 0 -98 0 *
Ed
 0.000000100000040 1 1 0
1  16 0 0.000000000000000 340.460541365756512
2  46 8 25 0.000000000000000 340.460541365756512
2  47 15 21 0.000000000000000 340.460541365756512
2  48 7 26 0.000000000000000 340.460541365756512
0

0101000
+115 26 -88 26 *
Wi

0101100
+114 0 -87 0 -86 24 +97 3 *
Fa
0  0.000000100000000 7 0

0101000
+85 0 *
Ve
0.000000100000043
0.000000000000000 3.204453541936364 0.373153250880508
0 0

0101101
*
Ed
 0.000000100000000 1 1 0
1  17 0 0.000000000000000 1.671134937553096
2  49 16 0 0.000000000000000 1.671134937553096
2  50 10 0 0.000000000000000 1.671134937553096
0

0101000
+117 0 -83 27 *
Ve
0.000000100000045
0.000000000000057 3.146620174927610 0.869797290067963
0 0

0101101
*
Ed
 0.000000100000000 1 1 0
1  18 0 0.000000000000000 1.671134937553096
2  51 10 0 0.000000000000000 1.671134937553096
2  52 17 0 0.000000000000000 1.671134937553096
0

0101000
+115 0 -81 27 *
Ed
 0.000000100000021 1 1 0
1  19 0 0.000000000000000 0.500000000000000
2  53 10 0 0.000000000000000 0.500000000000000
2  54 10 28 0.000000000000000 0.500000000000000
2  55 18 0 0.000000000000000 0.500000000000000
2  56 19 30 0.000000000000000 0.500000000000000
0

0101000
+83 0 -81 0 *
Wi

0101100
+82 0 -80 0 -113 11 +79 27 *
Fa
0  0.000000100000000 10 0

0101000
+78 0 *
Ed
 0.000000100000000 1 1 0
1  20 0 0.000000000000000 0.500000000000000
2  57 12 0 0.000000000000000 0.500000000000000
2  58 11 0 0.000000000000000 0.500000000000000
0

0101000
+106 0 -106 6 *
Wi

0101100
+101 0 -76 0 -105 0 +105 6 *
Fa
0  0.000000100000000 11 0

0101000
+75 0 *
Ed
 0.000000100000018 1 1 0
1  21 0 0.000000000000000 0.500000000000000
2  59 13 0 0.000000000000000 0.500000000000000
2  60 13 4 0.000000000000000 0.500000000000000
2  61 3 0 0.000000000000000 0.500000000000000
2  62 1 5 0.000000000000000 0.500000000000000
2  63 12 5 0.000000000000000 0.500000000000000
0

0101000
+98 4 -110 4 *
Wi

0101100
+76 2 +73 3 -104 2 +96 9 *
Fa
0  0.000000100000000 12 2

0101000
+72 0 *
Ed
 0.000000100000029 1 1 0
1  22 0 0.000000000000000 0.500000000000000
2  64 8 0 0.000000000000000 0.500000000000000
2  65 20 0 0.000000000000000 0.500000000000000
2  66 13 12 0.000000000000000 0.500000000000000
0

0101000
+93 12 -88 12 *
Wi

0101100
+87 0 -92 0 +70 11 +73 3 *
Fa
0  0.000000100000000 13 0

0101000
+69 0 *
Ve
0.000000100000040
263.476458765689813 197.751865624404843 23.027873726277093
0 0

0101101
*
Ed
 0.000000100000000 1 1 0
1  23 0 0.526519819010765 1.262702477287030
2  67 20 20 0.526519819010765 1.262702477287030
2  68 14 21 0.526519819010765 1.262702477287030
0

0101000
+93 22 -67 22 *
Ve
0.000000100000040
-263.476458765689813 197.751865624404843 23.027873726277093
0 0

0101101
*
Ed
 0.000000100000000 1 1 0
1  24 0 1.262702477287030 1.878890176302763
2  69 21 20 1.262702477287030 1.878890176302763
2  70 14 21 1.262702477287030 1.878890176302763
0

0101000
+67 22 -65 22 *
Ve
0.000000100000064
-294.348970613933147 173.146910961579920 20.162667943124262
0 0

0101101
*
Ed
 0.000000100000000 1 1 0
1  25 0 1.878890176302763 2.615072834579028
2  71 22 20 1.878890176302763 2.615072834579028
2  72 14 21 1.878890176302763 2.615072834579028
0

0101000
+65 22 -63 22 *
Ed
 0.000000100000059 1 1 0
1  26 0 0.000000000000000 340.460541365756455
2  73 9 20 0.000000000000000 340.460541365756455
2  74 14 21 0.000000000000000 340.460541365756455
2  75 16 22 0.000000000000000 340.460541365756455
0

0101000
+117 22 -63 22 *
Wi

0101100
+91 19 +66 19 +64 19 +62 19 -61 19 *
Fa
0  0.000000100000000 14 31

0101000
+60 0 *
Ve
0.000000100000040
263.476458765689813 197.694032257396117 23.524517765464552
0 0

0101101
*
Ed
 0.000000100000000 1 1 0
1  27 0 0.526519819010765 1.262702477287030
2  76 20 25 0.526519819010765 1.262702477287030
2  77 15 21 0.526519819010765 1.262702477287030
0

0101000
+88 26 -58 26 *
Ve
0.000000100000040
-263.476458765689813 197.694032257396117 23.524517765464552
0 0

0101101
*
Ed
 0.000000100000000 1 1 0
1  28 0 1.262702477287030 1.878890176302763
2  78 21 25 1.262702477287030 1.878890176302763
2  79 15 21 1.262702477287030 1.878890176302763
0

0101000
+58 26 -56 26 *
Ve
0.000000100000127
-294.348970613933091 173.089077594571194 20.659311982311721
0 0

0101101
*
Ed
 0.000000100000000 1 1 0
1  29 0 1.878890176302763 2.615072834579028
2  80 22 25 1.878890176302763 2.615072834579028
2  81 15 21 1.878890176302763 2.615072834579028
0

0101000
+56 26 -54 26 *
