
CASCADE Topology V1, (c) Matra-Datavision
Locations 47
1
1.000000000000000 0.000000000000000 0.000000000000000 0.000000000000000 
0.000000000000000 1.000000000000000 0.000000000000000 0.000000000000000 
0.000000000000000 0.000000000000000 1.000000000000000 0.000000000000000 
1
1.000000000000000 0.000000000000000 0.000000000000000 0.000000000000000 
0.000000000000000 0.707106781186548 -0.707106781186547 114.483485192468720 
0.000000000000000 0.707106781186547 0.707106781186548 -266.387582619396994 
1
1.000000000000000 0.000000000000000 0.000000000000000 0.000000000000000 
0.000000000000000 1.000000000000000 0.000000000000000 -0.212132034355907 
0.000000000000000 0.000000000000000 1.000000000000000 0.212132034356021 
2  3 -1 0
1
1.000000000000000 0.000000000000000 0.000000000000000 0.000000000000000 
0.000000000000000 0.707106781186548 -0.707106781186547 114.483485192468720 
0.000000000000000 0.707106781186547 0.707106781186548 -266.387582619396994 
2  5 1 2 -1 0
2  5 -1 0
2  2 1 5 -1 0
2  3 1 2 1 0
2  5 1 2 -1 3 -1 0
1
1.000000000000000 0.000000000000000 0.000000000000000 0.000000000000000 
0.000000000000000 1.000000000000000 0.000000000000000 -0.282842712474619 
0.000000000000000 0.000000000000000 1.000000000000000 -0.282842712474619 
2  11 -1 0
1
1.000000000000000 0.000000000000000 0.000000000000000 0.000000000000000 
0.000000000000000 0.707106781186548 -0.707106781186547 109.883485192468584 
0.000000000000000 0.707106781186547 0.707106781186548 -264.482200232480636 
1
1.000000000000000 0.000000000000000 0.000000000000000 0.000000000000000 
0.000000000000000 1.000000000000000 0.000000000000000 0.000000000000000 
0.000000000000000 0.000000000000000 1.000000000000000 0.000000000000000 
2  13 1 14 1 11 -1 0
2  3 1 2 1 5 -1 0
1
1.000000000000000 0.000000000000000 0.000000000000000 0.000000000000000 
0.000000000000000 1.000000000000000 0.000000000000000 -0.212132034355907 
0.000000000000000 0.000000000000000 1.000000000000000 0.212132034356021 
2  13 1 14 1 17 1 11 -1 0
1
1.000000000000000 0.000000000000000 0.000000000000000 0.000000000000000 
0.000000000000000 1.000000000000000 0.000000000000000 0.000000000000000 
0.000000000000000 0.000000000000000 1.000000000000000 0.300000000000000 
2  19 1 13 1 14 1 11 -1 0
2  13 1 14 1 0
2  14 -1 13 -1 0
2  17 -1 14 -1 13 -1 0
1
1.000000000000000 0.000000000000000 0.000000000000000 0.000000000000000 
0.000000000000000 0.707106781186548 -0.707106781186547 109.883485192468584 
0.000000000000000 0.707106781186547 0.707106781186548 -264.482200232480636 
2  24 1 14 1 0
2  13 1 24 -1 0
2  24 -1 0
2  14 -1 24 -1 0
2  19 1 13 1 14 1 0
2  19 -1 0
2  14 -1 13 -1 19 -1 0
2  19 1 13 1 24 -1 0
2  14 -1 0
1
1.000000000000000 0.000000000000000 0.000000000000000 0.000000000000000 
0.000000000000000 1.000000000000000 0.000000000000000 0.000000000000000 
0.000000000000000 0.000000000000000 1.000000000000000 0.000000000000000 
2  34 -1 0
2  14 -1 34 -1 0
1
1.000000000000000 0.000000000000000 0.000000000000000 -0.000000000000000 
0.000000000000000 1.000000000000000 0.000000000000000 206.000000000000000 
0.000000000000000 0.000000000000000 1.000000000000000 0.000000000000046 
2  37 1 34 1 0
2  34 -1 37 -1 0
2  37 -1 0
2  14 -1 34 -1 37 -1 0
1
1.000000000000000 0.000000000000000 0.000000000000000 0.000000000000000 
0.000000000000000 1.000000000000000 0.000000000000000 -206.000000000000000 
0.000000000000000 0.000000000000000 1.000000000000000 -0.000000000000046 
2  37 1 42 1 34 1 0
2  42 -1 37 -1 0
2  14 -1 34 -1 42 -1 37 -1 0
2  34 1 14 1 0
2  37 1 42 1 0
Curve2ds 185
1 0.00000000000000000 0.00000000000000000 1.00000000000000000 0.00000000000000000 
1 0.00000000000000000 -0.30000000000002580 1.00000000000000000 0.00000000000000000 
1 -39.91715728752543413 14.10000000000000142 0.00000000000000000 -1.00000000000000000 
1 -0.10000000000002274 0.00000000000000000 -1.00000000000000000 0.00000000000040618 
1 -0.07071067811864395 0.07071067811864395 -0.70710678118626036 0.70710678118683479 
1 0.15000000000002858 11.10000000000000142 -1.00000000000000000 0.00000000000000000 
1 3.00000000000000000 -0.30000000000002580 0.00000000000000000 1.00000000000000000 
1 0.00000000000000000 0.00000000000000000 -0.00000000000000054 -1.00000000000000000 
1 79.83431457505075457 0.00000000000000000 -0.00000000000026812 -1.00000000000000000 
1 0.00000000000000000 0.00000000000000000 0.00000000000000000 1.00000000000000000 
1 0.78539816339744828 0.00000000000000000 0.00000000000000000 1.00000000000000000 
1 -0.14999999999994820 11.10000000000000142 0.00000000000000000 -1.00000000000000000 
1 3.00000000000000000 0.00000000000000000 1.00000000000000000 0.00000000000000000 
1 -39.91715728752543413 11.10000000000000142 0.00000000000000000 -1.00000000000000000 
1 -39.91715728752543413 -14.10000000000000320 1.00000000000000000 0.00000000000000000 
1 0.00000000000000000 0.00000000000000000 1.00000000000000000 0.00000000000000000 
1 0.00000000000006287 -0.30000000000001703 1.00000000000000000 0.00000000000000000 
1 39.91715728752535597 -14.10000000000000320 0.00000000000000000 1.00000000000000000 
1 0.00000000000000000 0.00000000000000000 1.00000000000000000 0.00000000000000000 
1 0.00000000000000000 -0.30000000000002452 1.00000000000000000 0.00000000000000000 
1 39.91715728752535597 14.10000000000000142 -1.00000000000000000 0.00000000000000000 
1 0.00000000000000000 0.00000000000000000 1.00000000000000000 0.00000000000000000 
1 -0.00000000000006536 -0.30000000000001953 1.00000000000000000 0.00000000000000000 
1 0.00000000000000000 22.20000000000000284 1.00000000000000000 0.00000000000000000 
2 0.00000000000000000 0.00000000000000000 -1.00000000000000000 0.00000000000000000 0.00000000000000000 1.00000000000000000 0.09999999999996589
1 0.00000000000000000 0.00000000000000000 1.00000000000000000 0.00000000000000000 
2 0.00000000000000000 0.00000000000000000 -1.00000000000000000 0.00000000000028422 0.00000000000028422 1.00000000000000000 0.39999999999998292
1 0.00000000000000000 0.00000000000000000 1.00000000000000000 0.00000000000000000 
1 0.00000000000007430 -0.40000000000000990 1.00000000000000000 0.00000000000000000 
1 0.15000000000008890 11.10000000000006004 -1.00000000000000000 0.00000000000000000 
1 0.39999999999994712 -0.30000000000002636 0.00000000000020917 1.00000000000000000 
1 0.39999999999992042 -0.30000000000004196 0.00000000000020917 1.00000000000000000 
1 -0.09999999999991628 -0.00000000000003077 -1.00000000000000000 0.00000000000040618 
1 0.00000000000000000 0.00000000000000000 0.00000000000000000 1.00000000000000000 
1 0.78539816339744828 0.00000000000000000 0.00000000000000000 1.00000000000000000 
1 0.15000000000002858 -11.10000000000000320 0.00000000000000000 1.00000000000000000 
1 25.20000000000000284 -0.30000000000002580 -1.00000000000000000 0.00000000000000000 
1 -39.91715728752544123 -11.10000000000000320 0.00000000000000000 1.00000000000000000 
1 28.20000000000000284 0.00000000000000000 0.00000000000000054 -1.00000000000000000 
1 0.00000000000000000 0.00000000000000000 -0.00000000000026812 -1.00000000000000000 
1 0.00000000000000000 22.20000000000000284 1.00000000000000000 0.00000000000000000 
2 0.00000000000000000 0.00000000000000000 1.00000000000000000 0.00000000000000000 -0.00000000000000000 1.00000000000000000 0.39999999999998292
1 0.00000000000000000 0.00000000000000000 1.00000000000000000 0.00000000000000000 
1 -0.00000000000000000 -0.40000000000001429 1.00000000000000000 0.00000000000000000 
1 -0.14999999999992875 11.10000000000006004 0.00000000000000000 -1.00000000000000000 
1 -11.10000000000006004 3.05269119345803119 1.00000000000000000 0.00000000000000000 
8 0.00000000000000000 22.20000000000000284
1 0.00000000000000000 0.00000000000000000 0.00000000000000000 1.00000000000000000 
1 28.20000000000000284 0.00000000000000000 -0.00000000000000054 -1.00000000000000000 
1 0.00000000000000000 0.00000000000000000 0.00000000000026812 -1.00000000000000000 
1 0.39999999999992042 0.00000000000000000 -1.00000000000000000 -0.00000000000010159 
1 0.28284271247451898 0.28284271247463266 -0.70710678118647574 -0.70710678118661940 
1 -0.14999999999994820 -11.10000000000000320 1.00000000000000000 0.00000000000000000 
1 25.20000000000000284 0.00000000000000000 0.00000000000000000 -1.00000000000000000 
1 0.00000000000000000 0.00000000000000000 0.00000000000000054 -1.00000000000000000 
1 79.83431457505075457 0.00000000000000000 0.00000000000026812 -1.00000000000000000 
2 0.00000000000000000 0.00000000000000000 1.00000000000000000 0.00000000000056843 -0.00000000000056843 1.00000000000000000 0.09999999999996589
1 0.00000000000000000 0.00000000000000000 1.00000000000000000 0.00000000000000000 
1 0.00000000000000000 0.00000000000000000 1.00000000000000000 0.00000000000000000 
1 0.00000000000000000 -0.40000000000001429 1.00000000000000000 0.00000000000000000 
1 0.15000000000008890 -11.10000000000005826 0.00000000000000000 1.00000000000000000 
1 11.10000000000005826 3.05269119345803119 -1.00000000000000000 0.00000000000000000 
1 11.10000000000005826 3.05269119345814488 -1.00000000000000000 0.00000000000000000 
8 0.00000000000000000 22.20000000000000284
1 0.00000000000000000 0.00000000000000000 0.00000000000000000 1.00000000000000000 
1 -11.10000000000000142 3.45269119345806530 0.00000000000000000 -1.00000000000000000 
1 0.00000000000000000 -0.00000000000000000 1.00000000000000000 0.00000000000000000 
1 0.00000000000000000 0.00000000000000000 1.00000000000000000 0.00000000000000000 
1 -0.00000000000008038 -0.30000000000003457 1.00000000000000000 0.00000000000000000 
1 6.90538238691624429 -0.29999999999999999 -0.00000000000000000 1.00000000000000000 
1 -0.07071067811863613 0.07071067811864395 -0.70710678118654757 0.70710678118654746 
1 -11.10000000000000142 3.45269119345806530 0.00000000000000000 -1.00000000000000000 
1 0.00000000000000000 -0.29999999999999999 1.00000000000000000 0.00000000000000000 
1 0.00000000000000000 0.00000000000000000 1.00000000000000000 0.00000000000000000 
1 -0.00000000000007430 -0.40000000000000990 1.00000000000000000 0.00000000000000000 
1 -0.14999999999992875 -11.10000000000005826 1.00000000000000000 0.00000000000000000 
1 6.50538238691623860 -0.00000000000005018 0.00000000000020917 -1.00000000000000000 
1 6.50538238691621018 -0.00000000000003059 0.00000000000020917 -1.00000000000000000 
1 0.39999999999993330 -0.00000000000003075 -1.00000000000000000 -0.00000000000010159 
1 0.00000000000000000 0.00000000000000000 1.00000000000000000 0.00000000000000000 
1 11.09999999999999964 -3.45269119345817899 0.00000000000000000 1.00000000000000000 
1 0.00000000000000000 0.00000000000000000 1.00000000000000000 0.00000000000000000 
1 0.00000000000008038 -0.30000000000003457 1.00000000000000000 0.00000000000000000 
1 -11.10000000000000142 -3.45269119345817899 1.00000000000000000 0.00000000000000000 
1 0.78539816339744828 0.00000000000000000 0.00000000000000000 1.00000000000000000 
1 11.09999999999999964 -3.45269119345817899 -1.00000000000000000 0.00000000000000000 
1 0.78539816339744828 0.00000000000000000 0.00000000000000000 1.00000000000000000 
1 0.00000000000000000 -0.29999999999999999 1.00000000000000000 0.00000000000000000 
1 11.09999999999999964 -3.45269119345817899 0.00000000000000000 1.00000000000000000 
1 0.00000000000000000 22.20000000000000284 1.00000000000000000 0.00000000000000000 
2 0.00000000000000000 0.00000000000000000 -1.00000000000000000 0.00000000000000000 0.00000000000000000 1.00000000000000000 0.10000000000000003
1 0.00000000000000000 0.00000000000000000 1.00000000000000000 0.00000000000000000 
2 0.00000000000000000 0.00000000000000000 -1.00000000000000000 0.00000000000000000 0.00000000000000000 1.00000000000000000 0.40000000000000002
6 0 1 -0.10000000000000003 0.00000000000000000  -0.40000000000000008 0.00000000000000000  
1 0.00000000000000000 0.00000000000000000 0.00000000000000000 1.00000000000000000 
1 0.00000000000000000 0.00000000000000000 0.00000000000000000 -1.00000000000000000 
1 0.28284271247462484 0.28284271247463266 -0.70710678118654757 -0.70710678118654746 
2 0.00000000000000000 0.00000000000000000 1.00000000000000000 0.00000000000000000 -0.00000000000000000 1.00000000000000000 0.40000000000000002
1 0.00000000000000000 22.20000000000000284 1.00000000000000000 0.00000000000000000 
8 0.40000000000000036 22.60000000000000142
1 0.00000000000000000 22.60000000000000142 -0.00000000000000000 -1.00000000000000000 
1 -0.40000000000000036 0.00000000000000000 1.00000000000000000 0.00000000000000000 
2 0.00000000000000000 0.00000000000000000 1.00000000000000000 0.00000000000000000 -0.00000000000000000 1.00000000000000000 0.10000000000000003
1 0.00000000000000000 0.00000000000000000 1.00000000000000000 0.00000000000000000 
8 0.40000000000000036 22.60000000000000142
1 0.00000000000000000 -0.40000000000000036 0.00000000000000000 1.00000000000000000 
1 -0.40000000000000036 0.00000000000000000 1.00000000000000000 0.00000000000000000 
1 0.00000000000000000 0.00000000000000000 1.00000000000000000 0.00000000000000000 
1 0.00000000000000000 0.00000000000000000 1.00000000000000000 0.00000000000000000 
8 0.00000000000000000 1.00000000000000000
1 1.57079632679489656 0.00000000000000000 0.00000000000000000 1.00000000000000000 
6 0 1 0.39999999999999997 -0.30000000000000071  0.39999999999999997 0.00000000000000000  
1 0.00000000000000000 1.00000000000000000 1.00000000000000000 0.00000000000000000 
1 0.00000000000000000 0.00000000000000000 1.00000000000000000 0.00000000000000000 
6 0 1 0.10000000000000003 0.00000000000000000  0.40000000000000002 0.00000000000000000  
8 0.00000000000000000 1.00000000000000000
1 6.28318530717958623 0.00000000000000000 0.00000000000000000 1.00000000000000000 
1 0.00000000000000000 0.00000000000000000 0.00000000000000000 -1.00000000000000000 
8 0.00000000000000000 206.00000000000000000
1 6.28318530717958623 0.00000000000000000 0.00000000000000000 -1.00000000000000000 
1 22.20000000000000284 0.00000000000000000 0.00000000000000000 -1.00000000000000000 
1 0.00000000000000000 0.00000000000000000 0.00000000000000000 -1.00000000000000000 
1 -0.40000000000000036 -206.00000000000000000 1.00000000000000000 0.00000000000000000 
1 0.00000000000000000 0.00000000000000000 -1.00000000000000000 0.00000000000000000 
1 0.00000000000000000 0.00000000000000000 0.00000000000000000 -1.00000000000000000 
1 6.28318530717958623 0.00000000000000000 0.00000000000000000 -1.00000000000000000 
1 22.20000000000000284 0.00000000000000000 0.00000000000000000 -1.00000000000000000 
1 0.00000000000000000 0.00000000000000000 0.00000000000000000 -1.00000000000000000 
1 -0.40000000000000036 -206.00000000000000000 1.00000000000000000 0.00000000000000000 
1 0.00000000000000000 -0.29999999999999999 -1.00000000000000000 0.00000000000000000 
1 1.57079632679489656 0.00000000000000000 0.00000000000000000 -1.00000000000000000 
1 0.00000000000000000 0.00000000000000000 0.00000000000000000 -1.00000000000000000 
1 0.00000000000000000 -206.00000000000000000 1.00000000000000000 0.00000000000000000 
1 6.28318530717958623 0.00000000000000000 -1.00000000000000000 0.00000000000000000 
1 -0.00000000000000001 -0.30000000000000071 1.00000000000000000 0.00000000000000000 
1 -0.39999999999999997 -0.00000000000000009 1.00000000000000000 0.00000000000000000 
6 0 1 78.00000000000000000 -0.30000000000000071  78.00000000000000000 0.00000000000000000  
6 0 1 0.00000000000000000 -0.30000000000000071  0.00000000000000000 0.00000000000000000  
1 0.00000000000000000 0.00000000000000000 1.00000000000000000 0.00000000000000000 
1 -0.39999999999999997 -0.00000000000000009 1.00000000000000000 0.00000000000000000 
8 0.00000000000000000 206.00000000000000000
1 1.57079632679489656 0.00000000000000000 0.00000000000000000 -1.00000000000000000 
1 0.00000000000000000 0.00000000000000000 0.00000000000000000 -1.00000000000000000 
1 0.00000000000000000 -206.00000000000000000 1.00000000000000000 0.00000000000000000 
1 6.28318530717958623 1.00000000000000000 -1.00000000000000000 0.00000000000000000 
1 0.00000000000000000 0.00000000000000000 1.00000000000000000 0.00000000000000000 
1 0.00000000000000000 0.00000000000000000 1.00000000000000000 0.00000000000000000 
1 0.00000000000000000 1.00000000000000000 1.00000000000000000 0.00000000000000000 
1 0.00000000000000000 0.00000000000000000 1.00000000000000000 0.00000000000000000 
1 4.71238898038467902 0.00000000000000000 0.00000000000000000 1.00000000000000000 
6 0 1 77.59999999999999432 -0.30000000000000071  77.59999999999999432 0.00000000000000000  
1 4.71238898038467902 0.00000000000000000 0.00000000000000000 -1.00000000000000000 
1 77.59999999999999432 0.00000000000003961 0.00000000000000000 -1.00000000000000000 
1 0.00000000000000000 -206.00000000000000000 1.00000000000000000 0.00000000000000000 
1 6.28318530717958623 1.00000000000000000 -1.00000000000000000 0.00000000000000000 
6 0 1 -0.40000000000000036 -0.29999999999999999  -0.40000000000000036 0.00000000000000000  
8 0.00000000000000000 1.00000000000000000
1 0.00000000000000000 0.00000000000000000 0.00000000000000000 1.00000000000000000 
7 0 0  1 2 2  -22.60000000000000142 -0.29999999999999999  -22.60000000000000142 0.00000000000000008 
 0.00000000000000000 2 1.00000000000000000 2
1 6.28318530717958623 0.00000000000000000 0.00000000000000000 1.00000000000000000 
1 4.71238898038467902 0.00000000000000000 0.00000000000000000 -1.00000000000000000 
1 77.59999999999999432 0.00000000000003961 0.00000000000000000 -1.00000000000000000 
1 0.00000000000000000 -206.00000000000000000 1.00000000000000000 0.00000000000000000 
1 6.28318530717958623 0.00000000000000000 -1.00000000000000000 0.00000000000000000 
1 77.60000000000000853 -0.00000000000003961 0.00000000000000000 -1.00000000000000000 
1 -0.00000000000000000 -0.30000000000000071 1.00000000000000000 0.00000000000000000 
1 -0.39999999999999997 -206.00000000000000000 1.00000000000000000 0.00000000000000000 
1 0.00000000000000001 -0.30000000000000071 -1.00000000000000000 0.00000000000000000 
8 0.00000000000000000 1.00000000000000000
1 4.71238898038468967 0.00000000000000000 0.00000000000000000 1.00000000000000000 
6 0 1 -0.39999999999999997 -0.30000000000000071  -0.39999999999999997 0.00000000000000000  
6 0 1 205.99999999999994316 -0.30000000000000071  205.99999999999997158 0.00000000000000000  
6 0 1 -78.00000000000000000 -0.30000000000000071  -78.00000000000000000 0.00000000000000000  
1 77.60000000000000853 -0.00000000000003961 0.00000000000000000 -1.00000000000000000 
1 0.00000000000000000 0.00000000000000000 1.00000000000000000 0.00000000000000000 
1 -0.39999999999999997 -206.00000000000000000 1.00000000000000000 0.00000000000000000 
1 0.00000000000000000 0.00000000000000000 -1.00000000000000000 0.00000000000000000 
1 0.00000000000000000 -0.30000000000000071 1.00000000000000000 0.00000000000000000 
1 0.00000000000000000 0.00000000000000000 1.00000000000000000 0.00000000000000000 
1 0.00000000000000000 0.00000000000000000 1.00000000000000000 0.00000000000000000 
1 0.00000000000000000 0.00000000000000000 1.00000000000000000 0.00000000000000000 
6 0 1 0.00000000000000000 -0.30000000000000071  0.00000000000000000 0.00000000000000000  
6 0 1 0.00000000000000000 -0.30000000000000071  0.00000000000000000 0.00000000000000000  
1 0.00000000000000000 0.00000000000000000 0.00000000000000000 -1.00000000000000000 
1 0.00000000000000000 0.00000000000000000 -1.00000000000000000 0.00000000000000000 
1 -0.00000000000000311 -205.99999999999997158 1.00000000000000000 0.00000000000000000 
1 0.00000000000000000 0.00000000000000000 -1.00000000000000000 0.00000000000000000 
1 1.57079632679490722 0.00000000000000000 0.00000000000000000 1.00000000000000000 
7 0 0  1 2 2  -77.59999999999999432 -0.29999999999999893  -77.59999999999999432 0.00000000000000178 
 0.00000000000000000 2 1.00000000000000000 2
1 0.00000000000000000 0.00000000000000000 0.00000000000000000 -1.00000000000000000 
1 0.00000000000000000 -0.30000000000000071 -1.00000000000000000 0.00000000000000000 
1 -0.00000000000000311 -205.99999999999997158 1.00000000000000000 0.00000000000000000 
1 0.00000000000000000 -0.30000000000000071 -1.00000000000000000 0.00000000000000000 
6 0 1 -205.99999999999994316 -0.30000000000000071  -205.99999999999997158 0.00000000000000000  
6 0 1 0.00000000000000000 -0.30000000000000071  0.00000000000000000 0.00000000000000000  
Curves 76
1 14.10000000000000320 379.08284271247464403 4.71715728752548102 -1.00000000000000000 0.00000000000000000 0.00000000000000000 
1 11.10000000000000320 378.87071067811871217 4.92928932188150171 0.00000000000000000 0.70710678118639958 -0.70710678118669557 
1 14.10000000000000320 379.08284271247464403 4.71715728752548102 0.00000000000000054 -0.70710678118635806 0.70710678118673698 
1 11.10000000000000320 379.08284271247464403 4.71715728752548102 -1.00000000000000000 0.00000000000000000 0.00000000000000000 
1 -14.10000000000000142 379.08284271247464403 4.71715728752548102 0.00000000000000000 0.70710678118654746 0.70710678118654768 
1 -14.10000000000000142 435.53422791987304663 61.16854249492390494 1.00000000000000000 0.00000000000000000 0.00000000000000000 
1 14.10000000000000320 435.53422791987304663 61.16854249492390494 0.00000000000000000 -0.70710678118654746 -0.70710678118654768 
2 11.10000000000000142 378.80000000000012506 5.00000000000017586 1.00000000000000000 0.00000000000000000 0.00000000000000000 0.00000000000000000 0.70710678118611237 -0.70710678118698278 -0.00000000000000000 0.70710678118698278 0.70710678118611237 0.09999999999996589
2 11.10000000000000142 378.80000000000012506 5.00000000000017586 1.00000000000000000 0.00000000000000000 0.00000000000000000 0.00000000000000000 0.70710678118632775 -0.70710678118676740 -0.00000000000000000 0.70710678118676740 0.70710678118632775 0.39999999999998292
1 11.10000000000006004 379.15355339059328799 5.21213203435613437 0.00000000000000000 0.70710678118639958 -0.70710678118669557 
1 -11.10000000000000142 378.87071067811871217 4.92928932188150171 1.00000000000000000 0.00000000000000000 0.00000000000000000 
1 14.10000000000000320 435.53422791987304663 61.16854249492390494 0.00000000000000054 -0.70710678118635806 0.70710678118673698 
2 -11.10000000000000142 378.80000000000012506 5.00000000000017586 1.00000000000000000 0.00000000000000000 0.00000000000000000 0.00000000000000000 0.70710678118632775 -0.70710678118676740 -0.00000000000000000 0.70710678118676740 0.70710678118632775 0.39999999999998292
1 11.10000000000006004 379.36568542494921985 5.00000000000011369 -1.00000000000000000 0.00000000000000000 0.00000000000000000 
1 -14.10000000000000142 379.08284271247464403 4.71715728752548102 0.00000000000000054 -0.70710678118635806 0.70710678118673698 
1 -11.10000000000000142 379.08284271247464403 4.71715728752548102 0.00000000000000000 -0.70710678118639958 0.70710678118669557 
1 -14.10000000000000142 435.53422791987304663 61.16854249492390494 0.00000000000000054 -0.70710678118635806 0.70710678118673698 
2 -11.10000000000000142 378.80000000000012506 5.00000000000017586 1.00000000000000000 0.00000000000000000 0.00000000000000000 0.00000000000000000 0.70710678118611237 -0.70710678118698278 -0.00000000000000000 0.70710678118698278 0.70710678118611237 0.09999999999996589
1 -11.10000000000005826 379.15355339059328799 5.21213203435613437 1.00000000000000000 0.00000000000000000 0.00000000000000000 
1 11.10000000000000142 381.10538238691623292 0.00000000000008310 0.00000000000000000 -1.00000000000000000 0.00000000000000000 
1 11.10000000000000142 374.19999999999998863 0.30000000000008309 0.00000000000000000 0.00000000000000000 -1.00000000000000000 
1 11.10000000000000142 381.10538238691623292 0.00000000000008310 0.00000000000000000 -1.00000000000000000 0.00000000000000000 
1 -11.10000000000005826 379.36568542494921985 5.00000000000011369 0.00000000000000000 -0.70710678118639958 0.70710678118669557 
1 -11.09999999999999964 374.19999999999998863 0.00000000000008310 0.00000000000000000 1.00000000000000000 0.00000000000000000 
1 11.10000000000000142 374.19999999999998863 0.00000000000008310 -1.00000000000000000 0.00000000000000000 0.00000000000000000 
1 -11.09999999999999964 374.19999999999998863 0.30000000000008309 1.00000000000000000 0.00000000000000000 0.00000000000000000 
1 -11.09999999999999964 374.19999999999998863 0.00000000000008310 0.00000000000000000 1.00000000000000000 0.00000000000000000 
2 11.10000000000000320 374.19999999999998863 0.40000000000008312 1.00000000000000000 0.00000000000000000 0.00000000000000000 0.00000000000000000 0.00000000000000000 -1.00000000000000000 -0.00000000000000000 1.00000000000000000 0.00000000000000000 0.10000000000000003
2 11.10000000000000320 374.19999999999998863 0.40000000000008312 1.00000000000000000 0.00000000000000000 0.00000000000000000 0.00000000000000000 0.00000000000000000 -1.00000000000000000 -0.00000000000000000 1.00000000000000000 0.00000000000000000 0.40000000000000002
6 0 1 11.10000000000000142 374.19999999999998863 0.30000000000008309  11.10000000000000142 374.19999999999998863 0.00000000000008304  
1 -11.09999999999999964 374.19999999999998863 0.00000000000008310 0.00000000000000000 0.00000000000000000 1.00000000000000000 
2 -11.09999999999999964 374.19999999999998863 0.40000000000008312 1.00000000000000000 0.00000000000000000 0.00000000000000000 0.00000000000000000 0.00000000000000000 -1.00000000000000000 -0.00000000000000000 1.00000000000000000 0.00000000000000000 0.40000000000000002
1 -11.50000000000000000 374.19999999999998863 0.00000000000008310 1.00000000000000000 0.00000000000000000 0.00000000000000000 
2 -11.09999999999999964 374.19999999999998863 0.40000000000008312 1.00000000000000000 0.00000000000000000 0.00000000000000000 0.00000000000000000 0.00000000000000000 -1.00000000000000000 -0.00000000000000000 1.00000000000000000 0.00000000000000000 0.10000000000000003
1 -11.50000000000000000 168.19999999999998863 0.30000000000003735 1.00000000000000000 0.00000000000000000 0.00000000000000000 
2 11.10000000000000142 168.19999999999998863 0.40000000000003733 0.00000000000000000 -1.00000000000000000 -0.00000000000000022 0.00000000000000000 0.00000000000000022 -1.00000000000000000 1.00000000000000000 0.00000000000000000 0.00000000000000000 0.10000000000000001
6 0 1 11.19999999999999929 374.19999999999998863 0.40000000000008307  11.50000000000000000 374.19999999999998863 0.40000000000008307  
2 11.10000000000000142 374.19999999999998863 0.40000000000008307 0.00000000000000000 -1.00000000000000000 -0.00000000000000022 0.00000000000000000 0.00000000000000022 -1.00000000000000000 1.00000000000000000 0.00000000000000000 0.00000000000000000 0.40000000000000002
6 0 1 -11.09999999999999964 374.19999999999998863 0.30000000000008309  -11.09999999999999964 374.19999999999998863 0.00000000000008310  
1 -11.09999999999999964 374.19999999999998863 0.00000000000008310 0.00000000000000000 -1.00000000000000000 -0.00000000000000022 
1 11.10000000000000142 374.19999999999998863 0.00000000000008304 0.00000000000000000 -1.00000000000000000 -0.00000000000000022 
1 -11.50000000000000000 168.19999999999998863 0.00000000000003736 1.00000000000000000 0.00000000000000000 0.00000000000000000 
1 -11.09999999999999964 374.19999999999998863 0.30000000000008309 0.00000000000000000 -1.00000000000000000 -0.00000000000000022 
1 11.10000000000000142 374.19999999999998863 0.30000000000008309 0.00000000000000000 -1.00000000000000000 -0.00000000000000022 
1 -11.50000000000000000 168.19999999999998863 0.30000000000003735 1.00000000000000000 0.00000000000000000 0.00000000000000000 
1 11.19999999999999929 374.19999999999998863 0.40000000000008307 0.00000000000000000 -1.00000000000000000 -0.00000000000000022 
2 11.10000000000000142 168.19999999999998863 0.40000000000003733 0.00000000000000000 -1.00000000000000000 -0.00000000000000022 0.00000000000000000 0.00000000000000022 -1.00000000000000000 1.00000000000000000 0.00000000000000000 0.00000000000000000 0.10000000000000001
1 11.19999999999999929 168.19999999999998863 0.00000000000003735 0.00000000000000000 -0.00000000000000022 1.00000000000000000 
6 0 1 11.19999999999999929 374.19999999999993179 78.00000000000008527  11.50000000000000000 374.19999999999993179 78.00000000000008527  
1 11.50000000000000000 374.19999999999998863 0.00000000000008310 0.00000000000000000 -0.00000000000000022 1.00000000000000000 
1 11.50000000000000000 374.19999999999998863 0.40000000000008307 0.00000000000000000 -1.00000000000000000 -0.00000000000000022 
2 11.10000000000000142 168.19999999999998863 0.40000000000003733 0.00000000000000000 -1.00000000000000000 -0.00000000000000022 0.00000000000000000 0.00000000000000022 -1.00000000000000000 1.00000000000000000 0.00000000000000000 0.00000000000000000 0.40000000000000002
2 -11.09999999999999964 168.19999999999998863 0.40000000000004299 0.00000000000000000 -1.00000000000000000 -0.00000000000000022 0.00000000000001088 0.00000000000000022 -1.00000000000000000 1.00000000000000000 -0.00000000000000000 0.00000000000001088 0.10000000000000001
2 -11.09999999999999964 374.19999999999998863 0.40000000000008873 0.00000000000000000 -1.00000000000000000 -0.00000000000000022 0.00000000000001088 0.00000000000000022 -1.00000000000000000 1.00000000000000000 -0.00000000000000000 0.00000000000001088 0.40000000000000002
6 0 1 -11.19999999999999929 374.19999999999998863 0.40000000000009406  -11.50000000000000000 374.19999999999998863 0.40000000000008873  
1 -11.50000000000000000 374.19999999999998863 0.40000000000008873 0.00000000000000000 -1.00000000000000000 -0.00000000000000022 
2 -11.09999999999999964 168.19999999999998863 0.40000000000004299 0.00000000000000000 -1.00000000000000000 -0.00000000000000022 0.00000000000001088 0.00000000000000022 -1.00000000000000000 1.00000000000000000 -0.00000000000000000 0.00000000000001088 0.40000000000000002
6 0 1 -11.09999999999999964 168.19999999999998863 0.30000000000003735  -11.09999999999999964 168.19999999999998863 0.00000000000003736  
7 0 0  1 2 2  11.10000000000000142 168.19999999999998863 0.30000000000003735  11.09999999999999964 168.19999999999998863 0.00000000000003728 
 0.00000000000000000 2 1.00000000000000000 2
1 -11.19999999999999929 374.19999999999998863 0.40000000000009406 0.00000000000000000 -1.00000000000000000 -0.00000000000000022 
2 -11.09999999999999964 168.19999999999998863 0.40000000000004299 0.00000000000000000 -1.00000000000000000 -0.00000000000000022 0.00000000000001088 0.00000000000000022 -1.00000000000000000 1.00000000000000000 -0.00000000000000000 0.00000000000001088 0.10000000000000001
1 11.19999999999999929 374.19999999999993179 78.00000000000008527 0.00000000000000000 -1.00000000000000000 -0.00000000000000022 
1 11.19999999999999929 168.19999999999998863 0.00000000000003735 0.00000000000000000 -0.00000000000000022 1.00000000000000000 
6 0 1 11.19999999999999929 168.19999999999998863 0.40000000000003733  11.50000000000000000 168.19999999999998863 0.40000000000003733  
6 0 1 11.19999999999999929 168.19999999999996021 78.00000000000004263  11.50000000000000000 168.19999999999993179 78.00000000000004263  
1 11.50000000000000000 374.19999999999993179 78.00000000000008527 0.00000000000000000 -1.00000000000000000 -0.00000000000000022 
1 11.50000000000000000 168.19999999999998863 0.00000000000003736 0.00000000000000000 -0.00000000000000022 1.00000000000000000 
1 -11.19999999999999929 168.19999999999996021 78.00000000000004263 0.00000000000000000 0.00000000000000022 -1.00000000000000000 
1 -11.50000000000000000 374.19999999999993179 78.00000000000008527 0.00000000000000000 0.00000000000000022 -1.00000000000000000 
6 0 1 -11.19999999999999929 374.19999999999993179 78.00000000000008527  -11.50000000000000000 374.19999999999993179 78.00000000000008527  
1 -11.50000000000000000 374.19999999999993179 78.00000000000008527 0.00000000000000000 -1.00000000000000000 -0.00000000000000022 
1 -11.50000000000000000 168.19999999999996021 78.00000000000004263 0.00000000000000000 0.00000000000000022 -1.00000000000000000 
7 0 0  1 2 2  -11.20000000000000107 168.19999999999998863 0.40000000000004299  -11.50000000000000178 168.19999999999998863 0.40000000000004282 
 0.00000000000000000 2 1.00000000000000000 2
1 -11.19999999999999929 374.19999999999993179 78.00000000000008527 0.00000000000000000 -1.00000000000000000 -0.00000000000000022 
1 -11.19999999999999929 168.19999999999996021 78.00000000000004263 0.00000000000000000 0.00000000000000022 -1.00000000000000000 
6 0 1 -11.19999999999999929 168.19999999999996021 78.00000000000004263  -11.50000000000000000 168.19999999999993179 78.00000000000004263  
Polygon3D 0
PolygonOnTriangulations 0
Surfaces 46
1 14.10000000000000320 379.08284271247464403 4.71715728752548102 -0.00000000000000000 -0.70710678118673698 -0.70710678118635806 -1.00000000000000000 0.00000000000000000 0.00000000000000000 0.00000000000000000 0.70710678118635806 -0.70710678118673698 
1 0.00000000000000105 407.30853531617390217 32.94284989122469653 0.00000000000000007 0.70710678118654757 -0.70710678118654746 0.00000000000000000 0.70710678118654746 0.70710678118654757 1.00000000000000000 -0.00000000000000005 0.00000000000000005 
1 11.10000000000000142 378.80000000000012506 5.00000000000017586 1.00000000000000000 0.00000000000000000 0.00000000000000000 0.00000000000000000 -0.70710678118611237 0.70710678118698278 -0.00000000000000000 0.70710678118698278 0.70710678118611237 
1 0.00000000000000109 378.97677669529673494 4.82322330470349137 -0.00000000000000000 0.70710678118669557 0.70710678118639947 0.00000000000000000 -0.70710678118639947 0.70710678118669557 1.00000000000000000 0.00000000000000000 0.00000000000000000 
1 14.10000000000000320 435.53422791987304663 61.16854249492390494 1.00000000000000000 0.00000000000000038 -0.00000000000000038 -0.00000000000000000 -0.70710678118654746 -0.70710678118654768 -0.00000000000000054 0.70710678118654768 -0.70710678118654746 
2 11.10000000000000142 378.80000000000012506 5.00000000000017586 -1.00000000000000000 -0.00000000000000000 -0.00000000000000000 0.00000000000000000 0.70710678118632775 -0.70710678118676740 -0.00000000000000000 0.70710678118676740 0.70710678118632775 0.39999999999998292
1 -14.10000000000000142 379.08284271247464403 4.71715728752548102 -1.00000000000000000 -0.00000000000000038 0.00000000000000038 0.00000000000000000 0.70710678118654746 0.70710678118654768 -0.00000000000000054 0.70710678118654768 -0.70710678118654746 
1 -14.10000000000000142 435.53422791987304663 61.16854249492390494 -0.00000000000000000 0.70710678118673698 0.70710678118635806 1.00000000000000000 0.00000000000000000 0.00000000000000000 0.00000000000000000 0.70710678118635806 -0.70710678118673698 
2 -11.10000000000000142 378.80000000000012506 5.00000000000017586 1.00000000000000000 0.00000000000000000 0.00000000000000000 0.00000000000000000 0.70710678118611237 -0.70710678118698278 -0.00000000000000000 0.70710678118698278 0.70710678118611237 0.09999999999996589
1 11.10000000000006004 379.15355339059328799 5.21213203435613437 1.00000000000000000 0.00000000000000000 0.00000000000000000 0.00000000000000000 0.70710678118639958 -0.70710678118669557 -0.00000000000000000 0.70710678118669557 0.70710678118639958 
1 0.00000000000000084 379.25961940777136761 5.10606601717812492 0.00000000000000000 0.70710678118669557 0.70710678118639947 0.00000000000000000 -0.70710678118639947 0.70710678118669557 1.00000000000000000 0.00000000000000000 -0.00000000000000000 
1 11.10000000000000142 379.36568542494921985 5.00000000000011369 1.00000000000000000 0.00000000000000038 -0.00000000000000038 0.00000000000000000 -0.70710678118654757 -0.70710678118654746 -0.00000000000000054 0.70710678118654746 -0.70710678118654757 
1 11.10000000000000142 381.10538238691623292 0.00000000000008310 1.00000000000000000 0.00000000000000000 -0.00000000000000053 0.00000000000000000 -1.00000000000000000 0.00000000000000000 -0.00000000000000053 -0.00000000000000000 -1.00000000000000000 
1 -11.10000000000000142 378.80000000000012506 5.00000000000017586 1.00000000000000000 0.00000000000000000 0.00000000000000000 0.00000000000000000 0.70710678118632775 -0.70710678118676740 -0.00000000000000000 0.70710678118676740 0.70710678118632775 
1 11.10000000000006004 379.36568542494921985 5.00000000000011369 0.00000000000000000 0.70710678118654746 -0.70710678118654757 -1.00000000000000000 0.00000000000000000 0.00000000000000000 0.00000000000000000 0.70710678118654757 0.70710678118654746 
1 0.00000000000000073 377.65269119345816762 0.00000000000008310 -0.00000000000000000 -0.00000000000000000 -1.00000000000000000 -1.00000000000000000 0.00000000000000000 0.00000000000000000 0.00000000000000000 1.00000000000000000 -0.00000000000000000 
1 -11.10000000000005826 379.15355339059328799 5.21213203435613437 0.00000000000000000 -0.70710678118654746 0.70710678118654757 1.00000000000000000 0.00000000000000000 0.00000000000000000 -0.00000000000000000 0.70710678118654757 0.70710678118654746 
1 0.00000000000000073 377.65269119345816762 0.00000000000008310 -0.00000000000000000 -0.00000000000000000 -1.00000000000000000 -1.00000000000000000 0.00000000000000000 0.00000000000000000 0.00000000000000000 1.00000000000000000 -0.00000000000000000 
1 11.10000000000000320 374.19999999999998863 0.40000000000008312 1.00000000000000000 0.00000000000000000 0.00000000000000000 0.00000000000000000 -0.00000000000000000 1.00000000000000000 -0.00000000000000000 1.00000000000000000 0.00000000000000000 
1 -11.10000000000005826 379.36568542494921985 5.00000000000011369 -1.00000000000000000 -0.00000000000000000 0.00000000000000000 0.00000000000000000 -0.70710678118639958 0.70710678118669557 0.00000000000000000 0.70710678118669557 0.70710678118639958 
1 -11.09999999999999964 374.48284271247462129 0.11715728752545829 -1.00000000000000000 -0.00000000000000038 0.00000000000000038 -0.00000000000000000 0.70710678118654757 0.70710678118654746 -0.00000000000000054 0.70710678118654746 -0.70710678118654757 
1 -11.09999999999999964 374.19999999999998863 0.00000000000008310 -1.00000000000000000 0.00000000000000000 0.00000000000000053 0.00000000000000000 1.00000000000000000 0.00000000000000000 -0.00000000000000053 0.00000000000000000 -1.00000000000000000 
2 11.10000000000000320 374.19999999999998863 0.40000000000008312 -1.00000000000000000 -0.00000000000000000 -0.00000000000000000 0.00000000000000000 0.00000000000000000 -1.00000000000000000 -0.00000000000000000 1.00000000000000000 -0.00000000000000000 0.40000000000000002
2 -11.09999999999999964 374.19999999999998863 0.40000000000008312 1.00000000000000000 0.00000000000000000 0.00000000000000000 0.00000000000000000 0.00000000000000000 -1.00000000000000000 -0.00000000000000000 1.00000000000000000 0.00000000000000000 0.10000000000000003
9 0 0 0 0 7 1 8 2 2 2 11.09999999999999964 374.19999999999998863 0.30000000000008314  11.10000000000000142 374.19999999999998863 0.00000000000008304  
11.12243994752568099 374.20000000000010232 0.30000000000008298  11.18975979010259536 374.20000000000010232 0.00000000000008344  
11.14487978649815503 374.19999999999737383 0.30587488865524515  11.27951914599323047 374.19999999999737383 0.02349955462073658  
11.16547469408267901 374.20000000000510454 0.31762372777986697  11.36189877632947542 374.20000000000510454 0.07049491111920579  
11.18237627221983743 374.19999999999532747 0.33452530591778357  11.42950508888059069 374.19999999999532747 0.13810122367089647  
11.19412511134505195 374.20000000000260343 0.35512021350173961  11.47650044537952319 374.20000000000260343 0.22048085400670528  
11.19999999999994422 374.19999999999924967 0.37756005247444147  11.49999999999994849 374.19999999999924967 0.31024020989751733  
11.19999999999999929 374.19999999999998863 0.40000000000008307  11.50000000000000178 374.19999999999998863 0.40000000000008307  

0.00000000000000000 8
1.57079632679489656 8

0.00000000000000000 2
1.00000000000000000 2

1 -11.09999999999999964 374.19999999999998863 0.40000000000008312 1.00000000000000000 0.00000000000000000 0.00000000000000000 0.00000000000000000 0.00000000000000000 -1.00000000000000000 -0.00000000000000000 1.00000000000000000 0.00000000000000000 
