
CASCADE Topology V1, (c) Matra-Datavision
Locations 785
1
1.000000000000000 0.000000000000000 0.000000000000000 0.000000000000000 
0.000000000000000 1.000000000000000 0.000000000000000 0.000000000000000 
0.000000000000000 0.000000000000000 1.000000000000000 0.000000000000000 
1
1.000000000000000 0.000000000000000 0.000000000000000 0.000000000000000 
0.000000000000000 1.000000000000000 0.000000000000000 0.000000000000000 
0.000000000000000 0.000000000000000 1.000000000000000 0.000000000000000 
1
1.000000000000000 0.000000000000000 0.000000000000000 0.000000000000000 
0.000000000000000 1.000000000000000 0.000000000000000 0.000000000000000 
0.000000000000000 0.000000000000000 1.000000000000000 0.000000000000000 
1
1.000000000000000 0.000000000000000 0.000000000000000 0.000000000000000 
0.000000000000000 1.000000000000000 0.000000000000000 0.000000000000000 
0.000000000000000 0.000000000000000 1.000000000000000 0.000000000000000 
1
1.000000000000000 0.000000000000000 0.000000000000000 0.000000000000000 
0.000000000000000 1.000000000000000 0.000000000000000 0.000000000000000 
0.000000000000000 0.000000000000000 1.000000000000000 0.000000000000000 
1
1.000000000000000 0.000000000000000 0.000000000000000 0.000000000000000 
0.000000000000000 1.000000000000000 0.000000000000000 0.000000000000000 
0.000000000000000 0.000000000000000 1.000000000000000 0.000000000000000 
1
1.000000000000000 0.000000000000000 0.000000000000000 0.000000000000000 
0.000000000000000 1.000000000000000 0.000000000000000 0.000000000000000 
0.000000000000000 0.000000000000000 1.000000000000000 0.000000000000000 
2  2 1 3 -1 4 1 5 1 6 -1 7 1 0
1
1.000000000000000 0.000000000000000 0.000000000000000 0.000000000000000 
0.000000000000000 1.000000000000000 0.000000000000000 0.000000000000000 
0.000000000000000 0.000000000000000 1.000000000000000 0.000000000000000 
1
1.000000000000000 0.000000000000000 0.000000000000000 0.000000000000000 
0.000000000000000 1.000000000000000 0.000000000000000 0.000000000000000 
0.000000000000000 0.000000000000000 1.000000000000000 0.000000000000000 
1
1.000000000000000 0.000000000000000 0.000000000000000 0.000000000000000 
0.000000000000000 1.000000000000000 0.000000000000000 0.000000000000000 
0.000000000000000 0.000000000000000 1.000000000000000 0.000000000000000 
1
1.000000000000000 0.000000000000000 0.000000000000000 0.000000000000000 
0.000000000000000 1.000000000000000 0.000000000000000 0.000000000000000 
0.000000000000000 0.000000000000000 1.000000000000000 0.000000000000000 
2  9 1 10 -1 11 1 12 -1 0
2  7 -1 6 1 5 -1 4 -1 3 1 2 -1 0
1
0.000000000000000 1.000000000000000 0.000000000000000 0.000000000000000 
-1.000000000000000 0.000000000000000 -0.000000000000000 0.000000000000000 
-0.000000000000000 0.000000000000000 1.000000000000000 -40.100000000000001 
2  15 -1 0
1
1.000000000000000 0.000000000000000 0.000000000000000 0.000000000000000 
0.000000000000000 1.000000000000000 0.000000000000000 -144.530061367894746 
0.000000000000000 0.000000000000000 1.000000000000000 0.000000000000000 
2  17 1 2 1 3 -1 4 1 5 1 6 -1 7 1 0
1
0.184998856338741 0.388296638527942 0.902774137678555 43.093450787341105 
0.388296638527942 0.815001143661259 -0.430114933870868 -20.531311168624114 
-0.902774137678555 0.430114933870868 -0.000000000000000 127.734476419710077 
1
1.000000000000000 0.000000000000000 0.000000000000000 0.000000000000000 
0.000000000000000 1.000000000000000 0.000000000000000 0.000000000000000 
0.000000000000000 0.000000000000000 1.000000000000000 0.298451302091007 
1
0.430114933870868 0.902774137678555 0.000000000000000 162.760552736542053 
-0.902774137678555 0.430114933870868 0.000000000000000 -82.365523580290272 
0.000000000000000 0.000000000000000 1.000000000000000 0.000000000000000 
1
1.000000000000000 0.000000000000000 0.000000000000000 0.213973485949899 
0.000000000000000 1.000000000000000 0.000000000000000 -0.000000000000000 
0.000000000000000 0.000000000000000 1.000000000000000 0.000000000000000 
1
1.000000000000000 0.000000000000000 0.000000000000000 0.000000000000000 
0.000000000000000 -0.000000000000001 1.000000000000000 -210.100000000000421 
0.000000000000000 -1.000000000000000 -0.000000000000001 -130.100000000000165 
1
1.000000000000000 0.000000000000000 0.000000000000000 -0.000000000000000 
0.000000000000000 1.000000000000000 0.000000000000000 -0.298451302091027 
0.000000000000000 0.000000000000000 1.000000000000000 0.000000000000000 
2  17 1 2 1 3 -1 4 1 5 1 6 -1 7 1 19 1 20 1 21 1 22 1 23 1 24 1 0
1
1.000000000000000 0.000000000000000 0.000000000000000 0.000000000000024 
0.000000000000000 1.000000000000000 0.000000000000000 -101.215914611281207 
0.000000000000000 0.000000000000000 1.000000000000000 0.000000000000000 
1
0.184998856338741 0.388296638527942 0.902774137678555 43.093450787341105 
0.388296638527942 0.815001143661259 -0.430114933870868 -20.531311168624114 
-0.902774137678555 0.430114933870868 -0.000000000000000 127.734476419710077 
1
1.000000000000000 0.000000000000000 0.000000000000000 0.000000000000000 
0.000000000000000 1.000000000000000 0.000000000000000 0.000000000000000 
0.000000000000000 0.000000000000000 1.000000000000000 0.298451302091007 
1
0.430114933870868 0.902774137678555 0.000000000000000 162.760552736542053 
-0.902774137678555 0.430114933870868 0.000000000000000 -82.365523580290272 
0.000000000000000 0.000000000000000 1.000000000000000 0.000000000000000 
1
1.000000000000000 0.000000000000000 0.000000000000000 0.213973485949899 
0.000000000000000 1.000000000000000 0.000000000000000 -0.000000000000000 
0.000000000000000 0.000000000000000 1.000000000000000 0.000000000000000 
1
1.000000000000000 0.000000000000000 0.000000000000000 0.000000000000000 
0.000000000000000 -0.000000000000001 1.000000000000000 -210.100000000000421 
0.000000000000000 -1.000000000000000 -0.000000000000001 -130.100000000000165 
1
1.000000000000000 0.000000000000000 0.000000000000000 -0.000000000000000 
0.000000000000000 1.000000000000000 0.000000000000000 -0.298451302091027 
0.000000000000000 0.000000000000000 1.000000000000000 0.000000000000000 
2  26 1 2 1 3 -1 4 1 5 1 6 -1 7 1 27 1 28 1 29 1 30 1 31 1 32 1 0
1
0.000000000000000 0.000000000000000 1.000000000000000 4.199999999999427 
0.000000000000000 1.000000000000000 0.000000000000000 0.000000000000000 
-1.000000000000000 0.000000000000000 0.000000000000000 84.199999999999420 
1
1.000000000000000 0.000000000000000 0.000000000000000 -0.000000000000000 
0.000000000000000 1.000000000000000 0.000000000000000 0.000000000000000 
0.000000000000000 0.000000000000000 1.000000000000000 0.298451302090993 
1
0.902774137678555 0.430114933870868 0.000000000000000 52.129242648926336 
-0.430114933870868 0.902774137678555 0.000000000000000 8.198868215928186 
0.000000000000000 0.000000000000000 1.000000000000000 0.000000000000000 
1
1.000000000000000 0.000000000000000 0.000000000000000 0.036335170303088 
0.000000000000000 1.000000000000000 0.000000000000000 0.076264387619756 
0.000000000000000 0.000000000000000 1.000000000000000 -0.000000000000000 
1
0.430114933870868 0.902774137678555 0.000000000000000 162.760552736542053 
-0.902774137678555 0.430114933870868 0.000000000000000 -82.365523580290272 
0.000000000000000 0.000000000000000 1.000000000000000 0.000000000000000 
1
1.000000000000000 0.000000000000000 0.000000000000000 0.213973485949899 
0.000000000000000 1.000000000000000 0.000000000000000 -0.000000000000000 
0.000000000000000 0.000000000000000 1.000000000000000 0.000000000000000 
1
1.000000000000000 0.000000000000000 0.000000000000000 0.000000000000000 
0.000000000000000 -0.000000000000001 1.000000000000000 -210.100000000000421 
0.000000000000000 -1.000000000000000 -0.000000000000001 -130.100000000000165 
1
1.000000000000000 0.000000000000000 0.000000000000000 -0.000000000000000 
0.000000000000000 1.000000000000000 0.000000000000000 -0.298451302091027 
0.000000000000000 0.000000000000000 1.000000000000000 0.000000000000000 
2  26 1 2 1 3 -1 4 1 5 1 6 -1 7 1 34 1 35 1 36 1 37 1 38 1 39 1 40 1 41 1 0
1
1.000000000000000 0.000000000000000 0.000000000000000 0.000000000000066 
0.000000000000000 1.000000000000000 0.000000000000000 129.871934891629593 
0.000000000000000 0.000000000000000 1.000000000000000 0.000000000000000 
1
0.000000000000000 0.000000000000000 1.000000000000000 4.199999999999427 
0.000000000000000 1.000000000000000 0.000000000000000 0.000000000000000 
-1.000000000000000 0.000000000000000 0.000000000000000 84.199999999999420 
1
1.000000000000000 0.000000000000000 0.000000000000000 -0.000000000000000 
0.000000000000000 1.000000000000000 0.000000000000000 0.000000000000000 
0.000000000000000 0.000000000000000 1.000000000000000 0.298451302090993 
1
0.902774137678555 0.430114933870868 0.000000000000000 52.129242648926336 
-0.430114933870868 0.902774137678555 0.000000000000000 8.198868215928186 
0.000000000000000 0.000000000000000 1.000000000000000 0.000000000000000 
1
1.000000000000000 0.000000000000000 0.000000000000000 0.036335170303088 
0.000000000000000 1.000000000000000 0.000000000000000 0.076264387619756 
0.000000000000000 0.000000000000000 1.000000000000000 -0.000000000000000 
1
0.430114933870868 0.902774137678555 0.000000000000000 162.760552736542053 
-0.902774137678555 0.430114933870868 0.000000000000000 -82.365523580290272 
0.000000000000000 0.000000000000000 1.000000000000000 0.000000000000000 
1
1.000000000000000 0.000000000000000 0.000000000000000 0.213973485949899 
0.000000000000000 1.000000000000000 0.000000000000000 -0.000000000000000 
0.000000000000000 0.000000000000000 1.000000000000000 0.000000000000000 
1
1.000000000000000 0.000000000000000 0.000000000000000 0.000000000000000 
0.000000000000000 -0.000000000000001 1.000000000000000 -210.100000000000421 
0.000000000000000 -1.000000000000000 -0.000000000000001 -130.100000000000165 
1
1.000000000000000 0.000000000000000 0.000000000000000 -0.000000000000000 
0.000000000000000 1.000000000000000 0.000000000000000 -0.298451302091027 
0.000000000000000 0.000000000000000 1.000000000000000 0.000000000000000 
2  43 1 2 1 3 -1 4 1 5 1 6 -1 7 1 44 1 45 1 46 1 47 1 48 1 49 1 50 1 51 1 0
1
0.750000000000001 -0.433012701892219 0.500000000000000 58.336197427385073 
-0.433012701892219 0.250000000000000 0.866025403784439 101.041257864599942 
-0.500000000000000 -0.866025403784439 0.000000000000000 196.672394854770346 
1
1.000000000000000 0.000000000000000 0.000000000000000 -0.000000000000000 
0.000000000000000 1.000000000000000 0.000000000000000 0.000000000000000 
0.000000000000000 0.000000000000000 1.000000000000000 0.298451302091012 
1
0.500000000000000 0.866025403784439 0.000000000000000 -112.472394854770869 
-0.866025403784439 0.500000000000000 0.000000000000000 115.973731242166167 
0.000000000000000 0.000000000000000 1.000000000000000 0.000000000000000 
1
1.000000000000000 0.000000000000000 0.000000000000000 0.000000000000000 
0.000000000000000 1.000000000000000 0.000000000000000 0.198967534727344 
0.000000000000000 0.000000000000000 1.000000000000000 0.000000000000000 
1
0.902774137678555 0.430114933870868 0.000000000000000 52.129242648926336 
-0.430114933870868 0.902774137678555 0.000000000000000 8.198868215928186 
0.000000000000000 0.000000000000000 1.000000000000000 0.000000000000000 
1
1.000000000000000 0.000000000000000 0.000000000000000 0.036335170303088 
0.000000000000000 1.000000000000000 0.000000000000000 0.076264387619756 
0.000000000000000 0.000000000000000 1.000000000000000 -0.000000000000000 
1
0.430114933870868 0.902774137678555 0.000000000000000 162.760552736542053 
-0.902774137678555 0.430114933870868 0.000000000000000 -82.365523580290272 
0.000000000000000 0.000000000000000 1.000000000000000 0.000000000000000 
1
1.000000000000000 0.000000000000000 0.000000000000000 0.213973485949899 
0.000000000000000 1.000000000000000 0.000000000000000 -0.000000000000000 
0.000000000000000 0.000000000000000 1.000000000000000 0.000000000000000 
1
1.000000000000000 0.000000000000000 0.000000000000000 0.000000000000000 
0.000000000000000 -0.000000000000001 1.000000000000000 -210.100000000000421 
0.000000000000000 -1.000000000000000 -0.000000000000001 -130.100000000000165 
1
1.000000000000000 0.000000000000000 0.000000000000000 -0.000000000000000 
0.000000000000000 1.000000000000000 0.000000000000000 -0.298451302091027 
0.000000000000000 0.000000000000000 1.000000000000000 0.000000000000000 
2  43 1 2 1 3 -1 4 1 5 1 6 -1 7 1 53 1 54 1 55 1 56 1 57 1 58 1 59 1 60 1 61 1 62 1 0
1
0.750000000000001 -0.433012701892219 0.500000000000000 58.336197427385073 
-0.433012701892219 0.250000000000000 0.866025403784439 101.041257864599942 
-0.500000000000000 -0.866025403784439 0.000000000000000 196.672394854770346 
1
1.000000000000000 0.000000000000000 0.000000000000000 -0.000000000000000 
0.000000000000000 1.000000000000000 0.000000000000000 0.000000000000000 
0.000000000000000 0.000000000000000 1.000000000000000 0.298451302091012 
1
0.500000000000000 0.866025403784439 0.000000000000000 -112.472394854770869 
-0.866025403784439 0.500000000000000 0.000000000000000 115.973731242166167 
0.000000000000000 0.000000000000000 1.000000000000000 0.000000000000000 
1
1.000000000000000 0.000000000000000 0.000000000000000 0.000000000000000 
0.000000000000000 1.000000000000000 0.000000000000000 0.198967534727344 
0.000000000000000 0.000000000000000 1.000000000000000 0.000000000000000 
1
0.902774137678555 0.430114933870868 0.000000000000000 52.129242648926336 
-0.430114933870868 0.902774137678555 0.000000000000000 8.198868215928186 
0.000000000000000 0.000000000000000 1.000000000000000 0.000000000000000 
1
1.000000000000000 0.000000000000000 0.000000000000000 0.036335170303088 
0.000000000000000 1.000000000000000 0.000000000000000 0.076264387619756 
0.000000000000000 0.000000000000000 1.000000000000000 -0.000000000000000 
1
0.430114933870868 0.902774137678555 0.000000000000000 162.760552736542053 
-0.902774137678555 0.430114933870868 0.000000000000000 -82.365523580290272 
0.000000000000000 0.000000000000000 1.000000000000000 0.000000000000000 
1
1.000000000000000 0.000000000000000 0.000000000000000 0.213973485949899 
0.000000000000000 1.000000000000000 0.000000000000000 -0.000000000000000 
0.000000000000000 0.000000000000000 1.000000000000000 0.000000000000000 
1
1.000000000000000 0.000000000000000 0.000000000000000 0.000000000000000 
0.000000000000000 -0.000000000000001 1.000000000000000 -210.100000000000421 
0.000000000000000 -1.000000000000000 -0.000000000000001 -130.100000000000165 
1
1.000000000000000 0.000000000000000 0.000000000000000 -0.000000000000000 
0.000000000000000 1.000000000000000 0.000000000000000 -0.298451302091027 
0.000000000000000 0.000000000000000 1.000000000000000 0.000000000000000 
2  11 1 12 -1 2 1 3 -1 4 1 5 1 6 -1 7 1 64 1 65 1 66 1 67 1 68 1 69 1 70 1 71 1 72 1 73 1 0
1
0.750000000000001 0.433012701892219 -0.500000000000000 -58.336197427385073 
0.433012701892219 0.250000000000000 0.866025403784439 101.041257864599942 
0.500000000000000 -0.866025403784439 0.000000000000000 196.672394854770346 
1
1.000000000000000 0.000000000000000 0.000000000000000 -0.000000000000000 
0.000000000000000 1.000000000000000 0.000000000000000 0.000000000000000 
0.000000000000000 0.000000000000000 1.000000000000000 0.298451302091006 
1
0.500000000000000 -0.866025403784439 0.000000000000000 112.472394854770897 
0.866025403784439 0.500000000000000 0.000000000000000 115.973731242166181 
0.000000000000000 0.000000000000000 1.000000000000000 0.000000000000000 
1
1.000000000000000 0.000000000000000 0.000000000000000 -0.000000000000000 
0.000000000000000 1.000000000000000 0.000000000000000 0.198967534727344 
0.000000000000000 0.000000000000000 1.000000000000000 -0.000000000000000 
1
0.902774137678555 -0.430114933870868 0.000000000000000 -52.129242648926343 
0.430114933870868 0.902774137678555 0.000000000000000 8.198868215928186 
0.000000000000000 0.000000000000000 1.000000000000000 0.000000000000000 
1
1.000000000000000 0.000000000000000 0.000000000000000 -0.036335170303088 
0.000000000000000 1.000000000000000 0.000000000000000 0.076264387619756 
0.000000000000000 0.000000000000000 1.000000000000000 -0.000000000000000 
1
0.430114933870869 -0.902774137678555 0.000000000000000 -162.760552736541939 
0.902774137678555 0.430114933870869 0.000000000000000 -82.365523580290088 
0.000000000000000 0.000000000000000 1.000000000000000 0.000000000000000 
1
1.000000000000000 0.000000000000000 0.000000000000000 -0.213973485949899 
0.000000000000000 1.000000000000000 0.000000000000000 0.000000000000000 
0.000000000000000 0.000000000000000 1.000000000000000 0.000000000000000 
1
1.000000000000000 0.000000000000000 0.000000000000000 0.000000000000000 
0.000000000000000 -0.000000000000001 1.000000000000000 -210.100000000000421 
0.000000000000000 -1.000000000000000 -0.000000000000001 -130.100000000000165 
1
1.000000000000000 0.000000000000000 0.000000000000000 -0.000000000000000 
0.000000000000000 1.000000000000000 0.000000000000000 -0.298451302091027 
0.000000000000000 0.000000000000000 1.000000000000000 0.000000000000000 
2  11 1 12 -1 2 1 3 -1 4 1 5 1 6 -1 7 1 75 1 76 1 77 1 78 1 79 1 80 1 81 1 82 1 83 1 84 1 0
1
0.750000000000001 0.433012701892219 -0.500000000000000 -58.336197427385073 
0.433012701892219 0.250000000000000 0.866025403784439 101.041257864599942 
0.500000000000000 -0.866025403784439 0.000000000000000 196.672394854770346 
1
1.000000000000000 0.000000000000000 0.000000000000000 -0.000000000000000 
0.000000000000000 1.000000000000000 0.000000000000000 0.000000000000000 
0.000000000000000 0.000000000000000 1.000000000000000 0.298451302091006 
1
0.500000000000000 -0.866025403784439 0.000000000000000 112.472394854770897 
0.866025403784439 0.500000000000000 0.000000000000000 115.973731242166181 
0.000000000000000 0.000000000000000 1.000000000000000 0.000000000000000 
1
1.000000000000000 0.000000000000000 0.000000000000000 -0.000000000000000 
0.000000000000000 1.000000000000000 0.000000000000000 0.198967534727344 
0.000000000000000 0.000000000000000 1.000000000000000 -0.000000000000000 
1
0.902774137678555 -0.430114933870868 0.000000000000000 -52.129242648926343 
0.430114933870868 0.902774137678555 0.000000000000000 8.198868215928186 
0.000000000000000 0.000000000000000 1.000000000000000 0.000000000000000 
1
1.000000000000000 0.000000000000000 0.000000000000000 -0.036335170303088 
0.000000000000000 1.000000000000000 0.000000000000000 0.076264387619756 
0.000000000000000 0.000000000000000 1.000000000000000 -0.000000000000000 
1
0.430114933870869 -0.902774137678555 0.000000000000000 -162.760552736541939 
0.902774137678555 0.430114933870869 0.000000000000000 -82.365523580290088 
0.000000000000000 0.000000000000000 1.000000000000000 0.000000000000000 
1
1.000000000000000 0.000000000000000 0.000000000000000 -0.213973485949899 
0.000000000000000 1.000000000000000 0.000000000000000 0.000000000000000 
0.000000000000000 0.000000000000000 1.000000000000000 0.000000000000000 
1
1.000000000000000 0.000000000000000 0.000000000000000 0.000000000000000 
0.000000000000000 -0.000000000000001 1.000000000000000 -210.100000000000421 
0.000000000000000 -1.000000000000000 -0.000000000000001 -130.100000000000165 
1
1.000000000000000 0.000000000000000 0.000000000000000 -0.000000000000000 
0.000000000000000 1.000000000000000 0.000000000000000 -0.298451302091027 
0.000000000000000 0.000000000000000 1.000000000000000 0.000000000000000 
2  43 1 2 1 3 -1 4 1 5 1 6 -1 7 1 86 1 87 1 88 1 89 1 90 1 91 1 92 1 93 1 94 1 95 1 0
1
0.184998856338741 -0.388296638527942 -0.902774137678555 -43.093450787341105 
-0.388296638527942 0.815001143661259 -0.430114933870868 -20.531311168624114 
0.902774137678555 0.430114933870868 -0.000000000000000 127.734476419710077 
1
1.000000000000000 0.000000000000000 0.000000000000000 -0.000000000000000 
0.000000000000000 1.000000000000000 0.000000000000000 -0.000000000000000 
0.000000000000000 0.000000000000000 1.000000000000000 0.298451302091007 
1
0.430114933870869 -0.902774137678555 0.000000000000000 -162.760552736541939 
0.902774137678555 0.430114933870869 0.000000000000000 -82.365523580290088 
0.000000000000000 0.000000000000000 1.000000000000000 0.000000000000000 
1
1.000000000000000 0.000000000000000 0.000000000000000 -0.213973485949899 
0.000000000000000 1.000000000000000 0.000000000000000 0.000000000000000 
0.000000000000000 0.000000000000000 1.000000000000000 0.000000000000000 
1
1.000000000000000 0.000000000000000 0.000000000000000 0.000000000000000 
0.000000000000000 -0.000000000000001 1.000000000000000 -210.100000000000421 
0.000000000000000 -1.000000000000000 -0.000000000000001 -130.100000000000165 
1
1.000000000000000 0.000000000000000 0.000000000000000 -0.000000000000000 
0.000000000000000 1.000000000000000 0.000000000000000 -0.298451302091027 
0.000000000000000 0.000000000000000 1.000000000000000 0.000000000000000 
2  26 1 2 1 3 -1 4 1 5 1 6 -1 7 1 97 1 98 1 99 1 100 1 101 1 102 1 0
1
1.000000000000000 0.000000000000000 0.000000000000000 22.299999999999713 
0.000000000000000 1.000000000000000 0.000000000000000 -83.394112909449419 
0.000000000000000 0.000000000000000 1.000000000000000 0.000000000000000 
1
0.000000000000000 0.000000000000000 1.000000000000000 4.199999999999427 
0.000000000000000 1.000000000000000 0.000000000000000 0.000000000000000 
-1.000000000000000 0.000000000000000 0.000000000000000 84.199999999999420 
1
1.000000000000000 0.000000000000000 0.000000000000000 -0.000000000000000 
0.000000000000000 1.000000000000000 0.000000000000000 0.000000000000000 
0.000000000000000 0.000000000000000 1.000000000000000 0.298451302090993 
1
0.902774137678555 0.430114933870868 0.000000000000000 52.129242648926336 
-0.430114933870868 0.902774137678555 0.000000000000000 8.198868215928186 
0.000000000000000 0.000000000000000 1.000000000000000 0.000000000000000 
1
1.000000000000000 0.000000000000000 0.000000000000000 0.036335170303088 
0.000000000000000 1.000000000000000 0.000000000000000 0.076264387619756 
0.000000000000000 0.000000000000000 1.000000000000000 -0.000000000000000 
1
0.430114933870868 0.902774137678555 0.000000000000000 162.760552736542053 
-0.902774137678555 0.430114933870868 0.000000000000000 -82.365523580290272 
0.000000000000000 0.000000000000000 1.000000000000000 0.000000000000000 
1
1.000000000000000 0.000000000000000 0.000000000000000 0.213973485949899 
0.000000000000000 1.000000000000000 0.000000000000000 -0.000000000000000 
0.000000000000000 0.000000000000000 1.000000000000000 0.000000000000000 
1
1.000000000000000 0.000000000000000 0.000000000000000 0.000000000000000 
0.000000000000000 -0.000000000000001 1.000000000000000 -210.100000000000421 
0.000000000000000 -1.000000000000000 -0.000000000000001 -130.100000000000165 
1
1.000000000000000 0.000000000000000 0.000000000000000 -0.000000000000000 
0.000000000000000 1.000000000000000 0.000000000000000 -0.298451302091027 
0.000000000000000 0.000000000000000 1.000000000000000 0.000000000000000 
2  104 1 2 1 3 -1 4 1 5 1 6 -1 7 1 105 1 106 1 107 1 108 1 109 1 110 1 111 1 112 1 0
1
1.000000000000000 0.000000000000000 0.000000000000000 0.000000000000000 
0.000000000000000 1.000000000000000 0.000000000000000 0.000000000000000 
0.000000000000000 0.000000000000000 1.000000000000000 -0.100000000000161 
1
0.000000000000000 -1.000000000000000 0.000000000000000 397.005515220674340 
1.000000000000000 0.000000000000000 0.000000000000000 210.398451302091274 
0.000000000000000 0.000000000000000 1.000000000000000 0.000000000000000 
2  114 -1 115 -1 0
1
1.000000000000000 0.000000000000000 0.000000000000000 0.000000000000000 
0.000000000000000 1.000000000000000 0.000000000000000 0.000000000000000 
0.000000000000000 0.000000000000000 1.000000000000000 4.400000000624287 
2  117 -1 114 -1 115 -1 0
1
1.000000000000000 0.000000000000000 0.000000000000000 0.000000000000000 
0.000000000000000 1.000000000000000 0.000000000000000 0.000000000000000 
0.000000000000000 0.000000000000000 1.000000000000000 -0.100000000000161 
2  119 -1 115 -1 0
1
1.000000000000000 0.000000000000000 0.000000000000000 0.000000000000000 
0.000000000000000 1.000000000000000 0.000000000000000 0.000000000000000 
0.000000000000000 0.000000000000000 1.000000000000000 4.400000000624287 
2  121 -1 119 -1 115 -1 0
1
1.000000000000000 0.000000000000000 0.000000000000000 0.000000000000000 
0.000000000000000 1.000000000000000 0.000000000000000 0.000000000000000 
0.000000000000000 0.000000000000000 1.000000000000000 -0.100000000000161 
2  123 -1 115 -1 0
1
1.000000000000000 0.000000000000000 0.000000000000000 0.000000000000000 
0.000000000000000 1.000000000000000 0.000000000000000 0.000000000000000 
0.000000000000000 0.000000000000000 1.000000000000000 4.400000000624287 
2  125 -1 123 -1 115 -1 0
1
1.000000000000000 0.000000000000000 0.000000000000000 0.000000000000000 
0.000000000000000 1.000000000000000 0.000000000000000 0.000000000000000 
0.000000000000000 0.000000000000000 1.000000000000000 -0.100000000000161 
2  127 -1 115 -1 0
1
1.000000000000000 0.000000000000000 0.000000000000000 0.000000000000000 
0.000000000000000 1.000000000000000 0.000000000000000 0.000000000000000 
0.000000000000000 0.000000000000000 1.000000000000000 4.400000000624287 
2  129 -1 127 -1 115 -1 0
1
1.000000000000000 0.000000000000000 0.000000000000000 0.000000000000000 
0.000000000000000 1.000000000000000 0.000000000000000 0.000000000000000 
0.000000000000000 0.000000000000000 1.000000000000000 -0.100000000000161 
2  131 -1 115 -1 0
1
1.000000000000000 0.000000000000000 0.000000000000000 0.000000000000000 
0.000000000000000 1.000000000000000 0.000000000000000 0.000000000000000 
0.000000000000000 0.000000000000000 1.000000000000000 4.400000000624287 
2  133 -1 131 -1 115 -1 0
1
1.000000000000000 0.000000000000000 0.000000000000000 0.000000000000000 
0.000000000000000 1.000000000000000 0.000000000000000 0.000000000000000 
0.000000000000000 0.000000000000000 1.000000000000000 -0.100000000000161 
2  135 -1 115 -1 0
1
1.000000000000000 0.000000000000000 0.000000000000000 0.000000000000000 
0.000000000000000 1.000000000000000 0.000000000000000 0.000000000000000 
0.000000000000000 0.000000000000000 1.000000000000000 4.400000000624287 
2  137 -1 135 -1 115 -1 0
1
1.000000000000000 0.000000000000000 0.000000000000000 0.000000000000000 
0.000000000000000 1.000000000000000 0.000000000000000 0.000000000000000 
0.000000000000000 0.000000000000000 1.000000000000000 -0.100000000000161 
2  139 -1 115 -1 0
1
1.000000000000000 0.000000000000000 0.000000000000000 0.000000000000000 
0.000000000000000 1.000000000000000 0.000000000000000 0.000000000000000 
0.000000000000000 0.000000000000000 1.000000000000000 4.400000000624287 
2  141 -1 139 -1 115 -1 0
1
1.000000000000000 0.000000000000000 0.000000000000000 0.000000000000000 
0.000000000000000 1.000000000000000 0.000000000000000 0.000000000000000 
0.000000000000000 0.000000000000000 1.000000000000000 -0.100000000000161 
2  143 -1 115 -1 0
1
1.000000000000000 0.000000000000000 0.000000000000000 0.000000000000000 
0.000000000000000 1.000000000000000 0.000000000000000 0.000000000000000 
0.000000000000000 0.000000000000000 1.000000000000000 4.400000000624287 
2  145 -1 143 -1 115 -1 0
1
1.000000000000000 0.000000000000000 0.000000000000000 0.000000000000000 
0.000000000000000 1.000000000000000 0.000000000000000 0.000000000000000 
0.000000000000000 0.000000000000000 1.000000000000000 -0.100000000000161 
2  147 -1 115 -1 0
1
1.000000000000000 0.000000000000000 0.000000000000000 0.000000000000000 
0.000000000000000 1.000000000000000 0.000000000000000 0.000000000000000 
0.000000000000000 0.000000000000000 1.000000000000000 4.400000000624287 
2  149 -1 147 -1 115 -1 0
1
1.000000000000000 0.000000000000000 0.000000000000000 0.000000000000000 
0.000000000000000 1.000000000000000 0.000000000000000 0.000000000000000 
0.000000000000000 0.000000000000000 1.000000000000000 -0.100000000000161 
2  151 -1 115 -1 0
1
1.000000000000000 0.000000000000000 0.000000000000000 0.000000000000000 
0.000000000000000 1.000000000000000 0.000000000000000 0.000000000000000 
0.000000000000000 0.000000000000000 1.000000000000000 4.400000000624287 
2  153 -1 151 -1 115 -1 0
1
1.000000000000000 0.000000000000000 0.000000000000000 0.000000000000000 
0.000000000000000 1.000000000000000 0.000000000000000 0.000000000000000 
0.000000000000000 0.000000000000000 1.000000000000000 -0.100000000000161 
2  155 -1 115 -1 0
1
1.000000000000000 0.000000000000000 0.000000000000000 0.000000000000000 
0.000000000000000 1.000000000000000 0.000000000000000 0.000000000000000 
0.000000000000000 0.000000000000000 1.000000000000000 4.400000000624287 
2  157 -1 155 -1 115 -1 0
1
1.000000000000000 0.000000000000000 0.000000000000000 0.000000000000000 
0.000000000000000 1.000000000000000 0.000000000000000 0.000000000000000 
0.000000000000000 0.000000000000000 1.000000000000000 -0.100000000000161 
2  159 -1 115 -1 0
1
1.000000000000000 0.000000000000000 0.000000000000000 0.000000000000000 
0.000000000000000 1.000000000000000 0.000000000000000 0.000000000000000 
0.000000000000000 0.000000000000000 1.000000000000000 4.400000000624287 
2  161 -1 159 -1 115 -1 0
1
1.000000000000000 0.000000000000000 0.000000000000000 0.000000000000000 
0.000000000000000 1.000000000000000 0.000000000000000 0.000000000000000 
0.000000000000000 0.000000000000000 1.000000000000000 -0.100000000000161 
2  163 -1 115 -1 0
1
1.000000000000000 0.000000000000000 0.000000000000000 0.000000000000000 
0.000000000000000 1.000000000000000 0.000000000000000 0.000000000000000 
0.000000000000000 0.000000000000000 1.000000000000000 4.400000000624287 
2  165 -1 163 -1 115 -1 0
1
1.000000000000000 0.000000000000000 0.000000000000000 0.000000000000000 
0.000000000000000 1.000000000000000 0.000000000000000 0.000000000000000 
0.000000000000000 0.000000000000000 1.000000000000000 -0.100000000000161 
2  167 -1 115 -1 0
1
1.000000000000000 0.000000000000000 0.000000000000000 0.000000000000000 
0.000000000000000 1.000000000000000 0.000000000000000 0.000000000000000 
0.000000000000000 0.000000000000000 1.000000000000000 4.400000000624287 
2  169 -1 167 -1 115 -1 0
1
1.000000000000000 0.000000000000000 0.000000000000000 0.000000000000000 
0.000000000000000 1.000000000000000 0.000000000000000 0.000000000000000 
0.000000000000000 0.000000000000000 1.000000000000000 -0.100000000000161 
2  171 -1 115 -1 0
1
1.000000000000000 0.000000000000000 0.000000000000000 0.000000000000000 
0.000000000000000 1.000000000000000 0.000000000000000 0.000000000000000 
0.000000000000000 0.000000000000000 1.000000000000000 4.400000000624287 
2  173 -1 171 -1 115 -1 0
1
1.000000000000000 0.000000000000000 0.000000000000000 -22.299999999999713 
0.000000000000000 1.000000000000000 0.000000000000000 -83.394112909449618 
0.000000000000000 0.000000000000000 1.000000000000000 0.000000000000000 
1
-0.000000000000000 0.000000000000000 -1.000000000000000 -4.199999999999427 
0.000000000000000 1.000000000000000 0.000000000000000 0.000000000000000 
1.000000000000000 0.000000000000000 -0.000000000000000 84.199999999999420 
1
1.000000000000000 0.000000000000000 0.000000000000000 -0.000000000000000 
0.000000000000000 1.000000000000000 0.000000000000000 -0.000000000000000 
0.000000000000000 0.000000000000000 1.000000000000000 0.298451302091016 
1
0.902774137678555 -0.430114933870868 0.000000000000000 -52.129242648926343 
0.430114933870868 0.902774137678555 0.000000000000000 8.198868215928186 
0.000000000000000 0.000000000000000 1.000000000000000 0.000000000000000 
1
1.000000000000000 0.000000000000000 0.000000000000000 -0.036335170303088 
0.000000000000000 1.000000000000000 0.000000000000000 0.076264387619756 
0.000000000000000 0.000000000000000 1.000000000000000 -0.000000000000000 
1
0.430114933870869 -0.902774137678555 0.000000000000000 -162.760552736541939 
0.902774137678555 0.430114933870869 0.000000000000000 -82.365523580290088 
0.000000000000000 0.000000000000000 1.000000000000000 0.000000000000000 
1
1.000000000000000 0.000000000000000 0.000000000000000 -0.213973485949899 
0.000000000000000 1.000000000000000 0.000000000000000 0.000000000000000 
0.000000000000000 0.000000000000000 1.000000000000000 0.000000000000000 
1
1.000000000000000 0.000000000000000 0.000000000000000 0.000000000000000 
0.000000000000000 -0.000000000000001 1.000000000000000 -210.100000000000421 
0.000000000000000 -1.000000000000000 -0.000000000000001 -130.100000000000165 
1
1.000000000000000 0.000000000000000 0.000000000000000 -0.000000000000000 
0.000000000000000 1.000000000000000 0.000000000000000 -0.298451302091027 
0.000000000000000 0.000000000000000 1.000000000000000 0.000000000000000 
2  175 1 2 1 3 -1 4 1 5 1 6 -1 7 1 176 1 177 1 178 1 179 1 180 1 181 1 182 1 183 1 0
1
1.000000000000000 0.000000000000000 0.000000000000000 0.000000000000000 
0.000000000000000 1.000000000000000 0.000000000000000 0.000000000000000 
0.000000000000000 0.000000000000000 1.000000000000000 -0.100000000000012 
2  185 -1 115 -1 0
1
1.000000000000000 0.000000000000000 0.000000000000000 0.000000000000000 
0.000000000000000 1.000000000000000 0.000000000000000 0.000000000000000 
0.000000000000000 0.000000000000000 1.000000000000000 4.400000000624287 
2  187 -1 185 -1 115 -1 0
1
1.000000000000000 0.000000000000000 0.000000000000000 0.000000000000000 
0.000000000000000 1.000000000000000 0.000000000000000 0.000000000000000 
0.000000000000000 0.000000000000000 1.000000000000000 -0.100000000000012 
2  189 -1 115 -1 0
1
1.000000000000000 0.000000000000000 0.000000000000000 0.000000000000000 
0.000000000000000 1.000000000000000 0.000000000000000 0.000000000000000 
0.000000000000000 0.000000000000000 1.000000000000000 4.400000000624287 
2  191 -1 189 -1 115 -1 0
1
1.000000000000000 0.000000000000000 0.000000000000000 0.000000000000000 
0.000000000000000 1.000000000000000 0.000000000000000 0.000000000000000 
0.000000000000000 0.000000000000000 1.000000000000000 -0.100000000000012 
2  193 -1 115 -1 0
1
1.000000000000000 0.000000000000000 0.000000000000000 0.000000000000000 
0.000000000000000 1.000000000000000 0.000000000000000 0.000000000000000 
0.000000000000000 0.000000000000000 1.000000000000000 4.400000000624287 
2  195 -1 193 -1 115 -1 0
1
1.000000000000000 0.000000000000000 0.000000000000000 0.000000000000000 
0.000000000000000 1.000000000000000 0.000000000000000 0.000000000000000 
0.000000000000000 0.000000000000000 1.000000000000000 -0.100000000000012 
2  197 -1 115 -1 0
1
1.000000000000000 0.000000000000000 0.000000000000000 0.000000000000000 
0.000000000000000 1.000000000000000 0.000000000000000 0.000000000000000 
0.000000000000000 0.000000000000000 1.000000000000000 4.400000000624287 
2  199 -1 197 -1 115 -1 0
1
1.000000000000000 0.000000000000000 0.000000000000000 0.000000000000000 
0.000000000000000 1.000000000000000 0.000000000000000 0.000000000000000 
0.000000000000000 0.000000000000000 1.000000000000000 -0.100000000000012 
2  201 -1 115 -1 0
1
1.000000000000000 0.000000000000000 0.000000000000000 0.000000000000000 
0.000000000000000 1.000000000000000 0.000000000000000 0.000000000000000 
0.000000000000000 0.000000000000000 1.000000000000000 4.400000000624287 
2  203 -1 201 -1 115 -1 0
1
1.000000000000000 0.000000000000000 0.000000000000000 0.000000000000000 
0.000000000000000 1.000000000000000 0.000000000000000 0.000000000000000 
0.000000000000000 0.000000000000000 1.000000000000000 -0.100000000000012 
2  205 -1 115 -1 0
1
1.000000000000000 0.000000000000000 0.000000000000000 0.000000000000000 
0.000000000000000 1.000000000000000 0.000000000000000 0.000000000000000 
0.000000000000000 0.000000000000000 1.000000000000000 4.400000000624287 
2  207 -1 205 -1 115 -1 0
1
1.000000000000000 0.000000000000000 0.000000000000000 0.000000000000000 
0.000000000000000 1.000000000000000 0.000000000000000 0.000000000000000 
0.000000000000000 0.000000000000000 1.000000000000000 -0.100000000000012 
2  209 -1 115 -1 0
1
1.000000000000000 0.000000000000000 0.000000000000000 0.000000000000000 
0.000000000000000 1.000000000000000 0.000000000000000 0.000000000000000 
0.000000000000000 0.000000000000000 1.000000000000000 4.400000000624287 
2  211 -1 209 -1 115 -1 0
1
1.000000000000000 0.000000000000000 0.000000000000000 0.000000000000000 
0.000000000000000 1.000000000000000 0.000000000000000 0.000000000000000 
0.000000000000000 0.000000000000000 1.000000000000000 -0.100000000000012 
2  213 -1 115 -1 0
1
1.000000000000000 0.000000000000000 0.000000000000000 0.000000000000000 
0.000000000000000 1.000000000000000 0.000000000000000 0.000000000000000 
0.000000000000000 0.000000000000000 1.000000000000000 4.400000000624287 
2  215 -1 213 -1 115 -1 0
1
1.000000000000000 0.000000000000000 0.000000000000000 0.000000000000000 
0.000000000000000 1.000000000000000 0.000000000000000 0.000000000000000 
0.000000000000000 0.000000000000000 1.000000000000000 -0.100000000000012 
2  217 -1 115 -1 0
1
1.000000000000000 0.000000000000000 0.000000000000000 0.000000000000000 
0.000000000000000 1.000000000000000 0.000000000000000 0.000000000000000 
0.000000000000000 0.000000000000000 1.000000000000000 4.400000000624287 
2  219 -1 217 -1 115 -1 0
1
1.000000000000000 0.000000000000000 0.000000000000000 0.000000000000000 
0.000000000000000 1.000000000000000 0.000000000000000 0.000000000000000 
0.000000000000000 0.000000000000000 1.000000000000000 -0.100000000000012 
2  221 -1 115 -1 0
1
1.000000000000000 0.000000000000000 0.000000000000000 0.000000000000000 
0.000000000000000 1.000000000000000 0.000000000000000 0.000000000000000 
0.000000000000000 0.000000000000000 1.000000000000000 4.400000000624287 
2  223 -1 221 -1 115 -1 0
1
1.000000000000000 0.000000000000000 0.000000000000000 0.000000000000000 
0.000000000000000 1.000000000000000 0.000000000000000 0.000000000000000 
0.000000000000000 0.000000000000000 1.000000000000000 -0.100000000000012 
2  225 -1 115 -1 0
1
1.000000000000000 0.000000000000000 0.000000000000000 0.000000000000000 
0.000000000000000 1.000000000000000 0.000000000000000 0.000000000000000 
0.000000000000000 0.000000000000000 1.000000000000000 4.400000000624287 
2  227 -1 225 -1 115 -1 0
1
1.000000000000000 0.000000000000000 0.000000000000000 0.000000000000000 
0.000000000000000 1.000000000000000 0.000000000000000 0.000000000000000 
0.000000000000000 0.000000000000000 1.000000000000000 -0.100000000000012 
2  229 -1 115 -1 0
1
1.000000000000000 0.000000000000000 0.000000000000000 0.000000000000000 
0.000000000000000 1.000000000000000 0.000000000000000 0.000000000000000 
0.000000000000000 0.000000000000000 1.000000000000000 4.400000000624287 
2  231 -1 229 -1 115 -1 0
1
1.000000000000000 0.000000000000000 0.000000000000000 0.000000000000000 
0.000000000000000 1.000000000000000 0.000000000000000 0.000000000000000 
0.000000000000000 0.000000000000000 1.000000000000000 -0.100000000000012 
2  233 -1 115 -1 0
1
1.000000000000000 0.000000000000000 0.000000000000000 0.000000000000000 
0.000000000000000 1.000000000000000 0.000000000000000 0.000000000000000 
0.000000000000000 0.000000000000000 1.000000000000000 4.400000000624287 
2  235 -1 233 -1 115 -1 0
1
1.000000000000000 0.000000000000000 0.000000000000000 0.000000000000000 
0.000000000000000 1.000000000000000 0.000000000000000 0.000000000000000 
0.000000000000000 0.000000000000000 1.000000000000000 -0.100000000000012 
2  237 -1 115 -1 0
1
1.000000000000000 0.000000000000000 0.000000000000000 0.000000000000000 
0.000000000000000 1.000000000000000 0.000000000000000 0.000000000000000 
0.000000000000000 0.000000000000000 1.000000000000000 4.400000000624287 
2  239 -1 237 -1 115 -1 0
1
1.000000000000000 0.000000000000000 0.000000000000000 0.000000000000000 
0.000000000000000 1.000000000000000 0.000000000000000 0.000000000000000 
0.000000000000000 0.000000000000000 1.000000000000000 -0.100000000000012 
2  241 -1 115 -1 0
1
1.000000000000000 0.000000000000000 0.000000000000000 0.000000000000000 
0.000000000000000 1.000000000000000 0.000000000000000 0.000000000000000 
0.000000000000000 0.000000000000000 1.000000000000000 4.400000000624287 
2  243 -1 241 -1 115 -1 0
1
