
CASCADE Topology V1, (c) Matra-Datavision
Locations 256
1
1.000000000000000 0.000000000000000 0.000000000000000 0.000000000000000 
0.000000000000000 1.000000000000000 0.000000000000000 0.000000000000000 
0.000000000000000 0.000000000000000 1.000000000000000 0.000000000000000 
1
1.000000000000000 0.000000000000000 0.000000000000000 0.000000000000000 
0.000000000000000 1.000000000000000 0.000000000000000 0.000000000000000 
0.000000000000000 0.000000000000000 1.000000000000000 0.000000000000000 
1
1.000000000000000 0.000000000000000 0.000000000000000 0.000000000000000 
0.000000000000000 1.000000000000000 0.000000000000000 0.000000000000000 
0.000000000000000 0.000000000000000 1.000000000000000 0.000000000000000 
1
1.000000000000000 0.000000000000000 0.000000000000000 0.000000000000000 
0.000000000000000 1.000000000000000 0.000000000000000 0.000000000000000 
0.000000000000000 0.000000000000000 1.000000000000000 0.000000000000000 
1
1.000000000000000 0.000000000000000 0.000000000000000 0.000000000000000 
0.000000000000000 1.000000000000000 0.000000000000000 0.000000000000000 
0.000000000000000 0.000000000000000 1.000000000000000 0.000000000000000 
1
1.000000000000000 0.000000000000000 0.000000000000000 0.000000000000000 
0.000000000000000 1.000000000000000 0.000000000000000 0.000000000000000 
0.000000000000000 0.000000000000000 1.000000000000000 0.000000000000000 
1
1.000000000000000 0.000000000000000 0.000000000000000 0.000000000000000 
0.000000000000000 1.000000000000000 0.000000000000000 0.000000000000000 
0.000000000000000 0.000000000000000 1.000000000000000 0.000000000000000 
1
1.000000000000000 0.000000000000000 0.000000000000000 0.000000000000000 
0.000000000000000 1.000000000000000 0.000000000000000 0.000000000000000 
0.000000000000000 0.000000000000000 1.000000000000000 0.000000000000000 
2  2 1 3 -1 4 1 5 -1 6 1 7 -1 8 1 0
1
0.000000000000000 0.000000000000000 1.000000000000000 11.499999999999474 
0.000000000000000 1.000000000000000 0.000000000000000 0.000000000000000 
-1.000000000000000 0.000000000000000 0.000000000000000 10.699999999999475 
2  10 -1 0
1
1.000000000000000 0.000000000000000 0.000000000000000 0.000000000000000 
0.000000000000000 1.000000000000000 0.000000000000000 0.000000000000000 
0.000000000000000 0.000000000000000 1.000000000000000 0.000000000000000 
1
0.000000000000000 0.000000000000000 1.000000000000000 11.499999999999474 
0.000000000000000 1.000000000000000 0.000000000000000 0.000000000000000 
-1.000000000000000 0.000000000000000 0.000000000000000 10.699999999999475 
2  13 1 10 -1 0
2  5 1 4 -1 3 1 2 -1 10 -1 0
2  6 1 7 -1 8 1 0
2  2 1 3 -1 4 1 5 -1 0
1
1.000000000000000 0.000000000000000 0.000000000000000 0.000000000000000 
0.000000000000000 1.000000000000000 0.000000000000000 0.000000000000000 
0.000000000000000 0.000000000000000 1.000000000000000 0.000000000000000 
2  18 1 12 1 2 1 3 -1 4 1 5 -1 0
2  18 -1 0
2  12 -1 18 -1 0
2  10 1 2 1 3 -1 4 1 5 -1 0
1
1.000000000000000 0.000000000000000 0.000000000000000 0.000000000000000 
0.000000000000000 1.000000000000000 0.000000000000000 0.000000000000000 
0.000000000000000 0.000000000000000 1.000000000000000 0.000000000000000 
1
0.000000000000000 -0.000000000000000 1.000000000000000 0.000000000000001 
1.000000000000000 0.000000000000000 -0.000000000000000 6.708587988005342 
-0.000000000000000 1.000000000000000 0.000000000000000 -0.000000000000001 
1
1.000000000000000 0.000000000000000 0.000000000000000 11.500000000000000 
0.000000000000000 1.000000000000000 0.000000000000000 -0.000000000000003 
0.000000000000000 0.000000000000000 1.000000000000000 0.000000000000003 
2  23 1 24 1 5 -1 25 1 5 1 4 -1 3 1 2 -1 10 -1 0
2  5 -1 25 1 5 1 4 -1 3 1 2 -1 10 -1 0
1
1.000000000000000 0.000000000000000 0.000000000000000 -0.000000000000000 
0.000000000000000 1.000000000000000 0.000000000000000 -0.000000000000000 
0.000000000000000 0.000000000000000 1.000000000000000 -0.300000000000000 
2  18 1 28 1 12 1 2 1 3 -1 4 1 5 -1 0
2  28 -1 18 -1 0
2  12 -1 28 -1 18 -1 0
1
1.000000000000000 0.000000000000000 0.000000000000000 0.000000000000000 
0.000000000000000 1.000000000000000 0.000000000000000 0.000000000000000 
0.000000000000000 0.000000000000000 1.000000000000000 -0.300000000000000 
2  32 1 13 1 10 -1 0
2  18 1 12 1 0
2  18 1 28 1 12 1 0
2  12 -1 0
2  23 1 24 1 5 -1 25 1 0
2  12 1 2 1 3 -1 4 1 5 -1 6 1 7 -1 8 1 0
2  18 1 12 1 2 1 3 -1 4 1 5 -1 6 1 7 -1 8 1 0
2  8 -1 7 1 6 -1 5 1 4 -1 3 1 2 -1 12 -1 18 -1 0
1
1.000000000000000 0.000000000000000 0.000000000000000 0.000000000000000 
0.000000000000000 1.000000000000000 0.000000000000000 0.000000000000000 
0.000000000000000 0.000000000000000 1.000000000000000 0.000000000000000 
1
1.000000000000000 0.000000000000000 0.000000000000000 0.000000000000000 
0.000000000000000 1.000000000000000 0.000000000000000 0.000000000000000 
0.000000000000000 0.000000000000000 1.000000000000000 0.000000000000000 
1
1.000000000000000 0.000000000000000 0.000000000000000 0.000000000000000 
0.000000000000000 1.000000000000000 0.000000000000000 0.000000000000000 
0.000000000000000 0.000000000000000 1.000000000000000 0.000000000000000 
1
-0.500000000000000 0.866025403784438 -0.000000000000001 0.000000000000000 
-0.866025403784438 -0.500000000000000 0.000000000000001 0.000000000000000 
0.000000000000000 0.000000000000001 1.000000000000000 0.000000000000000 
2  41 1 42 1 7 -1 43 1 44 1 0
2  7 1 42 -1 41 -1 0
2  42 -1 41 -1 0
2  12 1 2 1 3 -1 4 1 5 -1 6 1 7 -1 8 1 44 -1 43 -1 7 1 42 -1 41 -1 0
2  44 -1 43 -1 7 1 42 -1 41 -1 0
2  43 -1 7 1 42 -1 41 -1 0
2  44 1 8 -1 7 1 6 -1 5 1 4 -1 3 1 2 -1 12 -1 18 -1 0
1
-0.500000000000000 -0.866025403784439 -0.000000000000000 0.000000000000000 
0.866025403784439 -0.500000000000000 0.000000000000001 0.000000000000000 
-0.000000000000001 -0.000000000000000 1.000000000000000 0.000000000000000 
2  41 1 42 1 7 -1 43 1 52 1 0
2  12 1 2 1 3 -1 4 1 5 -1 6 1 7 -1 8 1 52 -1 43 -1 7 1 42 -1 41 -1 0
2  52 -1 43 -1 7 1 42 -1 41 -1 0
2  52 1 8 -1 7 1 6 -1 5 1 4 -1 3 1 2 -1 12 -1 18 -1 0
2  7 1 6 -1 5 1 4 -1 3 1 2 -1 12 -1 18 -1 0
2  41 1 42 1 7 -1 8 1 0
1
1.000000000000000 0.000000000000000 0.000000000000000 0.000000000000000 
0.000000000000000 1.000000000000000 0.000000000000000 0.000000000000000 
0.000000000000000 0.000000000000000 1.000000000000000 0.000000000000000 
1
1.000000000000000 0.000000000000000 0.000000000000000 0.000000000000000 
0.000000000000000 1.000000000000000 0.000000000000000 0.000000000000000 
0.000000000000000 0.000000000000000 1.000000000000000 0.000000000000000 
1
1.000000000000000 0.000000000000000 0.000000000000000 0.000000000000000 
0.000000000000000 1.000000000000000 0.000000000000000 0.000000000000000 
0.000000000000000 0.000000000000000 1.000000000000000 0.000000000000000 
2  59 1 60 -1 61 -1 0
1
1.000000000000000 0.000000000000000 0.000000000000000 -0.000000000000000 
0.000000000000000 1.000000000000000 0.000000000000000 -0.000000000000000 
0.000000000000000 0.000000000000000 1.000000000000000 -5.000000000000000 
2  63 -1 59 1 60 -1 61 -1 0
2  60 -1 61 -1 0
1
1.000000000000000 0.000000000000000 0.000000000000000 0.000000000000000 
0.000000000000000 1.000000000000000 0.000000000000000 0.000000000000000 
0.000000000000000 0.000000000000000 1.000000000000000 0.000000000000000 
1
1.000000000000000 0.000000000000000 0.000000000000000 0.000000000000000 
0.000000000000000 1.000000000000000 0.000000000000000 0.000000000000000 
0.000000000000000 0.000000000000000 1.000000000000000 0.000000000000000 
1
1.000000000000000 0.000000000000000 0.000000000000000 0.000000000000000 
0.000000000000000 1.000000000000000 0.000000000000000 0.000000000000000 
0.000000000000000 0.000000000000000 1.000000000000000 0.000000000000000 
2  66 1 67 -1 68 -1 0
1
1.000000000000000 0.000000000000000 0.000000000000000 -0.000000000000000 
0.000000000000000 1.000000000000000 0.000000000000000 -0.000000000000000 
0.000000000000000 0.000000000000000 1.000000000000000 -5.000000000000000 
2  70 -1 66 1 67 -1 68 -1 0
2  67 -1 68 -1 0
1
1.000000000000000 0.000000000000000 0.000000000000000 0.000000000000000 
0.000000000000000 1.000000000000000 0.000000000000000 0.000000000000000 
0.000000000000000 0.000000000000000 1.000000000000000 0.000000000000000 
1
1.000000000000000 0.000000000000000 0.000000000000000 0.000000000000000 
0.000000000000000 1.000000000000000 0.000000000000000 0.000000000000000 
0.000000000000000 0.000000000000000 1.000000000000000 0.000000000000000 
1
1.000000000000000 0.000000000000000 0.000000000000000 0.000000000000000 
0.000000000000000 1.000000000000000 0.000000000000000 0.000000000000000 
0.000000000000000 0.000000000000000 1.000000000000000 0.000000000000000 
2  73 1 74 -1 75 -1 0
1
1.000000000000000 0.000000000000000 0.000000000000000 -0.000000000000000 
0.000000000000000 1.000000000000000 0.000000000000000 -0.000000000000000 
0.000000000000000 0.000000000000000 1.000000000000000 -5.000000000000000 
2  77 -1 73 1 74 -1 75 -1 0
2  74 -1 75 -1 0
1
1.000000000000000 0.000000000000000 0.000000000000000 0.000000000000000 
0.000000000000000 1.000000000000000 0.000000000000000 0.000000000000000 
0.000000000000000 0.000000000000000 1.000000000000000 0.000000000000000 
1
1.000000000000000 0.000000000000000 0.000000000000000 0.000000000000000 
0.000000000000000 1.000000000000000 0.000000000000000 0.000000000000000 
0.000000000000000 0.000000000000000 1.000000000000000 0.000000000000000 
2  80 1 81 -1 75 -1 0
1
1.000000000000000 0.000000000000000 0.000000000000000 -0.000000000000000 
0.000000000000000 1.000000000000000 0.000000000000000 -0.000000000000000 
0.000000000000000 0.000000000000000 1.000000000000000 -5.000000000000000 
2  83 -1 80 1 81 -1 75 -1 0
2  81 -1 75 -1 0
1
1.000000000000000 0.000000000000000 0.000000000000000 0.000000000000000 
0.000000000000000 1.000000000000000 0.000000000000000 0.000000000000000 
0.000000000000000 0.000000000000000 1.000000000000000 0.000000000000000 
1
1.000000000000000 0.000000000000000 0.000000000000000 0.000000000000000 
0.000000000000000 1.000000000000000 0.000000000000000 0.000000000000000 
0.000000000000000 0.000000000000000 1.000000000000000 0.000000000000000 
1
1.000000000000000 0.000000000000000 0.000000000000000 0.000000000000000 
0.000000000000000 1.000000000000000 0.000000000000000 0.000000000000000 
0.000000000000000 0.000000000000000 1.000000000000000 0.000000000000000 
2  86 1 87 -1 88 -1 0
1
1.000000000000000 0.000000000000000 0.000000000000000 -0.000000000000000 
0.000000000000000 1.000000000000000 0.000000000000000 -0.000000000000000 
0.000000000000000 0.000000000000000 1.000000000000000 -5.000000000000000 
2  90 -1 86 1 87 -1 88 -1 0
2  87 -1 88 -1 0
1
1.000000000000000 0.000000000000000 0.000000000000000 -0.000000000000000 
0.000000000000000 1.000000000000000 0.000000000000000 -0.000000000000000 
0.000000000000000 0.000000000000000 1.000000000000000 -5.000000000000000 
2  93 -1 7 1 42 -1 41 -1 0
2  12 1 2 1 3 -1 4 1 5 -1 6 1 42 -1 41 -1 0
2  41 1 42 1 6 -1 5 1 4 -1 3 1 2 -1 12 -1 18 -1 0
2  13 1 2 1 3 -1 4 1 5 -1 0
2  32 -1 0
2  13 -1 0
2  5 1 4 -1 3 1 2 -1 13 -1 0
2  25 -1 5 1 24 -1 23 -1 0
1
1.000000000000000 0.000000000000000 0.000000000000000 -23.000000000000000 
0.000000000000000 1.000000000000000 0.000000000000000 0.000000000000005 
0.000000000000000 0.000000000000000 1.000000000000000 -0.000000000000006 
2  102 -1 25 -1 5 1 24 -1 23 -1 0
2  24 -1 23 -1 0
2  13 1 2 1 3 -1 4 1 5 -1 25 -1 5 1 24 -1 23 -1 0
2  4 1 5 -1 0
2  13 1 2 1 3 -1 0
2  28 1 12 1 2 1 3 -1 4 1 5 -1 6 1 7 -1 8 1 0
2  18 1 28 1 12 1 2 1 3 -1 4 1 5 -1 6 1 7 -1 8 1 0
2  8 -1 7 1 6 -1 5 1 4 -1 3 1 2 -1 12 -1 28 -1 18 -1 0
2  43 1 44 1 0
2  43 1 52 1 0
2  7 1 6 -1 5 1 4 -1 3 1 2 -1 12 -1 28 -1 18 -1 0
2  28 1 12 1 2 1 3 -1 4 1 5 -1 6 1 7 -1 0
2  32 1 13 1 2 1 3 -1 4 1 5 -1 0
2  13 -1 32 -1 0
2  5 1 4 -1 3 1 2 -1 13 -1 32 -1 0
2  32 1 13 1 2 1 3 -1 0
1
0.750000000000024 -0.433012701892206 0.499999999999977 5.749999999999723 
-0.433012701892206 0.249999999999977 0.866025403784452 9.959292143521195 
-0.499999999999977 -0.866025403784452 0.000000000000000 10.699999999999990 
2  119 -1 0
2  12 1 2 1 3 -1 4 1 5 -1 6 1 7 -1 0
2  18 1 12 1 2 1 3 -1 4 1 5 -1 6 1 7 -1 0
2  41 1 42 1 7 -1 0
2  18 1 28 1 12 1 2 1 3 -1 4 1 5 -1 6 1 7 -1 0
2  32 1 13 1 0
2  119 1 2 1 3 -1 4 1 5 -1 6 1 7 -1 8 1 0
1
0.750000000000024 -0.433012701892206 0.499999999999977 5.749999999999723 
-0.433012701892206 0.249999999999977 0.866025403784452 9.959292143521195 
-0.499999999999977 -0.866025403784452 0.000000000000000 10.699999999999990 
2  127 1 119 -1 0
1
1.000000000000000 0.000000000000000 0.000000000000000 0.000000000000000 
0.000000000000000 1.000000000000000 0.000000000000000 0.000000000000000 
0.000000000000000 0.000000000000000 1.000000000000000 0.000000000000000 
1
-0.500000000000000 0.866025403784438 -0.000000000000001 0.000000000000000 
-0.866025403784438 -0.500000000000000 0.000000000000001 0.000000000000000 
0.000000000000000 0.000000000000001 1.000000000000000 0.000000000000000 
2  129 1 130 1 8 -1 7 1 6 -1 5 1 4 -1 3 1 2 -1 119 -1 0
2  5 -1 25 1 102 1 129 1 130 1 8 -1 7 1 6 -1 5 1 4 -1 3 1 2 -1 119 -1 0
2  130 1 8 -1 7 1 6 -1 5 1 4 -1 3 1 2 -1 119 -1 0
2  12 1 2 1 3 -1 4 1 5 -1 6 1 7 -1 8 1 44 -1 43 -1 0
2  43 -1 0
2  44 -1 43 -1 0
1
0.750000000000024 -0.433012701892205 -0.499999999999977 -5.749999999999734 
-0.433012701892206 0.249999999999977 -0.866025403784452 -9.959292143521207 
0.499999999999976 0.866025403784453 0.000000000000000 10.700000000000008 
2  137 1 2 1 3 -1 4 1 5 -1 6 1 7 -1 8 1 0
2  137 -1 0
1
0.750000000000024 -0.433012701892205 -0.499999999999977 -5.749999999999734 
-0.433012701892206 0.249999999999977 -0.866025403784452 -9.959292143521207 
0.499999999999976 0.866025403784453 0.000000000000000 10.700000000000008 
2  140 1 137 -1 0
2  130 1 8 -1 7 1 6 -1 5 1 4 -1 3 1 2 -1 137 -1 0
2  129 1 130 1 8 -1 7 1 6 -1 5 1 4 -1 3 1 2 -1 137 -1 0
2  5 -1 25 1 129 1 130 1 8 -1 7 1 6 -1 5 1 4 -1 3 1 2 -1 137 -1 0
1
0.749999999999954 0.433012701892246 0.500000000000047 5.750000000000277 
0.433012701892246 0.250000000000047 -0.866025403784412 -9.959292143520294 
-0.500000000000047 0.866025403784412 0.000000000000001 10.699999999999489 
2  145 -1 0
2  145 1 2 1 3 -1 4 1 5 -1 6 1 7 -1 8 1 0
1
0.749999999999954 0.433012701892246 0.500000000000047 5.750000000000277 
0.433012701892246 0.250000000000047 -0.866025403784412 -9.959292143520294 
-0.500000000000047 0.866025403784412 0.000000000000001 10.699999999999489 
2  148 1 145 -1 0
1
-0.500000000000000 -0.866025403784439 -0.000000000000000 0.000000000000000 
0.866025403784439 -0.500000000000000 0.000000000000001 0.000000000000000 
-0.000000000000001 -0.000000000000000 1.000000000000000 0.000000000000000 
2  129 1 150 1 8 -1 7 1 6 -1 5 1 4 -1 3 1 2 -1 145 -1 0
2  5 -1 25 1 102 1 129 1 150 1 8 -1 7 1 6 -1 5 1 4 -1 3 1 2 -1 145 -1 0
2  150 1 8 -1 7 1 6 -1 5 1 4 -1 3 1 2 -1 145 -1 0
2  12 1 2 1 3 -1 4 1 5 -1 6 1 7 -1 8 1 52 -1 43 -1 0
2  52 -1 43 -1 0
1
0.749999999999953 0.433012701892246 -0.500000000000047 -5.750000000000279 
0.433012701892246 0.250000000000047 0.866025403784412 9.959292143520283 
0.500000000000047 -0.866025403784412 0.000000000000000 10.699999999999479 
2  156 1 2 1 3 -1 4 1 5 -1 6 1 7 -1 8 1 0
2  156 -1 0
1
0.749999999999953 0.433012701892246 -0.500000000000047 -5.750000000000279 
0.433012701892246 0.250000000000047 0.866025403784412 9.959292143520283 
0.500000000000047 -0.866025403784412 0.000000000000000 10.699999999999479 
2  159 1 156 -1 0
2  150 1 8 -1 7 1 6 -1 5 1 4 -1 3 1 2 -1 156 -1 0
2  129 1 150 1 8 -1 7 1 6 -1 5 1 4 -1 3 1 2 -1 156 -1 0
2  5 -1 25 1 129 1 150 1 8 -1 7 1 6 -1 5 1 4 -1 3 1 2 -1 156 -1 0
1
0.000000000000000 0.000000000000000 -1.000000000000000 -11.500000000000510 
0.000000000000000 1.000000000000000 0.000000000000000 0.000000000000000 
1.000000000000000 0.000000000000000 0.000000000000000 10.700000000000511 
2  164 -1 0
2  164 1 2 1 3 -1 4 1 5 -1 0
1
0.000000000000000 0.000000000000000 -1.000000000000000 -11.500000000000510 
0.000000000000000 1.000000000000000 0.000000000000000 0.000000000000000 
1.000000000000000 0.000000000000000 0.000000000000000 10.700000000000511 
2  167 1 164 -1 0
2  5 1 4 -1 3 1 2 -1 164 -1 0
2  5 -1 25 1 102 1 5 1 4 -1 3 1 2 -1 164 -1 0
2  23 1 24 1 5 -1 25 1 102 1 5 1 4 -1 3 1 2 -1 164 -1 0
2  4 1 5 -1 6 1 7 -1 8 1 0
1
1.000000000000000 0.000000000000000 0.000000000000000 0.000000000000000 
0.000000000000000 1.000000000000000 0.000000000000000 -0.000000000000001 
0.000000000000000 0.000000000000000 1.000000000000000 -0.300000000000000 
2  173 1 127 1 119 -1 0
2  8 -1 7 1 6 -1 5 1 4 -1 3 1 2 -1 119 -1 0
1
1.000000000000000 0.000000000000000 0.000000000000000 0.000000000000000 
0.000000000000000 1.000000000000000 0.000000000000000 0.000000000000000 
0.000000000000000 0.000000000000000 1.000000000000000 -0.300000000000000 
2  176 1 140 1 137 -1 0
2  8 -1 7 1 6 -1 5 1 4 -1 3 1 2 -1 137 -1 0
1
1.000000000000000 0.000000000000000 0.000000000000000 0.000000000000000 
0.000000000000000 1.000000000000000 0.000000000000000 0.000000000000000 
0.000000000000000 0.000000000000000 1.000000000000000 -0.300000000000000 
2  179 1 148 1 145 -1 0
2  8 -1 7 1 6 -1 5 1 4 -1 3 1 2 -1 145 -1 0
1
1.000000000000000 0.000000000000000 0.000000000000000 0.000000000000007 
0.000000000000000 1.000000000000000 0.000000000000000 0.000000000000004 
0.000000000000000 0.000000000000000 1.000000000000000 -0.300000000000000 
2  182 1 159 1 156 -1 0
2  8 -1 7 1 6 -1 5 1 4 -1 3 1 2 -1 156 -1 0
1
1.000000000000000 0.000000000000000 0.000000000000000 0.000000000000004 
0.000000000000000 1.000000000000000 0.000000000000000 0.000000000000000 
0.000000000000000 0.000000000000000 1.000000000000000 -0.300000000000000 
2  185 1 167 1 164 -1 0
2  129 1 130 1 0
2  130 -1 129 -1 0
2  129 -1 0
2  127 1 2 1 3 -1 4 1 5 -1 6 1 7 -1 8 1 0
2  23 1 24 1 5 -1 25 1 102 1 129 1 130 1 0
2  127 1 2 1 3 -1 4 1 5 -1 6 1 7 -1 8 1 130 -1 129 -1 102 -1 25 -1 5 1 24 -1 23 -1 0
2  129 -1 102 -1 25 -1 5 1 24 -1 23 -1 0
2  130 -1 129 -1 102 -1 25 -1 5 1 24 -1 23 -1 0
2  173 -1 0
2  8 -1 7 1 6 -1 5 1 4 -1 3 1 2 -1 127 -1 0
2  127 -1 0
1
1.000000000000000 0.000000000000000 0.000000000000000 0.000000000000000 
0.000000000000000 1.000000000000000 0.000000000000000 0.000000000000000 
0.000000000000000 0.000000000000000 1.000000000000000 0.000000000000000 
1
-0.500000000000000 0.866025403784438 -0.000000000000001 0.000000000000000 
-0.866025403784438 -0.500000000000000 0.000000000000001 0.000000000000000 
0.000000000000000 0.000000000000001 1.000000000000000 0.000000000000000 
2  198 1 199 1 0
2  140 1 2 1 3 -1 4 1 5 -1 6 1 7 -1 8 1 0
2  176 -1 0
2  140 -1 0
2  8 -1 7 1 6 -1 5 1 4 -1 3 1 2 -1 140 -1 0
2  23 1 24 1 5 -1 25 1 129 1 130 1 0
2  140 1 2 1 3 -1 4 1 5 -1 6 1 7 -1 8 1 130 -1 129 -1 25 -1 5 1 24 -1 23 -1 0
2  129 -1 25 -1 5 1 24 -1 23 -1 0
2  130 -1 129 -1 25 -1 5 1 24 -1 23 -1 0
2  129 1 150 1 0
2  150 -1 129 -1 0
2  148 1 2 1 3 -1 4 1 5 -1 6 1 7 -1 8 1 0
2  23 1 24 1 5 -1 25 1 102 1 129 1 150 1 0
2  148 1 2 1 3 -1 4 1 5 -1 6 1 7 -1 8 1 150 -1 129 -1 102 -1 25 -1 5 1 24 -1 23 -1 0
2  150 -1 129 -1 102 -1 25 -1 5 1 24 -1 23 -1 0
2  179 -1 0
2  8 -1 7 1 6 -1 5 1 4 -1 3 1 2 -1 148 -1 0
2  148 -1 0
1
-0.500000000000000 -0.866025403784439 -0.000000000000000 0.000000000000000 
0.866025403784439 -0.500000000000000 0.000000000000001 0.000000000000000 
-0.000000000000001 -0.000000000000000 1.000000000000000 0.000000000000000 
2  198 1 218 1 0
2  159 1 2 1 3 -1 4 1 5 -1 6 1 7 -1 8 1 0
2  182 -1 0
2  159 -1 0
2  8 -1 7 1 6 -1 5 1 4 -1 3 1 2 -1 159 -1 0
2  23 1 24 1 5 -1 25 1 129 1 150 1 0
2  159 1 2 1 3 -1 4 1 5 -1 6 1 7 -1 8 1 150 -1 129 -1 25 -1 5 1 24 -1 23 -1 0
2  150 -1 129 -1 25 -1 5 1 24 -1 23 -1 0
2  23 1 24 1 5 -1 25 1 102 1 0
2  167 1 2 1 3 -1 4 1 5 -1 0
2  167 1 2 1 3 -1 4 1 5 -1 102 -1 25 -1 5 1 24 -1 23 -1 0
2  185 -1 0
2  5 1 4 -1 3 1 2 -1 167 -1 0
2  167 -1 0
2  167 1 2 1 3 -1 0
2  173 1 127 1 2 1 3 -1 4 1 5 -1 6 1 7 -1 8 1 0
2  8 -1 7 1 6 -1 5 1 4 -1 3 1 2 -1 127 -1 173 -1 0
2  127 -1 173 -1 0
2  176 1 140 1 2 1 3 -1 4 1 5 -1 6 1 7 -1 8 1 0
2  140 -1 176 -1 0
2  8 -1 7 1 6 -1 5 1 4 -1 3 1 2 -1 140 -1 176 -1 0
2  179 1 148 1 2 1 3 -1 4 1 5 -1 6 1 7 -1 8 1 0
2  8 -1 7 1 6 -1 5 1 4 -1 3 1 2 -1 148 -1 179 -1 0
2  148 -1 179 -1 0
2  182 1 159 1 2 1 3 -1 4 1 5 -1 6 1 7 -1 8 1 0
2  159 -1 182 -1 0
2  8 -1 7 1 6 -1 5 1 4 -1 3 1 2 -1 159 -1 182 -1 0
2  185 1 167 1 2 1 3 -1 4 1 5 -1 0
2  5 1 4 -1 3 1 2 -1 167 -1 185 -1 0
2  167 -1 185 -1 0
2  185 1 167 1 2 1 3 -1 0
2  173 1 127 1 0
2  199 -1 198 -1 0
2  176 1 140 1 0
2  179 1 148 1 0
2  218 -1 198 -1 0
2  182 1 159 1 0
2  185 1 167 1 0
Curve2ds 447
1 0.00000000000000000 40.26047190431879841 1.00000000000000000 0.00000000000000000 
2 0.00000000000000000 0.00000000000000000 1.00000000000000000 0.00000000000000000 -0.00000000000000000 1.00000000000000000 0.40000000000000002
2 0.00000000000000000 0.00000000000000000 1.00000000000000000 0.00000000000000000 -0.00000000000000000 1.00000000000000000 0.10000000000000003
1 0.00000000000000000 0.00000000000000000 1.00000000000000000 0.00000000000000000 
1 0.40000000000000002 0.00000000000000000 -1.00000000000000000 0.00000000000000000 
1 -0.00000000000000033 0.40000000000000036 -0.00000000000000011 -1.00000000000000000 
1 0.14999999999999997 20.13023595215939920 -1.00000000000000000 -0.00000000000000000 
1 0.33094010767585669 0.00000000000000000 0.00000000000000000 -1.00000000000000000 
1 0.00000000000000000 0.00000000000000000 0.00000000000000000 -1.00000000000000000 
1 0.03094010767586131 -0.00000000000052581 -0.00000000000000022 -1.00000000000000000 
1 0.00000000000000000 0.00000000000000000 1.00000000000000000 0.00000000000000000 
2 0.00000000000000000 0.00000000000000000 -1.00000000000000000 0.00000000000000000 0.00000000000000000 1.00000000000000000 0.40000000000000002
1 0.00000000000000000 0.00000000000000000 1.00000000000000000 0.00000000000000000 
1 11.09999999999941700 6.40858798800532448 0.00000000000000000 1.00000000000000000 
8 0.33094010767585669 40.59141201199465598
1 0.00000000000000000 40.59141201199465598 -0.00000000000000000 -1.00000000000000000 
1 0.00000000000000000 0.00000000000000000 0.00000000000000000 1.00000000000000000 
1 1.57079632679489656 0.00000000000000000 0.00000000000000000 1.00000000000000000 
1 0.14999999999999997 -20.13023595215939920 0.00000000000000000 1.00000000000000000 
1 -6.64999999999999858 20.13023595215939920 0.00000000000000000 -1.00000000000000000 
1 40.29141201199465883 -0.00000000000053475 -1.00000000000000000 0.00000000000000022 
1 18.02237103699567200 -33.80103095578144234 0.00000000000000000 1.00000000000000000 
1 0.00000000000000000 40.26047190431879841 1.00000000000000000 0.00000000000000000 
2 0.00000000000000000 0.00000000000000000 -1.00000000000000000 0.00000000000000000 0.00000000000000000 1.00000000000000000 0.10000000000000003
1 0.00000000000000000 -0.29999999999999999 1.00000000000000000 0.00000000000000000 
1 11.09999999999941700 6.40858798800532448 0.00000000000000000 1.00000000000000000 
8 0.33094010767585669 40.59141201199465598
1 0.00000000000000000 -0.33094010767585669 0.00000000000000000 1.00000000000000000 
1 0.00000000000000000 0.00000000000000000 0.00000000000000000 1.00000000000000000 
1 1.57079632679489656 0.00000000000000000 0.00000000000000000 1.00000000000000000 
1 -0.15000000000000002 20.13023595215939920 0.00000000000000000 -1.00000000000000000 
1 -6.64999999999999858 -20.13023595215939920 0.00000000000000000 1.00000000000000000 
1 0.03094010767586124 -0.30000000000052651 1.00000000000000000 -0.00000000000000022 
1 0.00000000000000000 0.00000000000000000 0.00000000000000000 -1.00000000000000000 
1 40.59141201199466309 0.00000000000000000 0.00000000000000000 -1.00000000000000000 
1 2.00000000000000000 -0.00000000000000044 0.00000000000000000 -1.00000000000000000 
1 0.00000000000000000 0.00000000000000000 0.00000000000000005 -1.00000000000000000 
1 40.59141201199465598 0.00000000000000000 0.00000000000000000 -1.00000000000000000 
1 0.00000000000000000 0.00000000000000000 0.00000000000000000 -1.00000000000000000 
1 -0.40000000000000002 0.00000000000000000 1.00000000000000000 0.00000000000000000 
1 -0.10000000000000003 0.00000000000000000 -1.00000000000000000 0.00000000000000000 
1 0.00000000000000033 0.09999999999999964 -0.00000000000000011 1.00000000000000000 
1 -0.15000000000000002 -20.13023595215939920 1.00000000000000000 0.00000000000000000 
1 13.29999999999999716 -0.29999999999999999 0.00000000000000000 1.00000000000000000 
1 0.00000000000000000 0.00000000000000000 1.00000000000000000 0.00000000000000000 
1 46.25319397786815756 -13.88711801799105494 -0.86602540378445214 0.49999999999997652 
8 0.00000000000000000 40.26047190431880551
1 0.00000000000000000 40.26047190431880551 -0.00000000000000000 -1.00000000000000000 
1 0.00000000000000000 0.00000000000000000 1.00000000000000000 0.00000000000000000 
1 35.15319397786868194 -33.11288198200589505 0.49999999999997641 0.86602540378445225 
1 0.00000000000000000 0.00000000000000000 1.00000000000000000 0.00000000000000000 
2 -0.00000000000000010 0.00000000000000000 1.00000000000000000 0.00000000000000000 -0.00000000000000000 1.00000000000000000 3.50000000000000000
2 40.70319397786854410 -23.50000000000004263 -0.50000000000000044 -0.86602540378443837 0.86602540378443837 -0.50000000000000044 3.49999999999999778
1 0.00000000000000000 0.00000000000000000 1.00000000000000000 0.00000000000000000 
1 -0.00000000000005920 -12.81717597600952097 0.86602540378445225 -0.49999999999997646 
8 0.33094010767585480 40.59141201199465598
1 0.00000000000000000 40.59141201199466309 -0.00000000000000000 -1.00000000000000000 
1 0.00000000000000000 0.00000000000000000 1.00000000000000000 0.00000000000000000 
1 -35.15319397786715427 -33.11288198200873722 0.86602540378441184 0.50000000000004652 
8 0.00000000000000000 40.26047190431880551
1 0.00000000000000000 40.26047190431880551 -0.00000000000000000 -1.00000000000000000 
1 0.00000000000000000 0.00000000000000000 1.00000000000000000 0.00000000000000000 
1 -46.25319397786766729 -13.88711801799570189 0.50000000000004674 -0.86602540378441173 
1 0.00000000000000000 0.00000000000000000 1.00000000000000000 0.00000000000000000 
2 -0.00000000000000010 0.00000000000000000 1.00000000000000000 0.00000000000000000 -0.00000000000000000 1.00000000000000000 3.50000000000000000
2 -40.70319397786867910 -23.50000000000001066 -0.49999999999999983 0.86602540378443882 -0.86602540378443882 -0.49999999999999983 3.50000000000000089
1 0.00000000000000000 0.00000000000000000 1.00000000000000000 0.00000000000000000 
1 -11.10000000000057518 6.40858798800352680 -0.86602540378441173 -0.50000000000004685 
8 0.33094010767583049 40.59141201199465598
1 0.00000000000000000 40.59141201199466309 -0.00000000000000000 -1.00000000000000000 
1 0.00000000000000000 0.00000000000000000 1.00000000000000000 0.00000000000000000 
1 -11.10000000000057518 46.99999999999997868 0.00000000000000000 -1.00000000000000000 
8 0.00000000000000000 40.26047190432061029
1 0.00000000000000000 40.26047190432061029 -0.00000000000000000 -1.00000000000000000 
1 0.00000000000000000 0.00000000000000000 1.00000000000000000 0.00000000000000000 
1 11.09999999999941700 46.99999999999997868 -1.00000000000000000 0.00000000000000000 
1 0.00000000000000000 0.00000000000000000 1.00000000000000000 0.00000000000000000 
1 0.00000000000000000 -5.00000000000000000 1.00000000000000000 0.00000000000000000 
2 -0.00000000000000010 0.00000000000000000 1.00000000000000000 0.00000000000000000 -0.00000000000000000 1.00000000000000000 3.50000000000000000
1 0.00000000000000000 0.00000000000000000 1.00000000000000000 0.00000000000000000 
1 0.00000000000000000 -5.00000000000000000 1.00000000000000000 0.00000000000000000 
2 -0.00000000000000010 0.00000000000000000 1.00000000000000000 0.00000000000000000 -0.00000000000000000 1.00000000000000000 3.50000000000000000
1 0.00000000000000000 0.00000000000000000 1.00000000000000000 0.00000000000000000 
1 0.00000000000000000 -5.00000000000000000 1.00000000000000000 0.00000000000000000 
2 -0.00000000000000010 0.00000000000000000 1.00000000000000000 0.00000000000000000 -0.00000000000000000 1.00000000000000000 3.50000000000000000
1 0.00000000000000000 0.00000000000000000 1.00000000000000000 0.00000000000000000 
1 0.00000000000000000 -5.00000000000000000 1.00000000000000000 0.00000000000000000 
2 -0.00000000000000010 0.00000000000000000 1.00000000000000000 0.00000000000000000 -0.00000000000000000 1.00000000000000000 3.50000000000000000
1 0.00000000000000000 0.00000000000000000 1.00000000000000000 0.00000000000000000 
1 0.00000000000000000 -5.00000000000000000 1.00000000000000000 0.00000000000000000 
2 -0.00000000000000010 0.00000000000000000 1.00000000000000000 0.00000000000000000 -0.00000000000000000 1.00000000000000000 3.50000000000000000
1 0.00000000000000000 0.00000000000000000 1.00000000000000000 0.00000000000000000 
1 0.00000000000000000 -5.00000000000000000 1.00000000000000000 0.00000000000000000 
2 -0.00000000000000010 0.00000000000000000 1.00000000000000000 0.00000000000000000 -0.00000000000000000 1.00000000000000000 3.50000000000000000
2 -0.00000000000005920 46.99999999999997868 1.00000000000000000 0.00000000000000000 -0.00000000000000000 1.00000000000000000 3.50000000000000000
1 0.00000000000000000 0.00000000000000000 1.00000000000000000 0.00000000000000000 
1 0.00000000000000000 -0.29999999999999999 1.00000000000000000 0.00000000000000000 
1 6.64999999999999858 20.13023595215939920 -1.00000000000000000 0.00000000000000000 
1 6.64999999999999858 -20.13023595215940276 0.00000000000000000 1.00000000000000000 
1 0.00000000000000000 0.00000000000000000 1.00000000000000000 0.00000000000000000 
1 0.00000000000000000 -0.29999999999999999 1.00000000000000000 0.00000000000000000 
1 0.00000000000000000 0.00000000000000000 1.00000000000000000 -0.00000000000000000 
1 0.00000000000000131 -23.00000000000000000 1.00000000000000000 -0.00000000000000000 
1 18.02237103699567200 4.49038105621321471 -0.86602540380288417 -0.49999999996805167 
1 -6.65000000000000213 -18.16117605983526317 0.86602540380288417 0.49999999996805167 
2 -0.04999999999999716 -4.86976404784060435 0.00000000000000022 1.00000000000000000 -1.00000000000000000 0.00000000000000022 1.69999999999999996
1 0.00000000000000000 -3.00000000000053113 1.00000000000000000 0.00000000000000000 
2 -0.04999999999999361 15.13023595215939920 0.00000000000000022 1.00000000000000000 -1.00000000000000000 0.00000000000000022 1.69999999999999996
1 0.00000000000000000 -3.00000000000053468 1.00000000000000000 0.00000000000000000 
1 0.00000000000000000 -0.29999999999999999 1.00000000000000000 0.00000000000000000 
1 46.25319397786815756 -13.88711801799105494 -0.86602540378445214 0.49999999999997652 
8 0.00000000000000000 40.26047190431880551
1 0.00000000000000000 0.00000000000000000 0.00000000000000000 1.00000000000000000 
1 0.00000000000000000 -0.29999999999999999 1.00000000000000000 0.00000000000000000 
1 35.15319397786868194 -33.11288198200589505 0.49999999999997641 0.86602540378445225 
2 40.70319397786854410 -23.50000000000004263 -0.50000000000000044 -0.86602540378443837 0.86602540378443837 -0.50000000000000044 3.50000000000000000
1 0.00000000000000000 -0.30000000000003701 1.00000000000000000 0.00000000000000000 
1 0.00000000000000000 -0.29999999999999999 1.00000000000000000 0.00000000000000000 
1 -0.00000000000005920 -12.81717597600952097 0.86602540378445225 -0.49999999999997646 
8 0.33094010767585480 40.59141201199465598
1 0.00000000000000000 -0.33094010767585480 0.00000000000000000 1.00000000000000000 
1 0.00000000000000000 -0.29999999999999999 1.00000000000000000 0.00000000000000000 
1 -35.15319397786715427 -33.11288198200873722 0.86602540378441184 0.50000000000004652 
8 0.00000000000000000 40.26047190431880551
1 0.00000000000000000 0.00000000000000000 0.00000000000000000 1.00000000000000000 
1 0.00000000000000000 -0.29999999999999999 1.00000000000000000 0.00000000000000000 
1 -46.25319397786766729 -13.88711801799570189 0.50000000000004674 -0.86602540378441173 
2 -40.70319397786867910 -23.50000000000001066 -0.49999999999999983 0.86602540378443882 -0.86602540378443882 -0.49999999999999983 3.50000000000000000
1 0.00000000000000000 -0.30000000000000993 1.00000000000000000 0.00000000000000000 
1 -0.00000000000000000 -0.29999999999999999 1.00000000000000000 0.00000000000000000 
1 -11.10000000000057518 6.40858798800352680 -0.86602540378441173 -0.50000000000004685 
8 0.33094010767582255 40.59141201199465598
1 0.00000000000000000 -0.33094010767582255 0.00000000000000000 1.00000000000000000 
1 0.00000000000000000 -0.29999999999999999 1.00000000000000000 0.00000000000000000 
1 -11.10000000000057518 46.99999999999997868 0.00000000000000000 -1.00000000000000000 
8 0.00000000000000000 40.26047190432061029
1 0.00000000000000000 0.00000000000000000 0.00000000000000000 1.00000000000000000 
1 0.00000000000000000 -0.29999999999999999 1.00000000000000000 0.00000000000000000 
1 11.09999999999941700 46.99999999999997868 -1.00000000000000000 0.00000000000000000 
2 -0.00000000000005920 46.99999999999997868 1.00000000000000000 0.00000000000000000 -0.00000000000000000 1.00000000000000000 3.50000000000000000
1 0.00000000000000000 -0.29999999999999999 1.00000000000000000 0.00000000000000000 
8 -7.41982848231329317 7.93768867780365284
1 -0.22424004245648899 -14.45126181891566475 0.86602540380288417 0.49999999996805167 
8 -7.41982848231329317 7.93768867780365284
1 7.41982848231329584 -0.30000000000052873 1.00000000000000000 -0.00000000000000021 
2 -0.04999999999999716 -4.86976404784060435 0.00000000000000022 1.00000000000000000 -1.00000000000000000 0.00000000000000022 1.69999999999999996
1 0.00000000000000000 -3.30000000000053184 1.00000000000000000 0.00000000000000000 
2 -0.04999999999999361 15.13023595215939920 0.00000000000000022 1.00000000000000000 -1.00000000000000000 0.00000000000000022 1.69999999999999996
1 0.00000000000000000 -3.30000000000053539 1.00000000000000000 0.00000000000000000 
1 -0.10000000000000003 0.00000000000000000 -1.00000000000000000 -0.00000000000000513 
1 0.00000000000000311 0.10000000000000142 -0.00000000000000524 1.00000000000000000 
1 -20.13023595215939565 0.15000000000000002 -0.00000000000000148 -1.00000000000000000 
1 40.26047190431880551 -0.29999999999999999 0.00000000000000148 1.00000000000000000 
8 0.00000000000026290 0.30000000000026289
1 9.64781847189196995 0.00000000000026290 0.00000000000000013 -1.00000000000000000 
8 0.00000000000026290 0.30000000000026289
1 15.35751716011695045 -0.00000000000026578 -0.00000000000000014 -1.00000000000000000 
1 0.00000000000000000 0.00000000000000000 0.00000000000000000 -1.00000000000000000 
1 6.28318530717958623 0.00000000000000000 0.00000000000000000 -1.00000000000000000 
1 7.59999999999947562 0.00000000000000000 0.00000000000000000 -1.00000000000000000 
1 0.00000000000000000 0.00000000000000000 0.00000000000000000 -1.00000000000000000 
1 40.26047190431880551 0.00000000000000000 0.00000000000000000 -1.00000000000000000 
1 0.00000000000000000 0.00000000000000000 1.00000000000000000 0.00000000000000000 
2 0.00000000000000000 0.00000000000000000 -1.00000000000000000 -0.00000000000000444 -0.00000000000000444 1.00000000000000000 0.40000000000000002
1 0.00000000000000000 40.26047190431880551 1.00000000000000000 0.00000000000000000 
2 0.00000000000000000 0.00000000000000000 1.00000000000000000 0.00000000000000000 -0.00000000000000000 1.00000000000000000 0.40000000000000002
1 0.00000000000000000 0.00000000000000000 0.00000000000000000 1.00000000000000000 
1 1.57079632679489656 0.00000000000000000 0.00000000000000000 1.00000000000000000 
1 -20.13023595215939565 -0.14999999999999997 1.00000000000000000 0.00000000000000000 
1 -20.75829571874497503 4.30604904091262330 0.86602540378445214 -0.49999999999997652 
1 0.03094010767463495 -23.00000000000018474 1.00000000000000000 -0.00000000000002785 
1 18.02237103699566845 6.45944094853857820 -0.00000000000000078 -1.00000000000000000 
1 22.19999999999999574 0.00000000000000000 0.00000000000000000 -1.00000000000000000 
1 0.00000000000000000 0.00000000000000000 0.00000000000000000 -1.00000000000000000 
1 0.40000000000000002 0.00000000000000000 -1.00000000000000000 0.00000000000000385 
8 -0.33000000000003776 0.00000060000000000
1 14.59999999999870290 0.00000000000003778 -0.00000000000000021 1.00000000000000000 
8 -0.33000000000003776 0.00000060000000000
1 3.14159265359007689 0.00000000000000000 0.00000000000000000 1.00000000000000000 
1 0.00000000000000000 0.00000000000000000 0.00000000000000000 -1.00000000000000000 
1 6.28318530717958623 0.00000000000000000 0.00000000000000000 -1.00000000000000000 
1 7.59999999999870646 0.00000000000003630 0.00000000000000021 -1.00000000000000000 
1 40.59141201199465598 0.00000000000000000 0.00000000000000000 -1.00000000000000000 
1 0.00000000000000000 0.00000000000000000 0.00000000000000000 -1.00000000000000000 
1 -0.40000000000000002 0.00000000000000000 1.00000000000000000 0.00000000000000000 
1 0.00000000000000000 0.00000000000000000 1.00000000000000000 0.00000000000000000 
2 0.00000000000000000 0.00000000000000000 -1.00000000000000000 0.00000000000000000 0.00000000000000000 1.00000000000000000 0.40000000000000002
1 0.00000000000000000 40.26047190431880551 1.00000000000000000 0.00000000000000000 
2 0.00000000000000000 0.00000000000000000 1.00000000000000000 0.00000000000000000 -0.00000000000000000 1.00000000000000000 0.40000000000000002
1 0.00000000000000000 0.00000000000000000 0.00000000000000000 1.00000000000000000 
1 1.57079632679489656 0.00000000000000000 0.00000000000000000 1.00000000000000000 
1 -20.13023595215940986 -0.14999999999999997 1.00000000000000000 -0.00000000000000000 
1 20.75829571874498569 -4.30604904091262242 -0.86602540378445225 0.49999999999997641 
1 40.29141201199408329 -0.00000000000130213 -1.00000000000000000 0.00000000000002791 
1 18.02237103699563647 -33.80103095578086680 0.00000000000000078 1.00000000000000000 
1 0.40000000000000002 0.00000000000000000 -1.00000000000000000 0.00000000000000028 
1 -0.00000000000000200 0.39999999999999858 -0.00000000000000039 -1.00000000000000000 
1 20.13023595215939565 -0.14999999999999997 0.00000000000000000 1.00000000000000000 
1 0.33094010767585491 0.00000000000000000 0.00000000000000000 -1.00000000000000000 
1 40.59141201199465598 0.00000000000000000 0.00000000000000000 -1.00000000000000000 
1 0.00000000000000000 0.00000000000000000 0.00000000000000000 -1.00000000000000000 
1 -0.10000000000000003 0.00000000000000000 -1.00000000000000000 0.00000000000000000 
1 0.00000000000000033 0.10000000000000142 -0.00000000000000011 1.00000000000000000 
1 -20.13023595215940276 0.15000000000000002 0.00000000000000000 -1.00000000000000000 
1 40.26047190431880551 -0.29999999999999999 0.00000000000000000 1.00000000000000000 
1 0.00000000000000000 0.00000000000000000 1.00000000000000000 0.00000000000000000 
2 0.00000000000000000 0.00000000000000000 -1.00000000000000000 0.00000000000000000 0.00000000000000000 1.00000000000000000 0.40000000000000002
1 0.00000000000000000 40.26047190431880551 1.00000000000000000 0.00000000000000000 
2 0.00000000000000000 0.00000000000000000 1.00000000000000000 0.00000000000000000 -0.00000000000000000 1.00000000000000000 0.40000000000000002
1 0.00000000000000000 0.00000000000000000 0.00000000000000000 1.00000000000000000 
1 1.57079632679489656 0.00000000000000000 0.00000000000000000 1.00000000000000000 
1 -20.13023595215940276 -0.14999999999999997 1.00000000000000000 -0.00000000000000000 
1 14.10829571874402077 15.82418691124697219 -0.86602540378441184 -0.50000000000004663 
1 0.03094010767523714 -22.99999999999985079 1.00000000000000000 -0.00000000000005408 
1 18.02237103699566845 6.45944094853797690 -0.00000000000000033 -1.00000000000000000 
1 22.19999999999895479 0.00000000000000000 0.00000000000000000 -1.00000000000000000 
1 0.00000000000000000 0.00000000000000000 0.00000000000000000 -1.00000000000000000 
1 0.40000000000000002 0.00000000000000000 -1.00000000000000000 0.00000000000000000 
8 -0.33000000000001262 0.00000060000000000
