
CASCADE Topology V1, (c) Matra-Datavision
Locations 37
1
1.000000000000000 0.000000000000000 0.000000000000000 0.000000000000000 
0.000000000000000 1.000000000000000 0.000000000000000 0.000000000000000 
0.000000000000000 0.000000000000000 1.000000000000000 0.000000000000000 
1
1.000000000000000 0.000000000000000 0.000000000000000 0.000000000000000 
0.000000000000000 1.000000000000000 0.000000000000000 0.000000000000000 
0.000000000000000 0.000000000000000 1.000000000000000 0.000000000000000 
1
1.000000000000000 0.000000000000000 0.000000000000000 0.000000000000000 
0.000000000000000 1.000000000000000 0.000000000000000 0.000000000000000 
0.000000000000000 0.000000000000000 1.000000000000000 0.000000000000000 
1
1.000000000000000 0.000000000000000 0.000000000000000 0.000000000000000 
0.000000000000000 1.000000000000000 0.000000000000000 0.000000000000000 
0.000000000000000 0.000000000000000 1.000000000000000 0.000000000000000 
1
1.000000000000000 0.000000000000000 0.000000000000000 0.000000000000000 
0.000000000000000 1.000000000000000 0.000000000000000 0.000000000000000 
0.000000000000000 0.000000000000000 1.000000000000000 0.000000000000000 
2  3 1 4 1 5 -1 0
1
1.000000000000000 0.000000000000000 0.000000000000000 0.000000000000000 
0.000000000000000 1.000000000000000 0.000000000000000 0.000000000000000 
0.000000000000000 0.000000000000000 1.000000000000000 3.000000000000000 
2  3 1 4 1 5 -1 7 1 0
2  4 -1 3 -1 0
2  2 -1 5 1 4 -1 3 -1 0
2  2 -1 7 -1 5 1 4 -1 3 -1 0
1
1.000000000000000 0.000000000000000 0.000000000000000 0.000000000000000 
0.000000000000000 1.000000000000000 0.000000000000000 0.000000000000000 
0.000000000000000 0.000000000000000 1.000000000000000 0.000000000000000 
2  12 1 2 -1 0
2  2 -1 0
2  3 1 4 1 5 -1 2 1 0
2  5 1 4 -1 3 -1 0
2  7 -1 5 1 4 -1 3 -1 0
2  3 1 4 1 5 -1 7 1 2 1 0
2  12 -1 0
2  3 1 4 1 5 -1 12 1 0
2  12 -1 5 1 4 -1 3 -1 0
2  3 1 4 1 5 -1 7 1 12 1 0
2  12 -1 7 -1 5 1 4 -1 3 -1 0
1
-0.500000000000000 0.866025403784438 0.000000000000000 0.000000000000000 
-0.866025403784438 -0.500000000000000 0.000000000000000 0.000000000000000 
0.000000000000000 0.000000000000000 1.000000000000000 0.000000000000000 
2  3 1 4 1 5 -1 12 1 24 1 0
2  24 -1 12 -1 5 1 4 -1 3 -1 0
1
-0.500000000000000 -0.866025403784439 0.000000000000000 0.000000000000000 
0.866025403784439 -0.500000000000000 0.000000000000000 0.000000000000000 
0.000000000000000 0.000000000000000 1.000000000000000 0.000000000000000 
2  3 1 4 1 5 -1 12 1 27 1 0
2  27 -1 12 -1 5 1 4 -1 3 -1 0
2  12 1 24 1 12 -1 0
2  12 1 24 1 0
2  24 -1 12 -1 7 -1 5 1 4 -1 3 -1 0
2  3 1 4 1 5 -1 7 1 12 1 24 1 0
2  12 1 27 1 0
2  27 -1 12 -1 7 -1 5 1 4 -1 3 -1 0
2  12 1 27 1 12 -1 0
2  3 1 4 1 5 -1 7 1 12 1 27 1 0
Curve2ds 148
1 3.14159265358979267 0.00000000000000000 0.00000000000000000 -1.00000000000000000 
1 -0.00000000006926815 0.00000000000000000 0.00000000000000000 -1.00000000000000000 
1 -5.70799387596103003 133.77740860518088084 0.00000000006924959 1.00000000000000000 
1 -14.30000000000100080 317.60000000000019327 -0.00000000006924959 1.00000000000000000 
1 317.60000000000019327 -14.30000000000100968 1.00000000000000000 -0.00000000006924959 
1 3.68458002829967146 0.00000000000000000 0.00000000000000000 -1.00000000000000000 
1 102.17710147299166579 0.00000000000000000 0.00000000000000000 -1.00000000000000000 
8 0.00000000000000000 3.00000000000000000
1 3.68458002829967146 0.00000000000000000 0.00000000000000000 -1.00000000000000000 
1 0.00000000000000000 0.00000000000000000 1.00000000000000000 0.00000000000000000 
1 0.00000000000000000 -3.00000000000000000 1.00000000000000000 0.00000000000000000 
2 510.09134260791370252 133.77740860518059662 1.00000000000000000 0.00000000000000000 -0.00000000000000000 1.00000000000000000 515.79933648387464018
2 -530.09933648387573157 317.59999999999990905 -1.00000000000000000 0.00000000000000000 0.00000000000000000 1.00000000000000000 515.79933648387464018
2 317.59999999999990905 -530.09933648387573157 0.00000000000000000 -1.00000000000000000 1.00000000000000000 0.00000000000000000 515.79933648387464018
1 1.57079632679423242 0.00000000000000000 0.00000000000000000 -1.00000000000000000 
1 0.00000000000000000 -0.00000000000000000 0.00000000000000000 -1.00000000000000000 
1 0.00000000000000000 0.00000000000000000 1.00000000000000000 0.00000000000000000 
1 0.00000000000000000 -3.00000000000000000 1.00000000000000000 0.00000000000000000 
2 -8.20799387153546078 197.67740860518125601 1.00000000000000000 0.00000000000000000 -0.00000000000000000 1.00000000000000000 2.49999999999947953
2 -11.80000000442657004 381.50000000000056843 -1.00000000000000000 0.00000000000000000 0.00000000000000000 1.00000000000000000 2.49999999999947953
2 381.50000000000056843 -11.80000000442657893 0.00000000000000000 -1.00000000000000000 1.00000000000000000 0.00000000000000000 2.49999999999947953
1 3.14159265358979267 0.00000000000000000 0.00000000000000000 -1.00000000000000000 
1 0.00000000000000000 0.00000000000000000 0.00000000000000000 -1.00000000000000000 
1 0.00000000000000000 0.00000000000000000 1.00000000000000000 0.00000000000000000 
2 510.09134260791370252 133.77740860518053978 1.00000000000000000 0.00000000000000000 -0.00000000000000000 1.00000000000000000 515.79933648387475387
2 -540.09933648387561789 300.27949192431128722 -0.50000000000000044 0.86602540378443837 -0.86602540378443837 -0.50000000000000044 515.79933648387475387
1 0.00000000000000000 -3.00000000000000000 1.00000000000000000 0.00000000000000000 
2 510.09134260791370252 133.77740860518053978 1.00000000000000000 0.00000000000000000 -0.00000000000000000 1.00000000000000000 515.79933648387475387
2 300.27949192431128722 -540.09933648387561789 0.86602540378443837 -0.50000000000000044 -0.50000000000000044 -0.86602540378443837 515.79933648387475387
1 -0.00000000006926815 0.00000000000000000 0.00000000000000000 -1.00000000000000000 
1 63.89999999982721590 0.00000000000000000 0.00000000000000000 -1.00000000000000000 
1 -5.70799387596101582 133.77740860518088084 0.00000000006924961 1.00000000000000000 
1 0.00000000000000000 0.00000000000000000 1.00000000000000000 0.00000000000000000 
1 -282.19966824193829780 -146.41583672588188847 -0.86602540381906323 -0.49999999994002858 
1 -5.70799387596101582 133.77740860518088084 0.00000000006924961 1.00000000000000000 
1 0.00000000000000000 -3.00000000000000000 1.00000000000000000 0.00000000000000000 
1 -146.41583672588188847 -282.19966824193835464 -0.49999999994002858 -0.86602540381906323 
1 1.57079632679423242 0.00000000000000000 0.00000000000000000 -1.00000000000000000 
1 -0.00000000000000000 -0.00000000000000000 0.00000000000000000 -1.00000000000000000 
1 0.00000000000000000 0.00000000000000000 1.00000000000000000 0.00000000000000000 
2 -8.20799387153545013 197.67740860518128443 1.00000000000000000 0.00000000000000000 -0.00000000000000000 1.00000000000000000 2.49999999999947242
2 -336.28869154597703073 -180.53090023151054311 -0.50000000000000044 0.86602540378443837 -0.86602540378443837 -0.50000000000000044 2.49999999999947242
1 0.00000000000000000 -3.00000000000000000 1.00000000000000000 0.00000000000000000 
2 -8.20799387153545013 197.67740860518128443 1.00000000000000000 0.00000000000000000 -0.00000000000000000 1.00000000000000000 2.49999999999947242
2 -180.53090023151054311 -336.28869154597708757 0.86602540378443837 -0.50000000000000044 -0.50000000000000044 -0.86602540378443837 2.49999999999947242
1 -338.45375505543847794 -181.78090023150886623 0.50000000000000044 -0.86602540378443837 
1 0.00000000000000000 0.00000000000000000 1.00000000000000000 0.00000000000000000 
2 -8.20799387153546078 197.67740860518125601 1.00000000000000000 0.00000000000000000 -0.00000000000000000 1.00000000000000000 2.49999999999947953
2 -324.48869154155045180 -200.96909976849030954 0.50000000000000044 -0.86602540378443837 -0.86602540378443837 -0.50000000000000044 2.49999999999947242
1 0.00000000000000000 0.00000000000000000 1.00000000000000000 0.00000000000000000 
1 -5.70799387596103003 133.77740860518088084 0.00000000006924959 1.00000000000000000 
1 -267.89966824193732009 -171.18416327411853217 -0.86602540374981363 -0.50000000005997236 
1 0.00000000000000000 0.00000000000000000 1.00000000000000000 0.00000000000000000 
2 510.09134260791370252 133.77740860518059662 1.00000000000000000 0.00000000000000000 -0.00000000000000000 1.00000000000000000 515.79933648387464018
2 -9.99999999999945466 -617.87949192431142365 0.50000000000000044 -0.86602540378443837 -0.86602540378443837 -0.50000000000000044 515.79933648387475387
1 0.00000000000000000 0.00000000000000000 1.00000000000000000 0.00000000000000000 
2 510.09134260791375937 133.77740860518056820 1.00000000000000000 0.00000000000000000 -0.00000000000000000 1.00000000000000000 515.79933648387475387
2 9.99999999999986322 -617.87949192431142365 -0.49999999999999983 -0.86602540378443882 0.86602540378443882 -0.49999999999999983 515.79933648387475387
1 -5.70799387596100871 133.77740860518088084 0.00000000006924961 1.00000000000000000 
1 -0.00000000000000000 -0.00000000000000000 1.00000000000000000 0.00000000000000000 
1 267.89966824193743378 -171.18416327411833322 0.86602540374981396 -0.50000000005997169 
1 0.00000000000000000 0.00000000000000000 1.00000000000000000 0.00000000000000000 
2 -8.20799387153543591 197.67740860518119916 1.00000000000000000 0.00000000000000000 -0.00000000000000000 1.00000000000000000 2.49999999999947242
2 324.48869154155056549 -200.96909976849005375 -0.49999999999999983 -0.86602540378443882 0.86602540378443882 -0.49999999999999983 2.49999999999947242
1 326.65375505101042108 -202.21909976849121904 0.49999999999999983 0.86602540378443882 
1 0.00000000000000000 0.00000000000000000 1.00000000000000000 0.00000000000000000 
2 -8.20799387153546078 197.67740860518125601 1.00000000000000000 0.00000000000000000 -0.00000000000000000 1.00000000000000000 2.49999999999947953
2 336.28869154597714441 -180.53090023151028731 0.49999999999999983 0.86602540378443882 0.86602540378443882 -0.49999999999999983 2.49999999999947242
1 0.00000000000000000 0.00000000000000000 1.00000000000000000 0.00000000000000000 
1 -5.70799387596103003 133.77740860518088084 0.00000000006924959 1.00000000000000000 
1 282.19966824193841148 -146.41583672588168952 0.86602540381906357 -0.49999999994002792 
1 0.00000000000000000 0.00000000000000000 1.00000000000000000 0.00000000000000000 
2 510.09134260791370252 133.77740860518059662 1.00000000000000000 0.00000000000000000 -0.00000000000000000 1.00000000000000000 515.79933648387464018
2 540.09933648387539051 300.27949192431162828 0.49999999999999983 0.86602540378443882 0.86602540378443882 -0.49999999999999983 515.79933648387475387
1 0.00000000000000000 0.00000000000000000 1.00000000000000000 0.00000000000000000 
2 510.09134260791370252 133.77740860518059662 1.00000000000000000 0.00000000000000000 -0.00000000000000000 1.00000000000000000 515.79933648387464018
2 530.09933648387573157 317.59999999999990905 1.00000000000000000 0.00000000000000000 -0.00000000000000000 1.00000000000000000 515.79933648387464018
1 -5.70799387596103003 133.77740860518088084 0.00000000006924959 1.00000000000000000 
1 14.30000000000095461 317.60000000000019327 0.00000000006924959 1.00000000000000000 
1 0.00000000000000000 0.00000000000000000 1.00000000000000000 0.00000000000000000 
2 -8.20799387153546078 197.67740860518125601 1.00000000000000000 0.00000000000000000 -0.00000000000000000 1.00000000000000000 2.49999999999947953
2 11.80000000442652386 381.50000000000056843 1.00000000000000000 0.00000000000000000 -0.00000000000000000 1.00000000000000000 2.49999999999947953
1 11.80000000442818475 384.00000000000005684 -1.00000000000000000 0.00000000000000000 
1 3.14159265358979267 0.00000000000000000 0.00000000000000000 -1.00000000000000000 
1 -0.00000000000000000 -0.00000000000000000 0.00000000000000000 -1.00000000000000000 
1 -0.00000000006926815 0.00000000000000000 0.00000000000000000 -1.00000000000000000 
1 63.89999999982720169 0.00000000000000000 0.00000000000000000 -1.00000000000000000 
1 -5.70799387596100871 133.77740860518088084 0.00000000006924961 1.00000000000000000 
1 -0.00000000000000000 -3.00000000000000000 1.00000000000000000 0.00000000000000000 
1 -171.18416327411833322 267.89966824193737693 -0.50000000005997169 0.86602540374981396 
1 1.57079632679423242 0.00000000000000000 0.00000000000000000 -1.00000000000000000 
1 0.00000000000000000 0.00000000000000000 0.00000000000000000 -1.00000000000000000 
1 0.00000000000000000 -3.00000000000000000 1.00000000000000000 0.00000000000000000 
2 -8.20799387153543591 197.67740860518119916 1.00000000000000000 0.00000000000000000 -0.00000000000000000 1.00000000000000000 2.49999999999947242
2 -200.96909976849005375 324.48869154155050865 -0.86602540378443882 -0.49999999999999983 -0.49999999999999983 0.86602540378443882 2.49999999999947242
1 3.68458002829967146 0.00000000000000000 0.00000000000000000 -1.00000000000000000 
1 102.17710147299166579 0.00000000000000000 0.00000000000000000 -1.00000000000000000 
8 0.00000000000000000 3.00000000000000000
1 3.68458002829967146 0.00000000000000000 0.00000000000000000 -1.00000000000000000 
1 0.00000000000000000 -3.00000000000000000 1.00000000000000000 0.00000000000000000 
2 510.09134260791375937 133.77740860518056820 1.00000000000000000 0.00000000000000000 -0.00000000000000000 1.00000000000000000 515.79933648387475387
2 -617.87949192431142365 9.99999999999985434 -0.86602540378443882 -0.49999999999999983 -0.49999999999999983 0.86602540378443882 515.79933648387475387
1 0.00000000000000000 0.00000000000000000 0.00000000000000000 -1.00000000000000000 
1 3.14159265358979267 0.00000000000000000 0.00000000000000000 -1.00000000000000000 
1 63.89999999982723011 0.00000000000000000 0.00000000000000000 -1.00000000000000000 
1 -0.00000000006926815 0.00000000000000000 0.00000000000000000 -1.00000000000000000 
1 0.00000000000000000 -3.00000000000000000 1.00000000000000000 0.00000000000000000 
1 -5.70799387596103003 133.77740860518088084 0.00000000006924959 1.00000000000000000 
1 -171.18416327411853217 -267.89966824193737693 -0.50000000005997236 -0.86602540374981363 
1 1.57079632679423242 0.00000000000000000 0.00000000000000000 -1.00000000000000000 
1 0.00000000000000000 -0.00000000000000000 0.00000000000000000 -1.00000000000000000 
1 0.00000000000000000 -3.00000000000000000 1.00000000000000000 0.00000000000000000 
2 -8.20799387153546078 197.67740860518125601 1.00000000000000000 0.00000000000000000 -0.00000000000000000 1.00000000000000000 2.49999999999947953
2 -200.96909976849030954 -324.48869154155050865 -0.86602540378443837 0.50000000000000044 -0.50000000000000044 -0.86602540378443837 2.49999999999947242
1 0.00000000000000000 -3.00000000000000000 1.00000000000000000 0.00000000000000000 
2 510.09134260791370252 133.77740860518059662 1.00000000000000000 0.00000000000000000 -0.00000000000000000 1.00000000000000000 515.79933648387464018
2 -617.87949192431142365 -9.99999999999946354 -0.86602540378443837 0.50000000000000044 -0.50000000000000044 -0.86602540378443837 515.79933648387475387
1 0.00000000000000000 0.00000000000000000 0.00000000000000000 -1.00000000000000000 
1 3.14159265358979267 0.00000000000000000 0.00000000000000000 -1.00000000000000000 
1 63.89999999982723011 0.00000000000000000 0.00000000000000000 -1.00000000000000000 
1 -0.00000000006926815 0.00000000000000000 0.00000000000000000 -1.00000000000000000 
1 0.00000000000000000 -3.00000000000000000 1.00000000000000000 0.00000000000000000 
1 -5.70799387596103003 133.77740860518088084 0.00000000006924959 1.00000000000000000 
1 -146.41583672588168952 282.19966824193835464 -0.49999999994002792 0.86602540381906357 
1 1.57079632679423242 0.00000000000000000 0.00000000000000000 -1.00000000000000000 
1 0.00000000000000000 -0.00000000000000000 0.00000000000000000 -1.00000000000000000 
1 0.00000000000000000 -3.00000000000000000 1.00000000000000000 0.00000000000000000 
2 -8.20799387153546078 197.67740860518125601 1.00000000000000000 0.00000000000000000 -0.00000000000000000 1.00000000000000000 2.49999999999947953
2 -180.53090023151028731 336.28869154597708757 0.86602540378443882 0.49999999999999983 -0.49999999999999983 0.86602540378443882 2.49999999999947242
1 3.68458002829967146 0.00000000000000000 0.00000000000000000 -1.00000000000000000 
1 102.17710147299166579 0.00000000000000000 0.00000000000000000 -1.00000000000000000 
8 0.00000000000000000 3.00000000000000000
1 3.68458002829967146 0.00000000000000000 0.00000000000000000 -1.00000000000000000 
1 0.00000000000000000 -3.00000000000000000 1.00000000000000000 0.00000000000000000 
2 510.09134260791370252 133.77740860518059662 1.00000000000000000 0.00000000000000000 -0.00000000000000000 1.00000000000000000 515.79933648387464018
2 300.27949192431162828 540.09933648387539051 0.86602540378443882 0.49999999999999983 -0.49999999999999983 0.86602540378443882 515.79933648387475387
1 3.14159265358979267 0.00000000000000000 0.00000000000000000 -1.00000000000000000 
1 -0.00000000006926815 0.00000000000000000 0.00000000000000000 -1.00000000000000000 
1 -5.70799387596103003 133.77740860518088084 0.00000000006924959 1.00000000000000000 
1 317.60000000000019327 14.30000000000094573 1.00000000000000000 0.00000000006924959 
1 1.57079632679423242 0.00000000000000000 0.00000000000000000 -1.00000000000000000 
1 0.00000000000000000 0.00000000000000000 0.00000000000000000 -1.00000000000000000 
1 0.00000000000000000 -3.00000000000000000 1.00000000000000000 0.00000000000000000 
2 -8.20799387153546078 197.67740860518125601 1.00000000000000000 0.00000000000000000 -0.00000000000000000 1.00000000000000000 2.49999999999947953
2 381.50000000000056843 11.80000000442651498 0.00000000000000000 1.00000000000000000 1.00000000000000000 -0.00000000000000000 2.49999999999947953
1 0.00000000000000000 -3.00000000000000000 1.00000000000000000 0.00000000000000000 
2 510.09134260791370252 133.77740860518059662 1.00000000000000000 0.00000000000000000 -0.00000000000000000 1.00000000000000000 515.79933648387464018
2 317.59999999999990905 530.09933648387573157 0.00000000000000000 1.00000000000000000 1.00000000000000000 -0.00000000000000000 515.79933648387464018
1 384.00000000000005684 -11.80000000442823982 0.00000000000000000 1.00000000000000000 
1 -181.78090023150861043 338.45375505543853478 -0.86602540378443882 -0.49999999999999983 
1 -202.21909976849147483 -326.65375505101036424 0.86602540378443837 -0.50000000000000044 
Curves 60
1 14.30000000000097771 317.60000000000019327 0.00000000000000000 0.00000000000000000 0.00000000000000000 1.00000000000000000 
1 14.30000000442602648 381.49999999982742338 0.00000000000000000 0.00000000000000000 0.00000000000000000 1.00000000000000000 
1 14.30000000000097771 317.60000000000019327 0.00000000000000000 0.00000000006924959 1.00000000000000000 0.00000000000000000 
1 88.48796556067117081 51.08855073649584710 0.00000000000000000 0.00000000000000000 0.00000000000000000 1.00000000000000000 
2 530.09933648387573157 317.59999999999990905 0.00000000000000000 0.00000000000000000 0.00000000000000000 1.00000000000000000 1.00000000000000000 0.00000000000000000 -0.00000000000000000 -0.00000000000000000 1.00000000000000000 0.00000000000000000 515.79933648387475387
1 11.80000000442820784 384.00000000000005684 0.00000000000000000 0.00000000000000000 0.00000000000000000 1.00000000000000000 
2 11.80000000442654695 381.50000000000056843 0.00000000000000000 0.00000000000000000 0.00000000000000000 1.00000000000000000 1.00000000000000000 0.00000000000000000 -0.00000000000000000 -0.00000000000000000 1.00000000000000000 0.00000000000000000 2.49999999999947908
1 282.19966824193829780 -146.41583672588191689 0.00000000000000000 -0.00000000000000000 -0.00000000000000000 1.00000000000000000 
2 540.09933648387561789 300.27949192431128722 0.00000000000000000 -0.00000000000000000 0.00000000000000000 -1.00000000000000000 0.50000000000000044 0.86602540378443837 0.00000000000000000 0.86602540378443837 -0.50000000000000044 -0.00000000000000000 515.79933648387475387
2 540.09933648387561789 300.27949192431128722 0.00000000000000000 -0.00000000000000000 0.00000000000000000 -1.00000000000000000 0.50000000000000044 0.86602540378443837 0.00000000000000000 0.86602540378443837 -0.50000000000000044 -0.00000000000000000 515.79933648387475387
1 337.53869154582679357 -178.36583672196337602 0.00000000000000000 -0.00000000000000000 -0.00000000000000000 1.00000000000000000 
1 282.19966824193829780 -146.41583672588191689 0.00000000000000000 0.86602540381906323 -0.49999999994002858 -0.00000000000000000 
1 282.19966824193829780 -146.41583672588191689 0.00000000000000000 0.86602540381906323 -0.49999999994002858 -0.00000000000000000 
1 338.45375505543847794 -181.78090023150889465 0.00000000000000000 -0.00000000000000000 -0.00000000000000000 1.00000000000000000 
2 336.28869154597703073 -180.53090023151057153 0.00000000000000000 -0.00000000000000000 0.00000000000000000 -1.00000000000000000 0.50000000000000044 0.86602540378443837 0.00000000000000000 0.86602540378443837 -0.50000000000000044 -0.00000000000000000 2.49999999999947908
2 336.28869154597703073 -180.53090023151057153 0.00000000000000000 -0.00000000000000000 0.00000000000000000 -1.00000000000000000 0.50000000000000044 0.86602540378443837 0.00000000000000000 0.86602540378443837 -0.50000000000000044 -0.00000000000000000 2.49999999999947908
1 338.45375505543847794 -181.78090023150889465 0.00000000000000000 -0.50000000000000044 -0.86602540378443837 -0.00000000000000000 
2 11.80000000442654695 381.50000000000056843 0.00000000000000000 0.00000000000000000 0.00000000000000000 1.00000000000000000 1.00000000000000000 0.00000000000000000 -0.00000000000000000 -0.00000000000000000 1.00000000000000000 0.00000000000000000 2.49999999999947908
1 14.30000000000097771 317.60000000000019327 0.00000000000000000 0.00000000006924959 1.00000000000000000 0.00000000000000000 
2 530.09933648387573157 317.59999999999990905 0.00000000000000000 0.00000000000000000 0.00000000000000000 1.00000000000000000 1.00000000000000000 0.00000000000000000 -0.00000000000000000 -0.00000000000000000 1.00000000000000000 0.00000000000000000 515.79933648387475387
2 -9.99999999999988631 -617.87949192431142365 0.00000000000000000 0.00000000000000000 0.00000000000000000 -1.00000000000000000 0.49999999999999983 -0.86602540378443882 0.00000000000000000 -0.86602540378443882 -0.49999999999999983 -0.00000000000000000 515.79933648387475387
1 -267.89966824193743378 -171.18416327411836164 0.00000000000000000 -0.86602540374981396 -0.50000000005997169 -0.00000000000000000 
2 -324.48869154155056549 -200.96909976849008217 0.00000000000000000 0.00000000000000000 0.00000000000000000 -1.00000000000000000 0.49999999999999983 -0.86602540378443882 0.00000000000000000 -0.86602540378443882 -0.49999999999999983 -0.00000000000000000 2.49999999999947908
1 -326.65375505101042108 -202.21909976849124746 0.00000000000000000 -0.49999999999999983 0.86602540378443882 0.00000000000000000 
2 11.80000000442654695 381.50000000000056843 0.00000000000000000 0.00000000000000000 0.00000000000000000 1.00000000000000000 1.00000000000000000 0.00000000000000000 -0.00000000000000000 -0.00000000000000000 1.00000000000000000 0.00000000000000000 2.49999999999947908
1 14.30000000000097771 317.60000000000019327 0.00000000000000000 0.00000000006924959 1.00000000000000000 0.00000000000000000 
2 530.09933648387573157 317.59999999999990905 0.00000000000000000 0.00000000000000000 0.00000000000000000 1.00000000000000000 1.00000000000000000 0.00000000000000000 -0.00000000000000000 -0.00000000000000000 1.00000000000000000 0.00000000000000000 515.79933648387475387
2 -530.09933648387573157 317.59999999999990905 0.00000000000000000 0.00000000000000000 0.00000000000000000 -1.00000000000000000 -1.00000000000000000 -0.00000000000000000 -0.00000000000000000 -0.00000000000000000 1.00000000000000000 0.00000000000000000 515.79933648387475387
1 -14.30000000000097771 317.60000000000019327 0.00000000000000000 -0.00000000006924959 1.00000000000000000 -0.00000000000000000 
2 -11.80000000442654695 381.50000000000056843 0.00000000000000000 0.00000000000000000 0.00000000000000000 -1.00000000000000000 -1.00000000000000000 -0.00000000000000000 -0.00000000000000000 -0.00000000000000000 1.00000000000000000 0.00000000000000000 2.49999999999947908
1 -11.80000000442820784 384.00000000000005684 0.00000000000000000 1.00000000000000000 0.00000000000000000 0.00000000000000000 
1 -267.89966824193743378 -171.18416327411836164 0.00000000000000000 -0.00000000000000000 -0.00000000000000000 1.00000000000000000 
1 -323.23869154140089677 -203.13416327786416105 0.00000000000000000 -0.00000000000000000 -0.00000000000000000 1.00000000000000000 
1 -267.89966824193743378 -171.18416327411836164 0.00000000000000000 -0.86602540374981396 -0.50000000005997169 -0.00000000000000000 
1 -326.65375505101042108 -202.21909976849124746 0.00000000000000000 -0.00000000000000000 -0.00000000000000000 1.00000000000000000 
2 -324.48869154155056549 -200.96909976849008217 0.00000000000000000 0.00000000000000000 0.00000000000000000 -1.00000000000000000 0.49999999999999983 -0.86602540378443882 0.00000000000000000 -0.86602540378443882 -0.49999999999999983 -0.00000000000000000 2.49999999999947908
1 -0.00000000000003553 -102.17710147299166579 0.00000000000000000 -0.00000000000000000 -0.00000000000000000 1.00000000000000000 
2 -9.99999999999988631 -617.87949192431142365 0.00000000000000000 0.00000000000000000 0.00000000000000000 -1.00000000000000000 0.49999999999999983 -0.86602540378443882 0.00000000000000000 -0.86602540378443882 -0.49999999999999983 -0.00000000000000000 515.79933648387475387
1 14.30000000000097771 317.60000000000019327 0.00000000000000000 0.00000000000000000 0.00000000000000000 1.00000000000000000 
1 14.30000000442602648 381.49999999982742338 0.00000000000000000 0.00000000000000000 0.00000000000000000 1.00000000000000000 
1 14.30000000000097771 317.60000000000019327 0.00000000000000000 0.00000000006924959 1.00000000000000000 0.00000000000000000 
1 11.80000000442820784 384.00000000000005684 0.00000000000000000 0.00000000000000000 0.00000000000000000 1.00000000000000000 
2 11.80000000442654695 381.50000000000056843 0.00000000000000000 0.00000000000000000 0.00000000000000000 1.00000000000000000 1.00000000000000000 0.00000000000000000 -0.00000000000000000 -0.00000000000000000 1.00000000000000000 0.00000000000000000 2.49999999999947908
2 530.09933648387573157 317.59999999999990905 0.00000000000000000 0.00000000000000000 0.00000000000000000 1.00000000000000000 1.00000000000000000 0.00000000000000000 -0.00000000000000000 -0.00000000000000000 1.00000000000000000 0.00000000000000000 515.79933648387475387
1 14.30000000000097771 317.60000000000019327 0.00000000000000000 0.00000000000000000 0.00000000000000000 1.00000000000000000 
1 14.30000000442602648 381.49999999982742338 0.00000000000000000 0.00000000000000000 0.00000000000000000 1.00000000000000000 
1 14.30000000000097771 317.60000000000019327 0.00000000000000000 0.00000000006924959 1.00000000000000000 0.00000000000000000 
1 11.80000000442820784 384.00000000000005684 0.00000000000000000 0.00000000000000000 0.00000000000000000 1.00000000000000000 
2 11.80000000442654695 381.50000000000056843 0.00000000000000000 0.00000000000000000 0.00000000000000000 1.00000000000000000 1.00000000000000000 0.00000000000000000 -0.00000000000000000 -0.00000000000000000 1.00000000000000000 0.00000000000000000 2.49999999999947908
1 -88.48796556067117081 51.08855073649584710 0.00000000000000000 -0.00000000000000000 -0.00000000000000000 1.00000000000000000 
2 530.09933648387573157 317.59999999999990905 0.00000000000000000 0.00000000000000000 0.00000000000000000 1.00000000000000000 1.00000000000000000 0.00000000000000000 -0.00000000000000000 -0.00000000000000000 1.00000000000000000 0.00000000000000000 515.79933648387475387
1 -14.30000000000097771 317.60000000000019327 0.00000000000000000 -0.00000000000000000 -0.00000000000000000 1.00000000000000000 
1 -14.30000000442602648 381.49999999982742338 0.00000000000000000 -0.00000000000000000 -0.00000000000000000 1.00000000000000000 
1 -14.30000000000097771 317.60000000000019327 0.00000000000000000 -0.00000000006924959 1.00000000000000000 -0.00000000000000000 
1 -11.80000000442820784 384.00000000000005684 0.00000000000000000 -0.00000000000000000 -0.00000000000000000 1.00000000000000000 
2 -11.80000000442654695 381.50000000000056843 0.00000000000000000 0.00000000000000000 0.00000000000000000 -1.00000000000000000 -1.00000000000000000 -0.00000000000000000 -0.00000000000000000 -0.00000000000000000 1.00000000000000000 0.00000000000000000 2.49999999999947908
2 -530.09933648387573157 317.59999999999990905 0.00000000000000000 0.00000000000000000 0.00000000000000000 -1.00000000000000000 -1.00000000000000000 -0.00000000000000000 -0.00000000000000000 -0.00000000000000000 1.00000000000000000 0.00000000000000000 515.79933648387475387
1 11.80000000442820784 384.00000000000005684 3.00000000000000000 -1.00000000000000000 0.00000000000000000 0.00000000000000000 
1 -338.45375505543859163 -181.78090023150863885 3.00000000000000000 0.49999999999999983 -0.86602540378443882 0.00000000000000000 
1 326.65375505101030740 -202.21909976849150326 3.00000000000000000 0.50000000000000044 0.86602540378443837 0.00000000000000000 
Polygon3D 0
PolygonOnTriangulations 0
Surfaces 43
1 14.30000000000097771 317.60000000000019327 0.00000000000000000 -1.00000000000000000 0.00000000006924959 0.00000000000000000 0.00000000006924959 1.00000000000000000 0.00000000000000000 0.00000000000000000 0.00000000000000000 -1.00000000000000000 
2 530.09933648387573157 317.59999999999990905 0.00000000000000000 -0.00000000000000000 -0.00000000000000000 -1.00000000000000000 1.00000000000000000 0.00000000000000000 0.00000000000000000 -0.00000000000000000 1.00000000000000000 -0.00000000000000000 515.79933648387475387
2 11.80000000442654695 381.50000000000056843 0.00000000000000000 -0.00000000000000000 -0.00000000000000000 -1.00000000000000000 1.00000000000000000 0.00000000000000000 0.00000000000000000 -0.00000000000000000 1.00000000000000000 -0.00000000000000000 2.49999999999947908
1 20.00799387596200773 183.82259139481931243 0.00000000000000000 0.00000000000000000 0.00000000000000000 1.00000000000000000 1.00000000000000000 0.00000000000000000 -0.00000000000000000 -0.00000000000000000 1.00000000000000000 0.00000000000000000 
1 -0.00000000000002366 -0.00000000000001431 0.00000000000000000 -0.00000000000000000 -0.00000000000000000 -1.00000000000000000 -1.00000000000000000 0.00000000000000000 0.00000000000000000 0.00000000000000000 1.00000000000000000 -0.00000000000000000 
1 -0.00000000000003249 -0.00000000000001856 3.00000000000000044 0.00000000000000000 0.00000000000000000 1.00000000000000000 0.00000000000000000 1.00000000000000000 -0.00000000000000000 -1.00000000000000000 0.00000000000000000 0.00000000000000000 
1 0.00000000000000000 0.00000000000000000 0.00000000000000000 -0.50000000000000011 0.86602540378443860 0.00000000000000000 0.86602540378443860 0.50000000000000011 0.00000000000000000 0.00000000000000000 0.00000000000000000 -1.00000000000000000 
2 540.09933648387561789 300.27949192431128722 0.00000000000000000 -0.00000000000000000 -0.00000000000000000 -1.00000000000000000 0.50000000000000044 0.86602540378443837 -0.00000000000000000 0.86602540378443837 -0.50000000000000044 0.00000000000000000 515.79933648387475387
1 11.80000000442820784 384.00000000000005684 0.00000000000000000 0.00000000000000000 -1.00000000000000000 0.00000000000000000 -1.00000000000000000 0.00000000000000000 0.00000000000000000 -0.00000000000000000 -0.00000000000000000 -1.00000000000000000 
1 282.19966824193829780 -146.41583672588191689 0.00000000000000000 -0.49999999994002858 -0.86602540381906323 -0.00000000000000000 0.86602540381906323 -0.49999999994002858 0.00000000000000000 0.00000000000000000 -0.00000000000000000 -1.00000000000000000 
1 169.19903087538122577 -74.58386472206316853 0.00000000000000000 -0.00000000000000000 -0.00000000000000000 1.00000000000000000 0.50000000000000044 0.86602540378443837 0.00000000000000000 0.86602540378443837 -0.50000000000000044 -0.00000000000000000 
1 169.19903087538122577 -74.58386472206316853 0.00000000000000000 -0.00000000000000000 -0.00000000000000000 1.00000000000000000 0.50000000000000044 0.86602540378443837 0.00000000000000000 0.86602540378443837 -0.50000000000000044 -0.00000000000000000 
2 336.28869154597703073 -180.53090023151057153 0.00000000000000000 -0.00000000000000000 -0.00000000000000000 -1.00000000000000000 0.50000000000000044 0.86602540378443837 -0.00000000000000000 0.86602540378443837 -0.50000000000000044 0.00000000000000000 2.49999999999947908
1 338.45375505543847794 -181.78090023150889465 0.00000000000000000 -0.86602540378443837 0.50000000000000044 -0.00000000000000000 -0.50000000000000044 -0.86602540378443837 -0.00000000000000000 0.00000000000000000 -0.00000000000000000 -1.00000000000000000 
2 11.80000000442654695 381.50000000000056843 0.00000000000000000 -0.00000000000000000 -0.00000000000000000 -1.00000000000000000 1.00000000000000000 0.00000000000000000 0.00000000000000000 -0.00000000000000000 1.00000000000000000 -0.00000000000000000 2.49999999999947908
1 20.00799387596200773 183.82259139481931243 0.00000000000000000 0.00000000000000000 0.00000000000000000 1.00000000000000000 1.00000000000000000 0.00000000000000000 -0.00000000000000000 -0.00000000000000000 1.00000000000000000 0.00000000000000000 
1 14.30000000000097771 317.60000000000019327 0.00000000000000000 -1.00000000000000000 0.00000000006924959 0.00000000000000000 0.00000000006924959 1.00000000000000000 0.00000000000000000 0.00000000000000000 0.00000000000000000 -1.00000000000000000 
2 530.09933648387573157 317.59999999999990905 0.00000000000000000 -0.00000000000000000 -0.00000000000000000 -1.00000000000000000 1.00000000000000000 0.00000000000000000 0.00000000000000000 -0.00000000000000000 1.00000000000000000 -0.00000000000000000 515.79933648387475387
2 -9.99999999999988631 -617.87949192431142365 0.00000000000000000 -0.00000000000000000 0.00000000000000000 -1.00000000000000000 0.49999999999999983 -0.86602540378443882 -0.00000000000000000 -0.86602540378443882 -0.49999999999999983 0.00000000000000000 515.79933648387475387
1 -149.19103699941931040 -109.23872667275618653 0.00000000000000000 -0.00000000000000000 -0.00000000000000000 1.00000000000000000 0.49999999999999983 -0.86602540378443882 0.00000000000000000 -0.86602540378443882 -0.49999999999999983 -0.00000000000000000 
1 -267.89966824193743378 -171.18416327411836164 0.00000000000000000 -0.50000000005997169 0.86602540374981396 -0.00000000000000000 -0.86602540374981396 -0.50000000005997169 -0.00000000000000000 0.00000000000000000 -0.00000000000000000 -1.00000000000000000 
2 -324.48869154155056549 -200.96909976849008217 0.00000000000000000 -0.00000000000000000 0.00000000000000000 -1.00000000000000000 0.49999999999999983 -0.86602540378443882 -0.00000000000000000 -0.86602540378443882 -0.49999999999999983 0.00000000000000000 2.49999999999947908
2 11.80000000442654695 381.50000000000056843 0.00000000000000000 -0.00000000000000000 -0.00000000000000000 -1.00000000000000000 1.00000000000000000 0.00000000000000000 0.00000000000000000 -0.00000000000000000 1.00000000000000000 -0.00000000000000000 2.49999999999947908
1 20.00799387596200773 183.82259139481931243 0.00000000000000000 0.00000000000000000 0.00000000000000000 1.00000000000000000 1.00000000000000000 0.00000000000000000 -0.00000000000000000 -0.00000000000000000 1.00000000000000000 0.00000000000000000 
1 14.30000000000097771 317.60000000000019327 0.00000000000000000 -1.00000000000000000 0.00000000006924959 0.00000000000000000 0.00000000006924959 1.00000000000000000 0.00000000000000000 0.00000000000000000 0.00000000000000000 -1.00000000000000000 
2 530.09933648387573157 317.59999999999990905 0.00000000000000000 -0.00000000000000000 -0.00000000000000000 -1.00000000000000000 1.00000000000000000 0.00000000000000000 0.00000000000000000 -0.00000000000000000 1.00000000000000000 -0.00000000000000000 515.79933648387475387
2 -530.09933648387573157 317.59999999999990905 0.00000000000000000 0.00000000000000000 -0.00000000000000000 -1.00000000000000000 -1.00000000000000000 -0.00000000000000000 0.00000000000000000 -0.00000000000000000 1.00000000000000000 -0.00000000000000000 515.79933648387475387
1 -20.00799387596200773 183.82259139481931243 0.00000000000000000 -0.00000000000000000 -0.00000000000000000 1.00000000000000000 -1.00000000000000000 0.00000000000000000 0.00000000000000000 0.00000000000000000 1.00000000000000000 0.00000000000000000 
2 -11.80000000442654695 381.50000000000056843 0.00000000000000000 0.00000000000000000 -0.00000000000000000 -1.00000000000000000 -1.00000000000000000 -0.00000000000000000 0.00000000000000000 -0.00000000000000000 1.00000000000000000 -0.00000000000000000 2.49999999999947908
1 -149.19103699941931040 -109.23872667275618653 0.00000000000000000 -0.00000000000000000 -0.00000000000000000 1.00000000000000000 0.49999999999999983 -0.86602540378443882 0.00000000000000000 -0.86602540378443882 -0.49999999999999983 -0.00000000000000000 
1 -326.65375505101042108 -202.21909976849124746 0.00000000000000000 0.86602540378443882 0.49999999999999983 -0.00000000000000000 -0.49999999999999983 0.86602540378443882 -0.00000000000000000 -0.00000000000000000 -0.00000000000000000 -1.00000000000000000 
1 0.00000000000000000 0.00000000000000000 0.00000000000000000 -1.00000000000000000 0.00000000000000033 -0.00000000000000000 -0.00000000000000033 -1.00000000000000000 -0.00000000000000000 0.00000000000000000 -0.00000000000000000 -1.00000000000000000 
1 20.00799387596200773 183.82259139481931243 0.00000000000000000 0.00000000000000000 0.00000000000000000 1.00000000000000000 1.00000000000000000 0.00000000000000000 -0.00000000000000000 -0.00000000000000000 1.00000000000000000 0.00000000000000000 
1 11.80000000442820784 384.00000000000005684 0.00000000000000000 0.00000000000000000 -1.00000000000000000 0.00000000000000000 -1.00000000000000000 0.00000000000000000 0.00000000000000000 -0.00000000000000000 -0.00000000000000000 -1.00000000000000000 
1 20.00799387596200773 183.82259139481931243 0.00000000000000000 0.00000000000000000 0.00000000000000000 1.00000000000000000 1.00000000000000000 0.00000000000000000 -0.00000000000000000 -0.00000000000000000 1.00000000000000000 0.00000000000000000 
1 11.80000000442820784 384.00000000000005684 0.00000000000000000 0.00000000000000000 -1.00000000000000000 0.00000000000000000 -1.00000000000000000 0.00000000000000000 0.00000000000000000 -0.00000000000000000 -0.00000000000000000 -1.00000000000000000 
1 0.00000000000000000 0.00000000000000000 0.00000000000000000 0.50000000000000011 0.86602540378443860 -0.00000000000000000 -0.86602540378443860 0.50000000000000011 -0.00000000000000000 -0.00000000000000000 -0.00000000000000000 -1.00000000000000000 
1 -14.30000000000097771 317.60000000000019327 0.00000000000000000 1.00000000000000000 0.00000000006924959 -0.00000000000000000 -0.00000000006924959 1.00000000000000000 -0.00000000000000000 -0.00000000000000000 -0.00000000000000000 -1.00000000000000000 
1 -20.00799387596200773 183.82259139481931243 0.00000000000000000 -0.00000000000000000 -0.00000000000000000 1.00000000000000000 -1.00000000000000000 0.00000000000000000 0.00000000000000000 0.00000000000000000 1.00000000000000000 0.00000000000000000 
1 -11.80000000442820784 384.00000000000005684 0.00000000000000000 -0.00000000000000000 -1.00000000000000000 -0.00000000000000000 1.00000000000000000 -0.00000000000000000 0.00000000000000000 0.00000000000000000 -0.00000000000000000 -1.00000000000000000 
1 0.00000000000000000 383.99999999999994316 1.49999999999999978 0.00000000000000000 1.00000000000000000 -0.00000000000000000 0.00000000000000000 0.00000000000000000 1.00000000000000000 1.00000000000000000 -0.00000000000000000 0.00000000000000000 
