
CASCADE Topology V1, (c) Matra-Datavision
Locations 35
1
1.000000000000000 0.000000000000000 0.000000000000000 0.000000000000000 
0.000000000000000 1.000000000000000 0.000000000000000 0.000000000000000 
0.000000000000000 0.000000000000000 1.000000000000000 0.000000000000000 
1
1.000000000000000 0.000000000000000 0.000000000000000 0.000000000000000 
0.000000000000000 1.000000000000000 0.000000000000000 0.000000000000000 
0.000000000000000 0.000000000000000 1.000000000000000 0.000000000000000 
1
1.000000000000000 0.000000000000000 0.000000000000000 0.000000000000000 
0.000000000000000 1.000000000000000 0.000000000000000 0.000000000000000 
0.000000000000000 0.000000000000000 1.000000000000000 0.000000000000000 
1
1.000000000000000 0.000000000000000 0.000000000000000 0.000000000000000 
0.000000000000000 1.000000000000000 0.000000000000000 0.000000000000000 
0.000000000000000 0.000000000000000 1.000000000000000 0.000000000000000 
2  2 1 3 -1 4 1 0
1
1.000000000000000 0.000000000000000 0.000000000000000 0.000000000000000 
0.000000000000000 1.000000000000000 0.000000000000000 0.000000000000000 
0.000000000000000 0.000000000000000 1.000000000000000 422.000000000000000 
2  6 -1 0
2  6 1 2 1 3 -1 4 1 0
1
1.000000000000000 0.000000000000000 0.000000000000000 270.618283952441800 
0.000000000000000 1.000000000000000 0.000000000000000 185.237062276713175 
0.000000000000000 0.000000000000000 1.000000000000000 409.000000000000114 
1
1.000000000000000 0.000000000000000 0.000000000000000 0.000000000000000 
0.000000000000000 1.000000000000000 0.000000000000000 0.000000000000000 
0.000000000000000 0.000000000000000 1.000000000000000 0.000000000000000 
2  9 1 10 1 0
2  2 1 3 -1 4 1 10 -1 9 -1 0
2  10 -1 9 -1 0
1
1.000000000000000 0.000000000000000 0.000000000000000 252.942558156446552 
0.000000000000000 1.000000000000000 0.000000000000000 192.206188304042143 
0.000000000000000 0.000000000000000 1.000000000000000 319.000000000000057 
2  14 1 10 1 0
2  2 1 3 -1 4 1 10 -1 14 -1 0
2  10 -1 14 -1 0
1
1.000000000000000 0.000000000000000 0.000000000000000 252.942558156446665 
0.000000000000000 1.000000000000000 0.000000000000000 192.206188304042143 
0.000000000000000 0.000000000000000 1.000000000000000 223.000000000000028 
2  18 1 10 1 0
2  2 1 3 -1 4 1 10 -1 18 -1 0
2  10 -1 18 -1 0
1
1.000000000000000 0.000000000000000 0.000000000000000 270.618283952441914 
0.000000000000000 1.000000000000000 0.000000000000000 185.237062276713516 
0.000000000000000 0.000000000000000 1.000000000000000 13.000000000000004 
2  22 1 10 1 0
2  2 1 3 -1 4 1 10 -1 22 -1 0
2  10 -1 22 -1 0
2  2 1 3 -1 0
2  6 1 2 1 3 -1 0
2  2 1 3 -1 18 -1 0
2  2 1 3 -1 14 -1 0
2  2 1 3 -1 9 -1 0
2  2 1 3 -1 22 -1 0
2  9 -1 0
2  14 -1 0
2  18 -1 0
2  22 -1 0
Curve2ds 139
1 0.00000000000000000 0.00000000000000000 0.00000000000000000 -1.00000000000000000 
1 0.00000000000000000 0.00000000000000000 1.00000000000000000 0.00000000000000000 
1 -0.00000000000001904 -0.99999999999999256 1.00000000000000000 0.00000000000000000 
1 0.00000000000001904 -0.99999999999999256 -1.00000000000000000 0.00000000000000000 
1 0.00000000000000000 0.00000000000000000 1.00000000000000000 0.00000000000000000 
1 0.00000000000000000 -422.00000000000000000 1.00000000000000000 0.00000000000000000 
1 1.94635906870702846 0.00000000000000000 0.00000000000000000 -1.00000000000000000 
1 0.00000000000000000 -0.99999999999995015 1.00000000000000000 0.00000000000000000 
1 0.00000000000000000 -0.99999999999999256 -1.00000000000000000 0.00000000000000000 
1 58.96381239625320347 0.00000000000000000 0.00000000000000000 -1.00000000000000000 
1 0.00000000000000000 0.00000000000000000 1.00000000000000000 0.00000000000000000 
2 0.00000000000000000 0.00000000000000000 -1.00000000000000000 -0.00000000000000000 -0.00000000000000000 1.00000000000000000 1.69999999999999996
2 9.96381239625014281 -409.00000000000005684 0.00000000000000162 -1.00000000000000000 1.00000000000000000 0.00000000000000162 1.69999999999998863
1 0.00000000000000000 0.00000000000000000 1.00000000000000000 0.00000000000000000 
2 0.00000000000000000 0.00000000000000000 -1.00000000000000000 -0.00000000000000000 -0.00000000000000000 1.00000000000000000 1.69999999999999996
2 28.96381239625038972 -319.00000000000000000 0.00000000000000162 -1.00000000000000000 1.00000000000000000 0.00000000000000162 1.69999999999998863
1 0.00000000000000000 0.00000000000000000 1.00000000000000000 0.00000000000000000 
2 0.00000000000000000 0.00000000000000000 -1.00000000000000000 -0.00000000000000000 -0.00000000000000000 1.00000000000000000 1.69999999999999996
2 28.96381239625030091 -222.99999999999997158 0.00000000000000162 -1.00000000000000000 1.00000000000000000 0.00000000000000162 1.69999999999998863
1 0.00000000000000000 0.00000000000000000 1.00000000000000000 0.00000000000000000 
2 0.00000000000000000 0.00000000000000000 -1.00000000000000000 -0.00000000000000000 -0.00000000000000000 1.00000000000000000 1.69999999999999996
2 9.96381239625038617 -12.99999999999994316 0.00000000000000162 -1.00000000000000000 1.00000000000000000 0.00000000000000162 1.69999999999999929
6 0 1 0.00000000000000000 -1.00000000000000000  0.00000000000000000 0.00000000000000000  
1 0.00000000000000000 0.00000000000000000 0.00000000000000000 -1.00000000000000000 
6 0 1 0.00000000000000000 -1.00000000000000000  0.00000000000000000 0.00000000000000000  
1 0.00000000000000000 0.00000000000000000 1.00000000000000000 0.00000000000000000 
1 -0.00000000000000000 0.00000000000000000 -1.00000000000000000 0.00000000000000000 
6 0 1 0.00000000000000000 -1.00000000000000000  0.00000000000000000 0.00000000000000000  
6 0 1 -58.96381239625318926 -1.00000000000000000  -58.96381239625324611 0.00000000000000000  
8 0.00000000000000000 1.00000000000000000
1 1.94635906870702846 0.00000000000000000 0.00000000000000000 1.00000000000000000 
6 0 1 58.96381239625318926 -1.00000000000000000  58.96381239625324611 0.00000000000000000  
6 0 1 -422.00000000000000000 -1.00000000000000000  -422.00000000000000000 0.00000000000000000  
8 0.00000000000000000 1.00000000000000000
1 4.33682623847255755 0.00000000000000000 0.00000000000000000 1.00000000000000000 
1 0.00000000000000000 -422.00000000000000000 1.00000000000000000 0.00000000000000000 
1 0.00000000000000000 0.00000000000000000 1.00000000000000000 0.00000000000000000 
1 1.57079632679489656 0.00000000000000000 0.00000000000000000 -1.00000000000000000 
1 0.00000000000000000 -1.00000000000000000 1.00000000000000000 0.00000000000000000 
1 0.00000000000000000 -1.00000000000000000 -1.00000000000000000 0.00000000000000000 
1 0.00000000000000000 0.00000000000000000 0.00000000000000000 -1.00000000000000000 
1 0.00000000000000000 0.00000000000000000 1.00000000000000000 0.00000000000000000 
1 0.00000000000000000 0.00000000000000000 1.00000000000000000 0.00000000000000000 
1 0.00000000000000000 -422.00000000000000000 1.00000000000000000 0.00000000000000000 
1 6.28318530717958623 0.00000000000000000 -1.00000000000000000 0.00000000000000000 
1 0.00000000000000000 0.00000000000000000 1.00000000000000000 0.00000000000000000 
1 6.28318530717958623 0.00000000000000000 0.00000000000000000 1.00000000000000000 
1 0.00000000000000000 0.00000000000000000 0.00000000000000000 1.00000000000000000 
2 9.96381239625008952 -409.00000000000005684 0.00000000000000162 -1.00000000000000000 1.00000000000000000 0.00000000000000162 1.69999999999999996
1 0.00000000000000000 1.00000000000016653 1.00000000000000000 0.00000000000000000 
1 6.28318530717958623 0.00000000000000000 0.00000000000000000 1.00000000000000000 
1 0.00000000000000000 0.00000000000000000 0.00000000000000000 1.00000000000000000 
2 28.96381239625036486 -319.00000000000000000 0.00000000000000162 -1.00000000000000000 1.00000000000000000 0.00000000000000162 1.69999999999999996
1 0.00000000000000000 0.99999999999988687 1.00000000000000000 0.00000000000000000 
1 6.28318530717958623 0.00000000000000000 0.00000000000000000 1.00000000000000000 
1 0.00000000000000000 0.00000000000000000 0.00000000000000000 1.00000000000000000 
2 28.96381239625026183 -222.99999999999997158 0.00000000000000162 -1.00000000000000000 1.00000000000000000 0.00000000000000162 1.69999999999999996
1 0.00000000000000000 0.99999999999982359 1.00000000000000000 0.00000000000000000 
1 6.28318530717958623 0.00000000000000000 0.00000000000000000 1.00000000000000000 
1 0.00000000000000000 0.00000000000000000 0.00000000000000000 1.00000000000000000 
2 9.96381239625033466 -12.99999999999994316 0.00000000000000162 -1.00000000000000000 1.00000000000000000 0.00000000000000162 1.69999999999999996
1 0.00000000000000000 0.99999999999988687 1.00000000000000000 0.00000000000000000 
1 58.96381239625320347 0.00000000000000000 0.00000000000000000 -1.00000000000000000 
1 0.00000000000000000 0.00000000000000000 -1.00000000000000000 0.00000000000000000 
8 0.00000000000000000 422.00000000000000000
1 1.94635906870702846 0.00000000000000000 0.00000000000000000 -1.00000000000000000 
1 0.00000000000000000 1.00000000000000000 1.00000000000000000 0.00000000000000000 
1 1.57079632679489656 0.00000000000000000 0.00000000000000000 1.00000000000000000 
6 0 1 0.00000000000000000 -1.00000000000000000  0.00000000000000000 0.00000000000000000  
1 4.71238898038468967 0.00000000000000000 0.00000000000000000 1.00000000000000000 
7 0 0  1 2 2  -422.00000000000011369 -0.99999999999997158  -422.00000000000011369 0.00000000000000000 
 0.00000000000000000 2 1.00000000000000000 2
1 6.28318530717958623 1.00000000000000000 -1.00000000000000000 0.00000000000000000 
1 1.57079632679489656 0.00000000000000000 0.00000000000000000 -1.00000000000000000 
1 0.00000000000000000 -1.00000000000000000 1.00000000000000000 0.00000000000000000 
1 0.00000000000000000 -1.00000000000000000 -1.00000000000000000 0.00000000000000000 
1 10.00000000000000000 0.00000000000000000 0.00000000000000000 -1.00000000000000000 
1 0.00000000000000000 0.00000000000000000 1.00000000000000000 0.00000000000000000 
1 0.00000000000000000 -1.00000000000000000 1.00000000000000000 0.00000000000000000 
1 0.00000000000000000 -1.00000000000000000 -1.00000000000000000 0.00000000000000000 
1 0.00000000000000000 0.00000000000000000 1.00000000000000000 0.00000000000000000 
1 0.00000000000000000 -422.00000000000000000 1.00000000000000000 0.00000000000000000 
1 0.00000000000000000 0.00000000000000000 -1.00000000000000000 0.00000000000000000 
1 0.00000000000000000 0.00000000000000000 0.00000000000000000 -1.00000000000000000 
1 0.00000000000000000 0.00000000000000000 1.00000000000000000 0.00000000000000000 
1 -0.00000000000000000 0.00000000000000000 -1.00000000000000000 0.00000000000000000 
6 0 1 -10.00000000000000000 -1.00000000000000000  -10.00000000000000000 0.00000000000000000  
6 0 1 0.00000000000000000 -1.00000000000000000  0.00000000000000000 0.00000000000000000  
8 0.00000000000000000 1.00000000000000000
1 1.57079632679489656 0.00000000000000000 0.00000000000000000 1.00000000000000000 
6 0 1 10.00000000000000000 -1.00000000000000000  10.00000000000000000 0.00000000000000000  
6 0 1 -422.00000000000000000 -1.00000000000000000  -422.00000000000000000 0.00000000000000000  
8 0.00000000000000000 1.00000000000000000
1 4.71238898038468967 0.00000000000000000 0.00000000000000000 1.00000000000000000 
1 0.00000000000000000 -422.00000000000000000 1.00000000000000000 0.00000000000000000 
1 0.00000000000000000 0.00000000000000000 1.00000000000000000 0.00000000000000000 
1 1.19523358488276266 0.00000000000000000 0.00000000000000000 -1.00000000000000000 
1 0.00000000000000000 -0.99999999999999256 1.00000000000000000 0.00000000000000000 
1 0.00000000000000000 -1.00000000000005596 -1.00000000000000000 0.00000000000000000 
1 58.96381239625017656 0.00000000000000000 0.00000000000000000 -1.00000000000000000 
1 0.00000000000000000 0.00000000000000000 1.00000000000000000 0.00000000000000000 
1 0.00000000000000000 0.00000000000000000 1.00000000000000000 0.00000000000000000 
1 0.00000000000000000 -422.00000000000000000 1.00000000000000000 0.00000000000000000 
1 6.28318530717958623 0.00000000000000000 -1.00000000000000000 0.00000000000000000 
1 0.00000000000000000 0.00000000000000000 1.00000000000000000 0.00000000000000000 
1 10.00000000000000000 0.00000000000000000 0.00000000000000000 -1.00000000000000000 
1 0.00000000000000000 0.00000000000000000 -1.00000000000000000 0.00000000000000000 
8 0.00000000000000000 422.00000000000000000
1 1.57079632679489656 0.00000000000000000 0.00000000000000000 -1.00000000000000000 
1 0.00000000000000000 1.00000000000000000 1.00000000000000000 0.00000000000000000 
1 1.19523358488276266 0.00000000000000000 0.00000000000000000 1.00000000000000000 
6 0 1 0.00000000000000000 -1.00000000000005684  0.00000000000000000 0.00000000000000000  
1 5.08795172229682358 0.00000000000000000 0.00000000000000000 1.00000000000000000 
7 0 0  1 2 2  -422.00000000000011369 -1.00000000000000000  -422.00000000000011369 -0.00000000000011369 
 0.00000000000000000 2 1.00000000000000000 2
1 6.28318530717958623 1.00000000000000000 -1.00000000000000000 0.00000000000000000 
1 0.00000000000000000 0.00000000000000000 0.00000000000000000 -1.00000000000000000 
1 0.00000000000000000 0.00000000000000000 1.00000000000000000 0.00000000000000000 
1 0.00000000000002276 -0.99999999999999256 -1.00000000000000000 0.00000000000000000 
1 -0.00000000000002276 -0.99999999999999256 1.00000000000000000 0.00000000000000000 
1 0.00000000000000000 0.00000000000000000 1.00000000000000000 0.00000000000000000 
1 0.00000000000000000 -422.00000000000000000 1.00000000000000000 0.00000000000000000 
2 0.00000000000000000 0.00000000000000000 -1.00000000000000000 -0.00000000000000000 -0.00000000000000000 1.00000000000000000 1.69999999999999996
1 0.00000000000000000 0.00000000000000000 1.00000000000000000 0.00000000000000000 
2 28.96381239625027959 -223.00000000000002842 0.00000000000000183 -1.00000000000000000 1.00000000000000000 0.00000000000000183 1.69999999999998863
2 28.96381239625037907 -319.00000000000005684 0.00000000000000183 -1.00000000000000000 1.00000000000000000 0.00000000000000183 1.69999999999998863
2 9.96381239625022808 -409.00000000000011369 0.00000000000000183 -1.00000000000000000 1.00000000000000000 0.00000000000000183 1.69999999999998863
2 9.96381239625022808 -13.00000000000000355 0.00000000000000183 -1.00000000000000000 1.00000000000000000 0.00000000000000183 1.69999999999999929
1 0.00000000000000000 0.00000000000000000 -1.00000000000000000 0.00000000000000000 
1 58.96381239625017656 0.00000000000000000 0.00000000000000000 -1.00000000000000000 
1 0.00000000000000000 0.00000000000000000 1.00000000000000000 0.00000000000000000 
1 0.00000000000000000 0.00000000000000000 1.00000000000000000 0.00000000000000000 
6 0 1 -0.00000000000005684 -1.00000000000000000  0.00000000000000000 0.00000000000000000  
6 0 1 0.00000000000005684 -1.00000000000000000  0.00000000000000000 0.00000000000000000  
1 0.00000000000000000 -422.00000000000000000 1.00000000000000000 0.00000000000000000 
1 0.00000000000000000 0.00000000000000000 -1.00000000000000000 0.00000000000000000 
1 0.00000000000000000 0.00000000000000000 0.00000000000000000 -1.00000000000000000 
1 6.28318530717958623 0.00000000000000000 0.00000000000000000 1.00000000000000000 
1 0.00000000000000000 0.00000000000000000 0.00000000000000000 1.00000000000000000 
2 9.96381239625021742 -409.00000000000011369 0.00000000000000183 -1.00000000000000000 -1.00000000000000000 -0.00000000000000183 1.69999999999999996
1 6.28318530717958623 1.00000000000027223 -1.00000000000000000 0.00000000000000000 
2 28.96381239625035420 -319.00000000000005684 0.00000000000000183 -1.00000000000000000 -1.00000000000000000 -0.00000000000000183 1.69999999999999996
1 6.28318530717958623 1.00000000000006639 -1.00000000000000000 0.00000000000000000 
2 28.96381239625025117 -223.00000000000002842 0.00000000000000183 -1.00000000000000000 -1.00000000000000000 -0.00000000000000183 1.69999999999999996
1 6.28318530717958623 1.00000000000000311 -1.00000000000000000 0.00000000000000000 
2 9.96381239625022808 -13.00000000000000355 0.00000000000000183 -1.00000000000000000 -1.00000000000000000 -0.00000000000000183 1.69999999999999996
1 6.28318530717958623 0.99999999999993971 -1.00000000000000000 0.00000000000000000 
Curves 57
1 -279.88763215238174098 181.58237468186462138 0.00000000000000000 0.00000000000000000 0.00000000000000000 1.00000000000000000 
1 -279.88763215238174098 181.58237468186462138 0.00000000000000000 0.93030135768395894 0.36679610670150625 0.00000000000000000 
1 -225.03351742592514029 203.21007150508830819 0.00000000000000000 0.00000000000000000 0.00000000000000000 1.00000000000000000 
2 -541.23656790488371371 0.00000000000005684 -0.00000000000005684 -0.36679610670151430 0.93030135768395583 0.00000000000000064 0.00000000000000174 -0.00000000000000000 1.00000000000000000 0.93030135768395583 0.36679610670151430 -0.00000000000000162 1.69999999999999996
2 -505.88511631289310344 0.00000000000005684 -0.00000000000005684 -0.36679610670151430 0.93030135768395583 0.00000000000000064 0.00000000000000174 -0.00000000000000000 1.00000000000000000 0.93030135768395583 0.36679610670151430 -0.00000000000000162 1.69999999999999996
2 -505.88511631289333081 0.00000000000005684 -0.00000000000005684 -0.36679610670151430 0.93030135768395583 0.00000000000000064 0.00000000000000174 -0.00000000000000000 1.00000000000000000 0.93030135768395583 0.36679610670151430 -0.00000000000000162 1.69999999999999996
2 -541.23656790488371371 0.00000000000005684 -0.00000000000006040 -0.36679610670151430 0.93030135768395583 0.00000000000000064 0.00000000000000174 -0.00000000000000000 1.00000000000000000 0.93030135768395583 0.36679610670151430 -0.00000000000000162 1.69999999999999996
6 0 1 -279.88763215238174098 181.58237468186462138 422.00000000000000000  -280.25442825908322675 182.51267603954858032 422.00000000000000000  
1 -280.25442825908322675 182.51267603954858032 0.00000000000000000 0.00000000000000000 0.00000000000000000 1.00000000000000000 
6 0 1 -279.88763215238174098 181.58237468186462138 0.00000000000000000  -280.25442825908322675 182.51267603954858032 0.00000000000000000  
1 -280.25442825908322675 182.51267603954858032 0.00000000000000000 0.93030135768395894 0.36679610670150625 0.00000000000000000 
6 0 1 -225.03351742592514029 203.21007150508830819 0.00000000000000000  -225.40031353262662606 204.14037286277226713 0.00000000000000000  
6 0 1 -225.03351742592514029 203.21007150508830819 422.00000000000000000  -225.40031353262662606 204.14037286277226713 422.00000000000000000  
1 -280.25442825908322675 182.51267603954858032 422.00000000000000000 0.93030135768395894 0.36679610670150625 0.00000000000000000 
1 -5.00000000000003730 245.02086815318455137 0.00000000000000000 0.00000000000000000 0.00000000000000000 1.00000000000000000 
2 -5.00000000000007372 -354.85877453065472764 0.00000000000000000 0.00000000000000000 0.00000000000000000 1.00000000000000000 1.00000000000000000 0.00000000000000000 -0.00000000000000000 -0.00000000000000000 1.00000000000000000 0.00000000000000000 599.87964268383927902
1 -541.23656790488371371 0.00000000000005684 1.69999999999994311 -0.36679610670151430 0.93030135768395583 0.00000000000000058 
2 -270.98508005914351315 186.16736363439733282 409.00000000000005684 -0.36679610670151430 0.93030135768395583 0.00000000000000064 0.00000000000000174 -0.00000000000000000 1.00000000000000000 0.93030135768395583 0.36679610670151430 -0.00000000000000162 1.69999999999999996
1 -505.88511631289310344 0.00000000000005684 1.69999999999994311 -0.36679610670151430 0.93030135768395583 0.00000000000000058 
2 -253.30935426314803749 193.13648966172604560 319.00000000000000000 -0.36679610670151430 0.93030135768395583 0.00000000000000064 0.00000000000000174 -0.00000000000000000 1.00000000000000000 0.93030135768395583 0.36679610670151430 -0.00000000000000162 1.69999999999999996
1 -505.88511631289333081 0.00000000000005684 1.69999999999994311 -0.36679610670151430 0.93030135768395583 0.00000000000000058 
2 -253.30935426314812275 193.13648966172598875 222.99999999999997158 -0.36679610670151430 0.93030135768395583 0.00000000000000064 0.00000000000000174 -0.00000000000000000 1.00000000000000000 0.93030135768395583 0.36679610670151430 -0.00000000000000162 1.69999999999999996
1 -541.23656790488371371 0.00000000000005684 1.69999999999993956 -0.36679610670151430 0.93030135768395583 0.00000000000000058 
2 -270.98508005914328578 186.16736363439741808 12.99999999999994316 -0.36679610670151430 0.93030135768395583 0.00000000000000064 0.00000000000000174 -0.00000000000000000 1.00000000000000000 0.93030135768395583 0.36679610670151430 -0.00000000000000162 1.69999999999999996
1 -225.40031353262662606 204.14037286277226713 0.00000000000000000 0.00000000000000000 0.00000000000000000 1.00000000000000000 
2 -5.00000000000007372 -354.85877453065472764 0.00000000000000000 0.00000000000000000 0.00000000000000000 1.00000000000000000 1.00000000000000000 0.00000000000000000 -0.00000000000000000 -0.00000000000000000 1.00000000000000000 0.00000000000000000 600.87964268383927902
6 0 1 -5.00000000000003730 245.02086815318455137 0.00000000000000000  -5.00000000000003730 246.02086815318455137 0.00000000000000000  
7 0 0  1 2 2  -5.00000000000018652 245.02086815318457980 422.00000000000011369  -5.00000000000018563 246.02086815318455137 422.00000000000011369 
 0.00000000000000000 2 1.00000000000000000 2
2 -5.00000000000007372 -354.85877453065472764 422.00000000000000000 0.00000000000000000 0.00000000000000000 1.00000000000000000 1.00000000000000000 0.00000000000000000 -0.00000000000000000 -0.00000000000000000 1.00000000000000000 0.00000000000000000 600.87964268383927902
1 4.99999999999996270 245.02086815318455137 0.00000000000000000 0.00000000000000000 0.00000000000000000 1.00000000000000000 
1 -5.00000000000003730 245.02086815318455137 0.00000000000000000 1.00000000000000000 0.00000000000000000 0.00000000000000000 
1 -5.00000000000003730 246.02086815318455137 0.00000000000000000 0.00000000000000000 0.00000000000000000 1.00000000000000000 
1 -5.00000000000003730 246.02086815318455137 0.00000000000000000 1.00000000000000000 0.00000000000000000 0.00000000000000000 
6 0 1 4.99999999999996270 245.02086815318455137 0.00000000000000000  4.99999999999996270 246.02086815318455137 0.00000000000000000  
6 0 1 4.99999999999996270 245.02086815318455137 422.00000000000000000  4.99999999999996270 246.02086815318455137 422.00000000000000000  
1 -5.00000000000003730 246.02086815318455137 422.00000000000000000 1.00000000000000000 0.00000000000000000 0.00000000000000000 
1 225.03351742592803930 203.21007150508739869 0.00000000000000000 0.00000000000000000 0.00000000000000000 1.00000000000000000 
2 4.99999999999992628 -354.85877453065984355 0.00000000000000000 0.00000000000000000 0.00000000000000000 1.00000000000000000 1.00000000000000000 0.00000000000000000 -0.00000000000000000 -0.00000000000000000 1.00000000000000000 0.00000000000000000 599.87964268384439492
1 4.99999999999996270 246.02086815318455137 0.00000000000000000 0.00000000000000000 0.00000000000000000 1.00000000000000000 
2 4.99999999999992628 -354.85877453065984355 0.00000000000000000 0.00000000000000000 0.00000000000000000 1.00000000000000000 1.00000000000000000 0.00000000000000000 -0.00000000000000000 -0.00000000000000000 1.00000000000000000 0.00000000000000000 600.87964268384439492
6 0 1 225.03351742592803930 203.21007150508739869 0.00000000000000000  225.40031353262955349 204.14037286277141447 0.00000000000000000  
7 0 0  1 2 2  225.03351742592798246 203.21007150508754080 422.00000000000011369  225.40031353262941138 204.14037286277141447 422.00000000000011369 
 0.00000000000000000 2 1.00000000000000000 2
2 4.99999999999992628 -354.85877453065984355 422.00000000000000000 0.00000000000000000 0.00000000000000000 1.00000000000000000 1.00000000000000000 0.00000000000000000 -0.00000000000000000 -0.00000000000000000 1.00000000000000000 0.00000000000000000 600.87964268384439492
1 279.88763215238174098 181.58237468186462138 0.00000000000000000 0.00000000000000000 0.00000000000000000 1.00000000000000000 
1 279.88763215238174098 181.58237468186462138 0.00000000000000000 -0.93030135768395761 0.36679610670150969 0.00000000000000000 
2 0.00000000000000000 0.00000000000000000 0.00000000000000000 -0.36679610670151452 -0.93030135768395572 -0.00000000000000072 -0.00000000000000196 -0.00000000000000000 1.00000000000000000 -0.93030135768395572 0.36679610670151452 -0.00000000000000182 1.69999999999999996
1 225.40031353262955349 204.14037286277141447 0.00000000000000000 0.00000000000000000 0.00000000000000000 1.00000000000000000 
1 280.25442825908322675 182.51267603954858032 0.00000000000000000 -0.93030135768395761 0.36679610670150969 0.00000000000000000 
6 0 1 279.88763215238174098 181.58237468186462138 0.00000000000000000  280.25442825908322675 182.51267603954858032 0.00000000000000000  
6 0 1 279.88763215238174098 181.58237468186462138 422.00000000000000000  280.25442825908322675 182.51267603954858032 422.00000000000000000  
1 280.25442825908322675 182.51267603954858032 422.00000000000000000 -0.93030135768395761 0.36679610670150969 0.00000000000000000 
1 280.25442825908322675 182.51267603954858032 0.00000000000000000 0.00000000000000000 0.00000000000000000 1.00000000000000000 
1 -0.00000000000000334 0.00000000000000000 1.69999999999999996 0.36679610670151452 0.93030135768395572 0.00000000000000066 
2 270.98508005914339947 186.16736363439738966 409.00000000000011369 0.36679610670151452 0.93030135768395572 0.00000000000000072 -0.00000000000000196 -0.00000000000000000 1.00000000000000000 0.93030135768395572 -0.36679610670151452 0.00000000000000182 1.69999999999999996
2 253.30935426314809433 193.13648966172615928 319.00000000000005684 0.36679610670151452 0.93030135768395572 0.00000000000000072 -0.00000000000000196 -0.00000000000000000 1.00000000000000000 0.93030135768395572 -0.36679610670151452 0.00000000000000182 1.69999999999999996
2 253.30935426314817960 193.13648966172610244 223.00000000000002842 0.36679610670151452 0.93030135768395572 0.00000000000000072 -0.00000000000000196 -0.00000000000000000 1.00000000000000000 0.93030135768395572 -0.36679610670151452 0.00000000000000182 1.69999999999999996
2 270.98508005914339947 186.16736363439741808 13.00000000000000355 0.36679610670151452 0.93030135768395572 0.00000000000000072 -0.00000000000000196 -0.00000000000000000 1.00000000000000000 0.93030135768395572 -0.36679610670151452 0.00000000000000182 1.69999999999999996
Polygon3D 0
PolygonOnTriangulations 0
Surfaces 45
1 -279.88763215238174098 181.58237468186462138 0.00000000000000000 -0.36679610670150625 0.93030135768395894 0.00000000000000000 0.93030135768395894 0.36679610670150625 0.00000000000000000 0.00000000000000000 0.00000000000000000 -1.00000000000000000 
1 -279.88763215238174098 181.58237468186462138 0.00000000000000000 -0.36679610670150625 0.93030135768395894 0.00000000000000000 0.93030135768395894 0.36679610670150625 0.00000000000000000 0.00000000000000000 0.00000000000000000 -1.00000000000000000 
1 -280.25442825908322675 182.51267603954858032 422.00000000000000000 0.00000000000000000 -0.00000000000000000 1.00000000000000000 0.93030135768395894 0.36679610670150625 0.00000000000000000 -0.36679610670150625 0.93030135768395894 0.00000000000000000 
1 -280.25442825908322675 182.51267603954858032 0.00000000000000000 0.00000000000000000 0.00000000000000000 -1.00000000000000000 -0.93030135768395894 -0.36679610670150625 -0.00000000000000000 -0.36679610670150625 0.93030135768395894 0.00000000000000000 
2 -5.00000000000007372 -354.85877453065472764 0.00000000000000000 -0.00000000000000000 -0.00000000000000000 -1.00000000000000000 1.00000000000000000 0.00000000000000000 0.00000000000000000 -0.00000000000000000 1.00000000000000000 -0.00000000000000000 599.87964268383927902
1 -225.40031353262665448 204.14037286277221028 0.00000000000000000 -0.93030135768394862 -0.36679610670153251 0.00000000000000000 0.00000000000000000 0.00000000000000000 1.00000000000000000 -0.36679610670153251 0.93030135768394862 0.00000000000000000 
1 -225.40031353262662606 204.14037286277226713 0.00000000000000000 0.93030135768396593 0.36679610670148854 -0.00000000000000000 0.00000000000000000 -0.00000000000000000 -1.00000000000000000 -0.36679610670148854 0.93030135768396593 -0.00000000000000000 
2 -541.23656790488371371 0.00000000000005684 -0.00000000000005684 -0.36679610670151430 0.93030135768395583 0.00000000000000064 0.00000000000000174 -0.00000000000000000 1.00000000000000000 0.93030135768395583 0.36679610670151430 -0.00000000000000162 1.69999999999999996
1 -541.23656790488371371 0.00000000000005684 -0.00000000000005684 0.36679610670151430 -0.93030135768395583 -0.00000000000000064 -0.00000000000000174 0.00000000000000000 -1.00000000000000000 0.93030135768395583 0.36679610670151430 -0.00000000000000162 
2 -505.88511631289310344 0.00000000000005684 -0.00000000000005684 -0.36679610670151430 0.93030135768395583 0.00000000000000064 0.00000000000000174 -0.00000000000000000 1.00000000000000000 0.93030135768395583 0.36679610670151430 -0.00000000000000162 1.69999999999999996
1 -505.88511631289310344 0.00000000000005684 -0.00000000000005684 0.36679610670151430 -0.93030135768395583 -0.00000000000000064 -0.00000000000000174 0.00000000000000000 -1.00000000000000000 0.93030135768395583 0.36679610670151430 -0.00000000000000162 
2 -505.88511631289333081 0.00000000000005684 -0.00000000000005684 -0.36679610670151430 0.93030135768395583 0.00000000000000064 0.00000000000000174 -0.00000000000000000 1.00000000000000000 0.93030135768395583 0.36679610670151430 -0.00000000000000162 1.69999999999999996
1 -505.88511631289333081 0.00000000000005684 -0.00000000000005684 0.36679610670151430 -0.93030135768395583 -0.00000000000000064 -0.00000000000000174 0.00000000000000000 -1.00000000000000000 0.93030135768395583 0.36679610670151430 -0.00000000000000162 
2 -541.23656790488371371 0.00000000000005684 -0.00000000000006040 -0.36679610670151430 0.93030135768395583 0.00000000000000064 0.00000000000000174 -0.00000000000000000 1.00000000000000000 0.93030135768395583 0.36679610670151430 -0.00000000000000162 1.69999999999999996
1 -541.23656790488371371 0.00000000000005684 -0.00000000000006040 0.36679610670151430 -0.93030135768395583 -0.00000000000000064 -0.00000000000000174 0.00000000000000000 -1.00000000000000000 0.93030135768395583 0.36679610670151430 -0.00000000000000162 
1 -280.25442825908322675 182.51267603954858032 0.00000000000000000 -0.93030135768396593 -0.36679610670148854 0.00000000000000000 0.00000000000000000 0.00000000000000000 1.00000000000000000 -0.36679610670148854 0.93030135768396593 0.00000000000000000 
1 -280.25442825908322675 182.51267603954858032 0.00000000000000000 -0.36679610670150625 0.93030135768395894 0.00000000000000000 0.93030135768395894 0.36679610670150625 0.00000000000000000 0.00000000000000000 0.00000000000000000 -1.00000000000000000 
9 0 0 0 0 6 1 7 2 2 2 -5.00000000000002842 245.02086815318455137 0.00000000000000000  -5.00000000000004263 246.02086815318455137 0.00000000000000000  
-42.54874057060199277 245.02086815318426716 0.00000000000000000  -42.61133436092067228 246.02086815318409663 0.00000000000000000  
-80.09748034970526476 242.20048669542819653 0.00000000000000000  -80.22266792902304644 243.19578511655006992 0.00000000000000000  
-117.38141724314243675 236.55972288381929047 0.00000000000000000  -117.56875718476905490 237.54561814568927502 0.00000000000000000  
-154.13572455983251075 228.13173022111527644 0.00000000000000000  -154.38433397070099318 229.10357601028655949 0.00000000000000000  
-190.10187309377161569 216.98280335793032236 0.00000000000000000  -190.41043811235721250 217.93606387420680903 0.00000000000000000  
-225.03351742592514029 203.21007150508830819 0.00000000000000000  -225.40031353262665448 204.14037286277221028 0.00000000000000000  

1.57079632679489656 7
1.94635906870702846 7

0.00000000000000000 2
1.00000000000000000 2

9 0 0 0 0 6 1 7 2 2 2 -225.03351742592539608 203.21007150508816608 422.00000000000000000  -225.40031353262691027 204.14037286277206817 422.00000000000000000  
-190.10187309377181464 216.98280335793012341 422.00000000000017053  -190.41043811235741146 217.93606387420678061 422.00000000000017053  
-154.13572455983151599 228.13173022111533328 421.99999999999948841  -154.38433397070008368 229.10357601028613317 421.99999999999948841  
-117.38141724314364467 236.55972288381900626 421.99999999999954525  -117.56875718477003545 237.54561814568967293 421.99999999999954525  
-80.09748034970502317 242.20048669542822495 422.00000000000119371  -80.22266792902296118 243.19578511654944464 422.00000000000119371  
-42.54874057060244041 245.02086815318429558 421.99999999999920419  -42.61133436092106308 246.02086815318438084 421.99999999999920419  
-5.00000000000018652 245.02086815318457980 422.00000000000011369  -5.00000000000018563 246.02086815318455137 422.00000000000011369  

4.33682623847255755 7
4.71238898038468967 7

0.00000000000000000 2
1.00000000000000000 2

1 -5.00000000000003730 245.02086815318455137 0.00000000000000000 0.00000000000000000 1.00000000000000000 0.00000000000000000 1.00000000000000000 0.00000000000000000 0.00000000000000000 0.00000000000000000 0.00000000000000000 -1.00000000000000000 
1 -5.00000000000003730 246.02086815318455137 0.00000000000000000 -1.00000000000000000 0.00000000000000000 0.00000000000000000 0.00000000000000000 0.00000000000000000 1.00000000000000000 0.00000000000000000 1.00000000000000000 -0.00000000000000000 
1 -5.00000000000003730 246.02086815318455137 0.00000000000000000 1.00000000000000000 0.00000000000000000 0.00000000000000000 0.00000000000000000 0.00000000000000000 -1.00000000000000000 -0.00000000000000000 1.00000000000000000 0.00000000000000000 
2 -5.00000000000007372 -354.85877453065472764 0.00000000000000000 -0.00000000000000000 -0.00000000000000000 -1.00000000000000000 1.00000000000000000 0.00000000000000000 0.00000000000000000 -0.00000000000000000 1.00000000000000000 -0.00000000000000000 599.87964268383927902
2 -5.00000000000007372 -354.85877453065472764 0.00000000000000000 -0.00000000000000000 -0.00000000000000000 -1.00000000000000000 1.00000000000000000 0.00000000000000000 0.00000000000000000 -0.00000000000000000 1.00000000000000000 -0.00000000000000000 600.87964268383927902
2 4.99999999999992628 -354.85877453065984355 0.00000000000000000 -0.00000000000000000 -0.00000000000000000 -1.00000000000000000 1.00000000000000000 0.00000000000000000 0.00000000000000000 -0.00000000000000000 1.00000000000000000 -0.00000000000000000 599.87964268384439492
1 4.99999999999996270 246.02086815318455137 0.00000000000000000 -1.00000000000000000 0.00000000000000000 0.00000000000000000 0.00000000000000000 0.00000000000000000 1.00000000000000000 0.00000000000000000 1.00000000000000000 -0.00000000000000000 
1 4.99999999999996270 246.02086815318455137 0.00000000000000000 1.00000000000000000 0.00000000000000000 0.00000000000000000 0.00000000000000000 0.00000000000000000 -1.00000000000000000 -0.00000000000000000 1.00000000000000000 0.00000000000000000 
1 -5.00000000000003730 245.02086815318455137 0.00000000000000000 0.00000000000000000 1.00000000000000000 0.00000000000000000 1.00000000000000000 0.00000000000000000 0.00000000000000000 0.00000000000000000 0.00000000000000000 -1.00000000000000000 
1 -5.00000000000003730 246.02086815318455137 422.00000000000000000 0.00000000000000000 0.00000000000000000 1.00000000000000000 1.00000000000000000 0.00000000000000000 -0.00000000000000000 -0.00000000000000000 1.00000000000000000 0.00000000000000000 
1 -5.00000000000003730 246.02086815318455137 0.00000000000000000 0.00000000000000000 0.00000000000000000 -1.00000000000000000 -1.00000000000000000 -0.00000000000000000 -0.00000000000000000 -0.00000000000000000 1.00000000000000000 0.00000000000000000 
1 -5.00000000000003730 246.02086815318455137 0.00000000000000000 0.00000000000000000 1.00000000000000000 0.00000000000000000 1.00000000000000000 0.00000000000000000 0.00000000000000000 0.00000000000000000 0.00000000000000000 -1.00000000000000000 
9 0 0 0 0 6 1 7 2 2 2 225.03351742592801088 203.21007150508739869 0.00000000000000000  225.40031353262952507 204.14037286277138605 0.00000000000000000  
190.10187309377394627 216.98280335792966866 0.00000000000000000  190.41043811235945782 217.93606387420658166 0.00000000000000000  
154.13572455983418763 228.13173022111539012 0.00000000000000000  154.38433397070264164 229.10357601028528052 0.00000000000000000  
117.38141724314424152 236.55972288381869362 0.00000000000000000  117.56875718477078863 237.54561814569078138 0.00000000000000000  
80.09748034970587582 242.20048669542859443 0.00000000000000000  80.22266792902377119 243.19578511654830777 0.00000000000000000  
42.54874057060258963 245.02086815318429558 0.00000000000000000  42.61133436092119098 246.02086815318497770 0.00000000000000000  
4.99999999999995737 245.02086815318457980 0.00000000000000000  4.99999999999994316 246.02086815318452295 0.00000000000000000  

1.19523358488276266 7
1.57079632679489656 7

0.00000000000000000 2
1.00000000000000000 2

9 0 0 0 0 6 1 7 2 2 2 4.99999999999979217 245.02086815318443769 421.99999999999977263  4.99999999999979305 246.02086815318440927 421.99999999999977263  
42.54874057060255410 245.02086815318475033 422.00000000000028422  42.61133436092134019 246.02086815318463664 422.00000000000028422  
80.09748034970452579 242.20048669542796915 421.99999999999931788  80.22266792902217958 243.19578511654927411 421.99999999999931788  
117.38141724314485259 236.55972288381897783 421.99999999999988631  117.56875718477147075 237.54561814568936029 421.99999999999988631  
154.13572455983415921 228.13173022111541854 422.00000000000039790  154.38433397070258479 229.10357601028627528 422.00000000000039790  
190.10187309377383258 216.98280335792952656 421.99999999999971578  190.41043811235951466 217.93606387420626902 421.99999999999971578  
225.03351742592798246 203.21007150508754080 422.00000000000011369  225.40031353262941138 204.14037286277141447 422.00000000000011369  

4.71238898038468967 7
5.08795172229682358 7

0.00000000000000000 2
1.00000000000000000 2

1 279.88763215238174098 181.58237468186462138 0.00000000000000000 -0.36679610670150969 -0.93030135768395761 0.00000000000000000 -0.93030135768395761 0.36679610670150969 0.00000000000000000 -0.00000000000000000 0.00000000000000000 -1.00000000000000000 
1 225.40031353262952507 204.14037286277135763 0.00000000000000000 -0.93030135768396593 0.36679610670148854 0.00000000000000000 0.00000000000000000 0.00000000000000000 1.00000000000000000 0.36679610670148854 0.93030135768396593 -0.00000000000000000 
1 225.40031353262955349 204.14037286277141447 0.00000000000000000 0.93030135768396394 -0.36679610670149376 0.00000000000000000 0.00000000000000000 -0.00000000000000000 -1.00000000000000000 0.36679610670149376 0.93030135768396394 0.00000000000000000 
2 4.99999999999992628 -354.85877453065984355 0.00000000000000000 -0.00000000000000000 -0.00000000000000000 -1.00000000000000000 1.00000000000000000 0.00000000000000000 0.00000000000000000 -0.00000000000000000 1.00000000000000000 -0.00000000000000000 599.87964268384439492
2 4.99999999999992628 -354.85877453065984355 0.00000000000000000 -0.00000000000000000 -0.00000000000000000 -1.00000000000000000 1.00000000000000000 0.00000000000000000 0.00000000000000000 -0.00000000000000000 1.00000000000000000 -0.00000000000000000 600.87964268384439492
1 279.88763215238174098 181.58237468186462138 0.00000000000000000 -0.36679610670150969 -0.93030135768395761 0.00000000000000000 -0.93030135768395761 0.36679610670150969 0.00000000000000000 -0.00000000000000000 0.00000000000000000 -1.00000000000000000 
1 280.25442825908322675 182.51267603954858032 422.00000000000000000 0.00000000000000000 -0.00000000000000000 1.00000000000000000 0.93030135768395761 -0.36679610670150969 -0.00000000000000000 0.36679610670150969 0.93030135768395761 0.00000000000000000 
