
CASCADE Topology V1, (c) Matra-Datavision
Locations 35
1
0.499999999999999 -0.866025403784439 0.000000000000000 0.000000000000000 
0.866025403784439 0.499999999999999 0.000000000000000 0.000000000000000 
0.000000000000000 0.000000000000000 1.000000000000000 0.000000000000000 
1
1.000000000000000 0.000000000000000 0.000000000000000 0.000000000000000 
0.000000000000000 1.000000000000000 0.000000000000000 0.000000000000000 
0.000000000000000 0.000000000000000 1.000000000000000 0.000000000000000 
1
1.000000000000000 0.000000000000000 0.000000000000000 0.000000000000000 
0.000000000000000 1.000000000000000 0.000000000000000 0.000000000000000 
0.000000000000000 0.000000000000000 1.000000000000000 0.000000000000000 
1
1.000000000000000 0.000000000000000 0.000000000000000 0.000000000000000 
0.000000000000000 1.000000000000000 0.000000000000000 0.000000000000000 
0.000000000000000 0.000000000000000 1.000000000000000 0.000000000000000 
2  3 1 4 1 0
1
1.000000000000000 0.000000000000000 0.000000000000000 0.000000000000000 
0.000000000000000 1.000000000000000 0.000000000000000 0.000000000000000 
0.000000000000000 0.000000000000000 1.000000000000000 0.000000000000000 
1
1.000000000000000 0.000000000000000 0.000000000000000 0.000000000000000 
0.000000000000000 1.000000000000000 0.000000000000000 0.000000000000000 
0.000000000000000 0.000000000000000 1.000000000000000 0.000000000000000 
1
1.000000000000000 0.000000000000000 0.000000000000000 0.000000000000000 
0.000000000000000 1.000000000000000 0.000000000000000 0.000000000000000 
0.000000000000000 0.000000000000000 1.000000000000000 0.000000000000000 
1
1.000000000000000 0.000000000000000 0.000000000000000 0.000000000000000 
0.000000000000000 1.000000000000000 0.000000000000000 0.000000000000000 
0.000000000000000 0.000000000000000 1.000000000000000 0.000000000000000 
2  6 1 7 -1 8 -1 9 -1 2 -1 4 -1 3 -1 0
1
1.000000000000000 0.000000000000000 0.000000000000000 0.000000000000000 
0.000000000000000 1.000000000000000 0.000000000000000 0.000000000000000 
0.000000000000000 0.000000000000000 1.000000000000000 3.000000000000000 
2  11 -1 6 1 7 -1 8 -1 9 -1 2 -1 4 -1 3 -1 0
2  9 -1 2 -1 4 -1 3 -1 0
1
-0.500000000000001 -0.866025403784439 0.000000000000000 0.000000000000085 
0.866025403784439 -0.500000000000001 0.000000000000000 -0.000000000000028 
0.000000000000000 0.000000000000000 1.000000000000001 0.000000000000000 
2  6 1 7 -1 8 -1 9 -1 14 -1 4 -1 3 -1 0
2  11 -1 6 1 7 -1 8 -1 9 -1 14 -1 4 -1 3 -1 0
1
-0.500000000000000 0.866025403784439 0.000000000000000 0.000000000000021 
-0.866025403784439 -0.500000000000000 0.000000000000000 0.000000000000099 
0.000000000000000 0.000000000000000 1.000000000000000 0.000000000000000 
2  6 1 7 -1 8 -1 9 -1 17 -1 4 -1 3 -1 0
2  11 -1 6 1 7 -1 8 -1 9 -1 17 -1 4 -1 3 -1 0
2  9 -1 14 -1 4 -1 3 -1 0
2  9 -1 17 -1 4 -1 3 -1 0
1
1.000000000000000 0.000000000000000 0.000000000000000 0.000000000000000 
0.000000000000000 1.000000000000000 0.000000000000000 0.000000000000000 
0.000000000000000 0.000000000000000 1.000000000000000 0.000000000000000 
1
1.000000000000000 0.000000000000000 0.000000000000000 0.000000000000000 
0.000000000000000 1.000000000000000 0.000000000000000 0.000000000000000 
0.000000000000000 0.000000000000000 1.000000000000000 0.000000000000000 
2  22 1 23 1 0
2  6 1 7 -1 8 -1 9 -1 2 -1 23 -1 22 -1 0
2  11 -1 6 1 7 -1 8 -1 9 -1 2 -1 23 -1 22 -1 0
2  6 1 7 -1 8 -1 9 -1 14 -1 23 -1 22 -1 0
2  11 -1 6 1 7 -1 8 -1 9 -1 14 -1 23 -1 22 -1 0
2  9 -1 2 -1 23 -1 22 -1 0
2  9 -1 14 -1 23 -1 22 -1 0
1
1.000000000000000 0.000000000000000 0.000000000000000 0.000000000000000 
0.000000000000000 1.000000000000000 0.000000000000000 0.000000000000000 
0.000000000000000 0.000000000000000 1.000000000000000 0.000000000000000 
2  31 -1 0
2  6 1 7 -1 8 -1 9 -1 17 -1 23 -1 22 -1 0
2  11 -1 6 1 7 -1 8 -1 9 -1 17 -1 23 -1 22 -1 0
2  9 -1 17 -1 23 -1 22 -1 0
Curve2ds 36
1 0.00000000000000000 0.00000000000000000 1.00000000000000000 0.00000000000000000 
1 0.00000000000000000 -3.00000000000000000 1.00000000000000000 0.00000000000000000 
2 -0.00000000000001316 0.00000000000002677 1.00000000000000000 0.00000000000000000 -0.00000000000000000 1.00000000000000000 354.17021174407386752
1 0.00000000000000000 0.00000000000000000 1.00000000000000000 0.00000000000000000 
1 0.00000000000000000 -3.00000000000000000 1.00000000000000000 0.00000000000000000 
1 0.00000000000000000 0.00000000000000000 1.00000000000000000 0.00000000000000000 
1 0.00000000000000000 -3.00000000000000000 1.00000000000000000 0.00000000000000000 
1 0.00000000000000000 0.00000000000000000 1.00000000000000000 0.00000000000000000 
1 0.00000000000000000 -3.00000000000000000 1.00000000000000000 0.00000000000000000 
2 255.70454913011639064 161.93962032611540280 1.00000000000000000 0.00000000000000000 -0.00000000000000000 1.00000000000000000 51.50000000000000000
2 -268.09609964668106841 140.47682524686908323 -0.50000000000000056 0.86602540378443837 -0.86602540378443837 -0.50000000000000056 51.50000000000002132
2 12.39155051656448769 -302.41644557298451446 -0.50000000000000033 -0.86602540378443860 0.86602540378443860 -0.50000000000000033 51.50000000000000000
1 0.00000000000000000 0.00000000000000000 1.00000000000000000 0.00000000000000000 
1 0.00000000000000000 -3.00000000000000000 1.00000000000000000 0.00000000000000000 
1 0.00000000000000000 0.00000000000000000 1.00000000000000000 0.00000000000000000 
1 0.00000000000000000 -3.00000000000000000 1.00000000000000000 0.00000000000000000 
1 0.00000000000000000 0.00000000000000000 1.00000000000000000 0.00000000000000000 
1 0.00000000000000000 -3.00000000000000000 1.00000000000000000 0.00000000000000000 
2 -0.00000000000001316 -549.44557738923845136 1.00000000000000000 0.00000000000000000 -0.00000000000000000 1.00000000000000000 807.44557738923845136
2 475.83382801608934187 274.72278869461956674 -0.50000000000000056 0.86602540378443837 -0.86602540378443837 -0.50000000000000056 807.44557738923867873
2 -475.83382801608922819 274.72278869461950990 -0.50000000000000033 -0.86602540378443860 0.86602540378443860 -0.50000000000000033 807.44557738923856505
1 0.00000000000000000 0.00000000000000000 1.00000000000000000 0.00000000000000000 
1 0.00000000000000000 -3.00000000000000000 1.00000000000000000 0.00000000000000000 
1 0.00000000000000000 0.00000000000000000 1.00000000000000000 0.00000000000000000 
1 0.00000000000000000 -3.00000000000000000 1.00000000000000000 0.00000000000000000 
2 -0.00000000000001316 0.00000000000002677 -1.00000000000000000 0.00000000000000000 0.00000000000000000 1.00000000000000000 354.17021174407386752
2 0.00000000000007211 -0.00000000000000165 0.50000000000000056 -0.86602540378443837 -0.86602540378443837 -0.50000000000000056 354.17021174407392436
1 0.00000000000000000 0.00000000000000000 1.00000000000000000 0.00000000000000000 
1 0.00000000000000000 -3.00000000000000000 1.00000000000000000 0.00000000000000000 
1 0.00000000000000000 0.00000000000000000 1.00000000000000000 0.00000000000000000 
1 0.00000000000000000 -3.00000000000000000 1.00000000000000000 0.00000000000000000 
1 0.00000000000000000 0.00000000000000000 1.00000000000000000 0.00000000000000000 
1 0.00000000000000000 -3.00000000000000000 1.00000000000000000 0.00000000000000000 
2 -255.70454913011639064 161.93962032611540280 -1.00000000000000000 0.00000000000000000 0.00000000000000000 1.00000000000000000 51.50000000000000000
2 -12.39155051656429585 -302.41644557298468499 0.50000000000000056 -0.86602540378443837 -0.86602540378443837 -0.50000000000000056 51.50000000000000711
2 268.09609964668106841 140.47682524686925376 0.50000000000000033 0.86602540378443860 0.86602540378443860 -0.50000000000000033 51.49999999999999289
Curves 6
2 0.00000000000000000 0.00000000000000000 0.00000000000000000 0.00000000000000000 0.00000000000000000 1.00000000000000000 1.00000000000000000 0.00000000000000000 -0.00000000000000000 -0.00000000000000000 1.00000000000000000 0.00000000000000000 354.17021174407386752
2 255.70454913011639064 161.93962032611537438 0.00000000000000000 0.00000000000000000 0.00000000000000000 1.00000000000000000 1.00000000000000000 0.00000000000000000 -0.00000000000000000 -0.00000000000000000 1.00000000000000000 0.00000000000000000 51.50000000000000000
2 0.00000000000000000 -549.44557738923845136 0.00000000000000000 0.00000000000000000 0.00000000000000000 1.00000000000000000 1.00000000000000000 0.00000000000000000 -0.00000000000000000 -0.00000000000000000 1.00000000000000000 0.00000000000000000 807.44557738923845136
2 0.00000000000000000 0.00000000000000000 0.00000000000000000 0.00000000000000000 0.00000000000000000 -1.00000000000000000 -1.00000000000000000 -0.00000000000000000 -0.00000000000000000 -0.00000000000000000 1.00000000000000000 0.00000000000000000 354.17021174407386752
2 -255.70454913011639064 161.93962032611537438 0.00000000000000000 0.00000000000000000 0.00000000000000000 -1.00000000000000000 -1.00000000000000000 -0.00000000000000000 -0.00000000000000000 -0.00000000000000000 1.00000000000000000 0.00000000000000000 51.50000000000000000
2 0.00000000000000000 -549.44557738923845136 0.00000000000000000 0.00000000000000000 0.00000000000000000 -1.00000000000000000 -1.00000000000000000 -0.00000000000000000 -0.00000000000000000 -0.00000000000000000 1.00000000000000000 0.00000000000000000 807.44557738923845136
Polygon3D 0
PolygonOnTriangulations 0
Surfaces 13
2 0.00000000000000000 0.00000000000000000 0.00000000000000000 -0.00000000000000000 -0.00000000000000000 -1.00000000000000000 1.00000000000000000 0.00000000000000000 0.00000000000000000 -0.00000000000000000 1.00000000000000000 -0.00000000000000000 354.17021174407386752
1 0.00000000000001316 -0.00000000000002677 0.00000000000000000 0.00000000000000000 0.00000000000000000 1.00000000000000000 1.00000000000000000 0.00000000000000000 -0.00000000000000000 -0.00000000000000000 1.00000000000000000 0.00000000000000000 
2 255.70454913011639064 161.93962032611537438 0.00000000000000000 -0.00000000000000000 -0.00000000000000000 -1.00000000000000000 1.00000000000000000 0.00000000000000000 0.00000000000000000 -0.00000000000000000 1.00000000000000000 -0.00000000000000000 51.50000000000000000
2 -268.09609964668106841 140.47682524686905481 0.00000000000000000 -0.00000000000000000 -0.00000000000000000 -1.00000000000000000 -0.50000000000000056 0.86602540378443837 0.00000000000000000 -0.86602540378443837 -0.50000000000000056 0.00000000000000000 51.50000000000001421
2 12.39155051656450013 -302.41644557298451446 0.00000000000000000 -0.00000000000000000 -0.00000000000000000 -1.00000000000000000 -0.50000000000000033 -0.86602540378443860 0.00000000000000000 0.86602540378443860 -0.50000000000000033 -0.00000000000000000 51.50000000000000000
2 0.00000000000000000 -549.44557738923845136 0.00000000000000000 -0.00000000000000000 -0.00000000000000000 -1.00000000000000000 1.00000000000000000 0.00000000000000000 0.00000000000000000 -0.00000000000000000 1.00000000000000000 -0.00000000000000000 807.44557738923845136
2 475.83382801608934187 274.72278869461956674 0.00000000000000000 -0.00000000000000000 -0.00000000000000000 -1.00000000000000000 -0.50000000000000056 0.86602540378443837 0.00000000000000000 -0.86602540378443837 -0.50000000000000056 0.00000000000000000 807.44557738923867873
2 -475.83382801608922819 274.72278869461950990 0.00000000000000000 -0.00000000000000000 -0.00000000000000000 -1.00000000000000000 -0.50000000000000033 -0.86602540378443860 0.00000000000000000 0.86602540378443860 -0.50000000000000033 -0.00000000000000000 807.44557738923845136
2 0.00000000000000000 0.00000000000000000 0.00000000000000000 0.00000000000000000 0.00000000000000000 -1.00000000000000000 -1.00000000000000000 -0.00000000000000000 -0.00000000000000000 -0.00000000000000000 1.00000000000000000 0.00000000000000000 354.17021174407386752
2 0.00000000000008527 -0.00000000000002842 0.00000000000000000 -0.00000000000000000 0.00000000000000000 -1.00000000000000000 0.50000000000000056 -0.86602540378443837 -0.00000000000000000 -0.86602540378443837 -0.50000000000000056 0.00000000000000000 354.17021174407392436
2 -255.70454913011639064 161.93962032611537438 0.00000000000000000 0.00000000000000000 0.00000000000000000 -1.00000000000000000 -1.00000000000000000 -0.00000000000000000 -0.00000000000000000 -0.00000000000000000 1.00000000000000000 0.00000000000000000 51.50000000000000000
2 -12.39155051656428341 -302.41644557298468499 0.00000000000000000 -0.00000000000000000 0.00000000000000000 -1.00000000000000000 0.50000000000000056 -0.86602540378443837 -0.00000000000000000 -0.86602540378443837 -0.50000000000000056 0.00000000000000000 51.50000000000001421
2 268.09609964668106841 140.47682524686922534 0.00000000000000000 0.00000000000000000 -0.00000000000000000 -1.00000000000000000 0.50000000000000033 0.86602540378443860 0.00000000000000000 0.86602540378443860 -0.50000000000000033 0.00000000000000000 51.50000000000000000
Triangulations 0

TShapes 18
Ve
0.000000100000619
306.720400634081898 177.085105872036706 0.000000000000000
0 0

0101101
*
Ve
0.000000100000028
299.213238684726434 189.494001706225646 0.000000000000000
0 0

0101101
*
Ed
 0.000000100000000 1 1 0
1  1 0 0.523598775598299 0.564550988021803
2  1 1 10 0.523598775598299 0.564550988021803
2  2 1 12 0.523598775598299 0.564550988021803
2  3 2 13 0.523598775598299 0.564550988021803
0

0101000
+18 0 -17 0 *
Ve
0.000000100000080
273.124829999648341 210.403873280500363 0.000000000000000
0 0

0101101
*
Ed
 0.000000100000000 1 1 0
1  2 0 0.564550988021803 1.225731290108291
2  4 3 10 0.564550988021803 1.225731290108291
2  5 3 12 0.564550988021803 1.225731290108291
2  6 4 15 0.564550988021803 1.225731290108291
2  7 4 16 0.564550988021803 1.225731290108291
2  8 5 18 0.564550988021803 1.225731290108291
2  9 5 19 0.564550988021803 1.225731290108291
2  10 2 13 0.564550988021803 1.225731290108291
2  11 2 20 0.564550988021803 1.225731290108291
2  12 2 21 0.564550988021803 1.225731290108291
0

0101000
+17 0 -15 0 *
Ve
0.000000100000130
0.000000000000012 258.000000000000227 0.000000000000000
0 0

0101101
*
Ed
 0.000000100000000 1 1 0
1  3 0 1.225731290108291 1.570796326794897
2  13 6 10 1.225731290108291 1.570796326794897
2  14 6 12 1.225731290108291 1.570796326794897
2  15 7 15 1.225731290108291 1.570796326794897
2  16 7 16 1.225731290108291 1.570796326794897
2  17 8 18 1.225731290108291 1.570796326794897
2  18 8 19 1.225731290108291 1.570796326794897
2  19 2 13 1.225731290108291 1.570796326794897
2  20 2 20 1.225731290108291 1.570796326794897
2  21 2 21 1.225731290108291 1.570796326794897
0

0101000
+15 0 -13 0 *
Wi

0101000
+16 0 +14 0 +12 0 *
Ve
0.000000100000619
-306.720400634081500 177.085105872037161 0.000000000000000
0 0

0101101
*
Ve
0.000000100000028
-299.213238684726434 189.494001706225646 0.000000000000000
0 0

0101101
*
Ed
 0.000000100000000 1 1 0
1  4 0 0.523598775598299 0.564550988021803
2  22 9 25 0.523598775598299 0.564550988021803
2  23 9 26 0.523598775598299 0.564550988021803
2  24 10 27 0.523598775598299 0.564550988021803
2  25 10 28 0.523598775598299 0.564550988021803
2  26 2 29 0.523598775598299 0.564550988021803
2  27 2 30 0.523598775598299 0.564550988021803
0

0101000
+10 32 -9 32 *
Ve
0.000000100000080
-273.124829999648455 210.403873280500335 0.000000000000000
0 0

0101101
*
Ed
 0.000000100000000 1 1 0
1  5 0 0.564550988021803 1.225731290108291
2  28 11 25 0.564550988021803 1.225731290108291
2  29 11 26 0.564550988021803 1.225731290108291
2  30 12 27 0.564550988021803 1.225731290108291
2  31 12 28 0.564550988021803 1.225731290108291
2  32 13 33 0.564550988021803 1.225731290108291
2  33 13 34 0.564550988021803 1.225731290108291
2  34 2 29 0.564550988021803 1.225731290108291
2  35 2 30 0.564550988021803 1.225731290108291
2  36 2 35 0.564550988021803 1.225731290108291
0

0101000
+9 32 -7 32 *
Ve
0.000000100000000
-0.000000000000049 258.000000000000000 0.000000000000000
0 0

0101101
*
Ed
 0.000000100000000 1 1 0
1  6 0 1.225731290108291 1.570796326794897
0

0101000
+7 32 -5 32 *
Wi

0101000
+8 0 +6 0 +4 0 *
Co

0100000
+11 5 +3 24 *
Co

0100000
+2 2 +2 14 +2 17 *

+1 1 