
CASCADE Topology V1, (c) Matra-Datavision
Locations 42
1
1.000000000000000 0.000000000000000 0.000000000000000 0.000000000000000 
0.000000000000000 1.000000000000000 0.000000000000000 0.000000000000000 
0.000000000000000 0.000000000000000 1.000000000000000 0.000000000000000 
1
1.000000000000000 0.000000000000000 0.000000000000000 0.000000000000000 
0.000000000000000 1.000000000000000 0.000000000000000 0.000000000000000 
0.000000000000000 0.000000000000000 1.000000000000000 0.000000000000000 
1
1.000000000000000 0.000000000000000 0.000000000000000 0.000000000000000 
0.000000000000000 1.000000000000000 0.000000000000000 0.000000000000000 
0.000000000000000 0.000000000000000 1.000000000000000 0.000000000000000 
1
1.000000000000000 0.000000000000000 0.000000000000000 0.000000000000000 
0.000000000000000 1.000000000000000 0.000000000000000 0.000000000000000 
0.000000000000000 0.000000000000000 1.000000000000000 0.000000000000000 
2  2 1 3 1 4 1 0
1
1.000000000000000 0.000000000000000 0.000000000000000 0.000000000000000 
0.000000000000000 1.000000000000000 0.000000000000000 0.000000000000000 
0.000000000000000 0.000000000000000 1.000000000000000 0.000000000000000 
1
1.000000000000000 0.000000000000000 0.000000000000000 0.000000000000000 
0.000000000000000 1.000000000000000 0.000000000000000 0.000000000000000 
0.000000000000000 0.000000000000000 1.000000000000000 0.000000000000000 
2  6 1 7 1 0
2  2 -1 7 -1 6 -1 0
1
1.000000000000000 0.000000000000000 0.000000000000000 0.000000000000000 
0.000000000000000 1.000000000000000 0.000000000000000 0.000000000000000 
0.000000000000000 0.000000000000000 1.000000000000000 0.000000000000000 
1
1.000000000000000 0.000000000000000 0.000000000000000 0.000000000000000 
0.000000000000000 1.000000000000000 0.000000000000000 0.000000000000000 
0.000000000000000 0.000000000000000 1.000000000000000 0.000000000000000 
1
1.000000000000000 0.000000000000000 0.000000000000000 0.000000000000000 
0.000000000000000 1.000000000000000 0.000000000000000 0.000000000000000 
0.000000000000000 0.000000000000000 1.000000000000000 0.000000000000000 
1
-0.500000000000001 0.866025403784439 0.000000000000000 0.000000000000000 
-0.866025403784439 -0.500000000000001 0.000000000000000 0.000000000000000 
0.000000000000000 0.000000000000000 1.000000000000001 0.000000000000000 
2  10 -1 11 -1 12 -1 13 -1 3 -1 2 -1 7 -1 6 -1 0
2  10 -1 11 -1 12 -1 4 -1 3 -1 2 -1 7 -1 6 -1 0
1
-0.500000000000000 -0.866025403784439 0.000000000000000 0.000000000000000 
0.866025403784439 -0.500000000000000 0.000000000000000 0.000000000000000 
0.000000000000000 0.000000000000000 1.000000000000000 0.000000000000000 
2  10 -1 11 -1 12 -1 16 -1 3 -1 2 -1 7 -1 6 -1 0
1
1.000000000000000 0.000000000000000 0.000000000000000 0.000000000000000 
0.000000000000000 1.000000000000000 0.000000000000000 0.000000000000000 
0.000000000000000 0.000000000000000 1.000000000000000 0.000000000000000 
1
1.000000000000000 0.000000000000000 0.000000000000000 0.000000000000000 
0.000000000000000 1.000000000000000 0.000000000000000 0.000000000000000 
0.000000000000000 0.000000000000000 1.000000000000000 0.000000000000000 
1
1.000000000000000 0.000000000000000 0.000000000000000 0.000000000000000 
0.000000000000000 1.000000000000000 0.000000000000000 0.000000000000000 
0.000000000000000 0.000000000000000 1.000000000000000 0.000000000000000 
2  18 1 19 -1 20 -1 10 -1 11 -1 12 -1 13 -1 3 -1 2 -1 7 -1 6 -1 0
1
1.000000000000000 0.000000000000000 0.000000000000000 0.000000000000000 
0.000000000000000 1.000000000000000 0.000000000000000 0.000000000000000 
0.000000000000000 0.000000000000000 1.000000000000000 0.300000000000000 
2  22 -1 18 1 19 -1 20 -1 10 -1 11 -1 12 -1 13 -1 3 -1 2 -1 7 -1 6 -1 0
2  18 1 19 -1 20 -1 10 -1 11 -1 12 -1 16 -1 3 -1 2 -1 7 -1 6 -1 0
2  22 -1 18 1 19 -1 20 -1 10 -1 11 -1 12 -1 16 -1 3 -1 2 -1 7 -1 6 -1 0
2  18 1 19 -1 20 -1 10 -1 11 -1 12 -1 4 -1 3 -1 2 -1 7 -1 6 -1 0
2  22 -1 18 1 19 -1 20 -1 10 -1 11 -1 12 -1 4 -1 3 -1 2 -1 7 -1 6 -1 0
1
1.000000000000000 0.000000000000000 0.000000000000000 0.000000000000000 
0.000000000000000 1.000000000000000 0.000000000000000 0.000000000000000 
0.000000000000000 0.000000000000000 1.000000000000000 0.000000000000000 
1
1.000000000000000 0.000000000000000 0.000000000000000 0.000000000000000 
0.000000000000000 1.000000000000000 0.000000000000000 0.000000000000000 
0.000000000000000 0.000000000000000 1.000000000000000 0.000000000000000 
2  28 1 29 1 0
2  2 -1 29 -1 28 -1 0
2  10 -1 11 -1 12 -1 4 -1 3 -1 2 -1 29 -1 28 -1 0
2  10 -1 11 -1 12 -1 16 -1 3 -1 2 -1 29 -1 28 -1 0
2  10 -1 11 -1 12 -1 13 -1 3 -1 2 -1 29 -1 28 -1 0
2  18 1 19 -1 20 -1 10 -1 11 -1 12 -1 13 -1 3 -1 2 -1 29 -1 28 -1 0
2  22 -1 18 1 19 -1 20 -1 10 -1 11 -1 12 -1 13 -1 3 -1 2 -1 29 -1 28 -1 0
2  18 1 19 -1 20 -1 10 -1 11 -1 12 -1 16 -1 3 -1 2 -1 29 -1 28 -1 0
2  22 -1 18 1 19 -1 20 -1 10 -1 11 -1 12 -1 16 -1 3 -1 2 -1 29 -1 28 -1 0
2  18 1 19 -1 20 -1 10 -1 11 -1 12 -1 4 -1 3 -1 2 -1 29 -1 28 -1 0
2  22 -1 18 1 19 -1 20 -1 10 -1 11 -1 12 -1 4 -1 3 -1 2 -1 29 -1 28 -1 0
2  2 1 3 1 16 1 0
2  2 1 3 1 13 1 0
Curve2ds 36
1 334.16119246900399276 -176.41583672588279796 -0.86602540378443837 0.50000000000000067 
1 -14.29999999999995453 377.60000000000007958 0.00000000000000000 -1.00000000000000000 
1 -319.86119246900415192 -201.18416327411731004 0.86602540378443882 0.49999999999999978 
1 0.00000000000000000 0.00000000000000000 1.00000000000000000 0.00000000000000000 
1 0.00000000000000000 -0.29999999999999999 1.00000000000000000 0.00000000000000000 
1 0.00000000000000000 0.00000000000000000 1.00000000000000000 0.00000000000000000 
1 0.00000000000000000 -0.29999999999999999 1.00000000000000000 0.00000000000000000 
1 0.00000000000000000 0.00000000000000000 1.00000000000000000 0.00000000000000000 
1 0.00000000000000000 -0.29999999999999999 1.00000000000000000 0.00000000000000000 
1 0.00000000000000000 0.00000000000000000 1.00000000000000000 0.00000000000000000 
1 0.00000000000000000 -0.29999999999999999 1.00000000000000000 0.00000000000000000 
1 0.00000000000000000 0.00000000000000000 1.00000000000000000 0.00000000000000000 
1 0.00000000000000000 -0.29999999999999999 1.00000000000000000 0.00000000000000000 
1 0.00000000000000000 0.00000000000000000 1.00000000000000000 0.00000000000000000 
1 0.00000000000000000 -0.29999999999999999 1.00000000000000000 0.00000000000000000 
2 540.09933648387595895 300.27949192431128722 0.50000000000000067 0.86602540378443837 0.86602540378443837 -0.50000000000000067 515.79933648387600442
2 -530.09933648387573157 317.60000000000007958 -1.00000000000000000 0.00000000000000000 0.00000000000000000 1.00000000000000000 515.79933648387577705
2 -10.00000000000005684 -617.87949192431142365 0.49999999999999978 -0.86602540378443882 -0.86602540378443882 -0.49999999999999978 515.79933648387589074
1 14.29999999999995453 377.60000000000007958 0.00000000000000000 -1.00000000000000000 
1 -334.16119246900410644 -176.41583672588242848 0.86602540378443882 0.49999999999999978 
1 319.86119246900403823 -201.18416327411770794 -0.86602540378443837 0.50000000000000067 
1 0.00000000000000000 0.00000000000000000 1.00000000000000000 0.00000000000000000 
1 0.00000000000000000 -0.29999999999999999 1.00000000000000000 0.00000000000000000 
1 0.00000000000000000 0.00000000000000000 1.00000000000000000 0.00000000000000000 
1 0.00000000000000000 -0.29999999999999999 1.00000000000000000 0.00000000000000000 
1 0.00000000000000000 0.00000000000000000 1.00000000000000000 0.00000000000000000 
1 0.00000000000000000 -0.29999999999999999 1.00000000000000000 0.00000000000000000 
1 0.00000000000000000 0.00000000000000000 1.00000000000000000 0.00000000000000000 
1 0.00000000000000000 -0.29999999999999999 1.00000000000000000 0.00000000000000000 
1 0.00000000000000000 0.00000000000000000 1.00000000000000000 0.00000000000000000 
1 0.00000000000000000 -0.29999999999999999 1.00000000000000000 0.00000000000000000 
1 0.00000000000000000 0.00000000000000000 1.00000000000000000 0.00000000000000000 
1 0.00000000000000000 -0.29999999999999999 1.00000000000000000 0.00000000000000000 
2 530.09933648387573157 317.60000000000007958 1.00000000000000000 0.00000000000000000 -0.00000000000000000 1.00000000000000000 515.79933648387577705
2 -540.09933648387550420 300.27949192431168512 -0.49999999999999978 0.86602540378443882 -0.86602540378443882 -0.49999999999999978 515.79933648387577705
2 9.99999999999943334 -617.87949192431153733 -0.50000000000000067 -0.86602540378443837 0.86602540378443837 -0.50000000000000067 515.79933648387611811
Curves 8
1 0.00000000000000000 377.60000000000002274 0.00000000000000000 -1.00000000000000000 -0.00000000000000000 -0.00000000000000000 
1 -14.29999999999995453 377.60000000000002274 0.00000000000000000 -0.00000000000000000 -1.00000000000000000 -0.00000000000000000 
2 -530.09933648387573157 317.60000000000002274 0.00000000000000000 0.00000000000000000 0.00000000000000000 -1.00000000000000000 -1.00000000000000000 -0.00000000000000000 -0.00000000000000000 -0.00000000000000000 1.00000000000000000 0.00000000000000000 515.79933648387577705
1 -88.40400783368164639 51.04007772021786593 0.00000000000000000 0.50000000000000211 0.86602540378443749 -0.00000000000000000 
1 0.00000000000000000 377.60000000000002274 0.00000000000000000 1.00000000000000000 0.00000000000000000 0.00000000000000000 
1 14.29999999999995453 377.60000000000002274 0.00000000000000000 0.00000000000000000 -1.00000000000000000 0.00000000000000000 
2 530.09933648387573157 317.60000000000002274 0.00000000000000000 0.00000000000000000 0.00000000000000000 1.00000000000000000 1.00000000000000000 0.00000000000000000 -0.00000000000000000 -0.00000000000000000 1.00000000000000000 0.00000000000000000 515.79933648387577705
1 88.40400783368164639 51.04007772021786593 0.00000000000000000 -0.50000000000000211 0.86602540378443749 0.00000000000000000 
Polygon3D 0
PolygonOnTriangulations 0
Surfaces 13
1 0.00000000000000021 -0.00000000000006016 0.00000000000000000 0.00000000000000000 0.00000000000000000 1.00000000000000000 1.00000000000000000 0.00000000000000000 -0.00000000000000000 -0.00000000000000000 1.00000000000000000 0.00000000000000000 
1 334.16119246900399276 -176.41583672588285481 0.00000000000000000 -0.50000000000000067 -0.86602540378443837 0.00000000000000000 -0.86602540378443837 0.50000000000000067 0.00000000000000000 -0.00000000000000000 0.00000000000000000 -1.00000000000000000 
1 -319.86119246900415192 -201.18416327411736688 0.00000000000000000 -0.49999999999999978 0.86602540378443882 0.00000000000000000 0.86602540378443882 0.49999999999999978 -0.00000000000000000 -0.00000000000000000 0.00000000000000000 -1.00000000000000000 
1 -14.29999999999995453 377.60000000000002274 0.00000000000000000 1.00000000000000000 0.00000000000000000 0.00000000000000000 0.00000000000000000 -1.00000000000000000 0.00000000000000000 0.00000000000000000 0.00000000000000000 -1.00000000000000000 
2 540.09933648387595895 300.27949192431123038 0.00000000000000000 0.00000000000000000 -0.00000000000000000 -1.00000000000000000 0.50000000000000067 0.86602540378443837 0.00000000000000000 0.86602540378443837 -0.50000000000000067 0.00000000000000000 515.79933648387589074
2 -530.09933648387573157 317.60000000000002274 0.00000000000000000 0.00000000000000000 0.00000000000000000 -1.00000000000000000 -1.00000000000000000 -0.00000000000000000 -0.00000000000000000 -0.00000000000000000 1.00000000000000000 0.00000000000000000 515.79933648387577705
2 -10.00000000000005684 -617.87949192431153733 0.00000000000000000 -0.00000000000000000 0.00000000000000000 -1.00000000000000000 0.49999999999999978 -0.86602540378443882 -0.00000000000000000 -0.86602540378443882 -0.49999999999999978 0.00000000000000000 515.79933648387577705
1 319.86119246900403823 -201.18416327411776479 0.00000000000000000 -0.50000000000000067 -0.86602540378443837 0.00000000000000000 -0.86602540378443837 0.50000000000000067 0.00000000000000000 -0.00000000000000000 0.00000000000000000 -1.00000000000000000 
1 -334.16119246900410644 -176.41583672588248533 0.00000000000000000 -0.49999999999999978 0.86602540378443882 0.00000000000000000 0.86602540378443882 0.49999999999999978 0.00000000000000000 0.00000000000000000 0.00000000000000000 -1.00000000000000000 
1 14.29999999999995453 377.60000000000002274 0.00000000000000000 1.00000000000000000 0.00000000000000000 -0.00000000000000000 0.00000000000000000 -1.00000000000000000 0.00000000000000000 0.00000000000000000 -0.00000000000000000 -1.00000000000000000 
2 530.09933648387573157 317.60000000000002274 0.00000000000000000 -0.00000000000000000 -0.00000000000000000 -1.00000000000000000 1.00000000000000000 0.00000000000000000 0.00000000000000000 -0.00000000000000000 1.00000000000000000 -0.00000000000000000 515.79933648387577705
2 -540.09933648387550420 300.27949192431162828 0.00000000000000000 -0.00000000000000000 -0.00000000000000000 -1.00000000000000000 -0.49999999999999978 0.86602540378443882 0.00000000000000000 -0.86602540378443882 -0.49999999999999978 0.00000000000000000 515.79933648387577705
2 9.99999999999943334 -617.87949192431165102 0.00000000000000000 -0.00000000000000000 -0.00000000000000000 -1.00000000000000000 -0.50000000000000067 -0.86602540378443837 0.00000000000000000 0.86602540378443837 -0.50000000000000067 -0.00000000000000000 515.79933648387589074
Triangulations 0

TShapes 22
Ve
0.000000100000070
-0.000000000000028 377.600000000000250 0.000000000000000
0 0

0101101
*
Ve
0.000000100000000
-14.299999999999955 377.600000000000023 0.000000000000000
0 0

0101101
*
Ed
 0.000000100000000 1 1 0
1  1 0 0.000000000000000 14.299999999999955
0

0101000
+22 9 -21 9 *
Ve
0.000000100000000
-14.299999999999955 317.600000000000080 0.000000000000000
0 0

0101101
*
Ed
 0.000000100000000 1 1 0
1  2 0 0.000000000000000 59.999999999999943
2  1 1 14 0.000000000000000 59.999999999999943
2  2 1 15 0.000000000000000 59.999999999999943
2  3 1 17 0.000000000000000 59.999999999999943
2  4 2 21 0.000000000000000 59.999999999999943
2  5 2 23 0.000000000000000 59.999999999999943
2  6 3 24 0.000000000000000 59.999999999999943
2  7 3 25 0.000000000000000 59.999999999999943
2  8 4 26 0.000000000000000 59.999999999999943
2  9 4 27 0.000000000000000 59.999999999999943
0

0101000
+21 9 -19 9 *
Ve
0.000000100000000
-83.404007833681590 59.700331758062305 0.000000000000000
0 0

0101101
*
Ed
 0.000000100000000 1 1 0
1  3 0 3.141592653589793 3.665191429188092
2  10 5 21 3.141592653589793 3.665191429188092
2  11 5 23 3.141592653589793 3.665191429188092
2  12 6 26 3.141592653589793 3.665191429188092
2  13 6 27 3.141592653589793 3.665191429188092
2  14 7 24 3.141592653589793 3.665191429188092
2  15 7 25 3.141592653589793 3.665191429188092
2  16 1 14 3.141592653589793 3.665191429188092
2  17 1 15 3.141592653589793 3.665191429188092
2  18 1 17 3.141592653589793 3.665191429188092
0

0101000
+19 9 -17 9 *
Ve
0.000000100000154
-88.404007833681661 51.040077720218029 0.000000000000000
0 0

0101101
*
Ed
 0.000000100000000 1 1 0
1  4 0 0.000000000000000 10.000000000000075
0

0101000
+15 9 -17 9 *
Wi

0101000
+20 0 +18 0 +16 0 -14 0 *
Ve
0.000000100000064
0.000000000000000 377.600000000000136 0.000000000000000
0 0

0101101
*
Ve
0.000000100000000
14.299999999999955 377.600000000000023 0.000000000000000
0 0

0101101
*
Ed
 0.000000100000000 1 1 0
1  5 0 0.000000000000000 14.299999999999955
0

0101000
+12 31 -11 31 *
Ve
0.000000100000000
14.299999999999955 317.600000000000080 0.000000000000000
0 0

0101101
*
Ed
 0.000000100000000 1 1 0
1  6 0 0.000000000000000 59.999999999999943
2  19 1 32 0.000000000000000 59.999999999999943
2  20 1 33 0.000000000000000 59.999999999999943
2  21 1 34 0.000000000000000 59.999999999999943
2  22 8 35 0.000000000000000 59.999999999999943
2  23 8 36 0.000000000000000 59.999999999999943
2  24 9 37 0.000000000000000 59.999999999999943
2  25 9 38 0.000000000000000 59.999999999999943
2  26 10 39 0.000000000000000 59.999999999999943
2  27 10 40 0.000000000000000 59.999999999999943
0

0101000
+11 31 -9 31 *
Ve
0.000000100000000
83.404007833681646 59.700331758062347 0.000000000000000
0 0

0101101
*
Ed
 0.000000100000000 1 1 0
1  7 0 3.141592653589793 3.665191429188092
2  28 11 39 3.141592653589793 3.665191429188092
2  29 11 40 3.141592653589793 3.665191429188092
2  30 12 37 3.141592653589793 3.665191429188092
2  31 12 38 3.141592653589793 3.665191429188092
2  32 13 35 3.141592653589793 3.665191429188092
2  33 13 36 3.141592653589793 3.665191429188092
2  34 1 32 3.141592653589793 3.665191429188092
2  35 1 33 3.141592653589793 3.665191429188092
2  36 1 34 3.141592653589793 3.665191429188092
0

0101000
+9 31 -7 31 *
Ve
0.000000100000115
88.404007833681746 51.040077720217816 0.000000000000000
0 0

0101101
*
Ed
 0.000000100000000 1 1 0
1  8 0 0.000000000000000 10.000000000000075
0

0101000
+5 31 -7 31 *
Wi

0101000
+10 0 +8 0 +6 0 -4 0 *
Co

0100000
+13 8 +3 30 *
Co

0100000
+2 5 +2 41 +2 42 *

+1 1 