
CASCADE Topology V1, (c) Matra-Datavision
Locations 8
1
1.000000000000000 0.000000000000000 0.000000000000000 0.000000000000000 
0.000000000000000 1.000000000000000 0.000000000000000 0.000000000000000 
0.000000000000000 0.000000000000000 1.000000000000000 0.000000000000000 
1
1.000000000000000 0.000000000000000 0.000000000000000 0.000000000000000 
0.000000000000000 1.000000000000000 0.000000000000000 0.000000000000000 
0.000000000000000 0.000000000000000 1.000000000000000 362.254517155593078 
1
1.000000000000000 0.000000000000000 0.000000000000000 0.000000000000000 
0.000000000000000 1.000000000000000 0.000000000000000 0.000000000000000 
0.000000000000000 0.000000000000000 1.000000000000000 0.000000000000000 
1
1.000000000000000 0.000000000000000 0.000000000000000 0.000000000000000 
0.000000000000000 1.000000000000000 0.000000000000000 0.000000000000000 
0.000000000000000 0.000000000000000 1.000000000000000 0.000000000000000 
1
1.000000000000000 0.000000000000000 0.000000000000000 0.000000000000000 
0.000000000000000 1.000000000000000 0.000000000000000 0.000000000000000 
0.000000000000000 0.000000000000000 1.000000000000000 0.000000000000000 
2  2 -1 3 1 4 -1 5 -1 0
1
1.000000000000000 0.000000000000000 0.000000000000000 -0.000000000000000 
0.000000000000000 1.000000000000000 0.000000000000000 -0.000000000000000 
0.000000000000000 0.000000000000000 1.000000000000000 -724.509034311186156 
2  7 -1 2 -1 3 1 4 -1 5 -1 0
Curve2ds 32
1 0.00000000000000000 0.00000000000000000 1.00000000000000000 0.00000000000000000 
1 0.00000000000000000 -724.50903431118615572 1.00000000000000000 0.00000000000000000 
1 0.00000000000000000 0.00000000000000000 1.00000000000000000 0.00000000000000000 
1 0.00000000000000000 -724.50903431118615572 1.00000000000000000 0.00000000000000000 
1 0.00000000000000000 0.00000000000000000 1.00000000000000000 0.00000000000000000 
1 -0.00000000000000000 -724.50903431118615572 1.00000000000000000 0.00000000000000000 
1 0.00000000000000000 0.00000000000000000 1.00000000000000000 0.00000000000000000 
1 0.00000000000000000 -724.50903431118615572 1.00000000000000000 0.00000000000000000 
1 0.00000000000000000 0.00000000000000000 1.00000000000000000 0.00000000000000000 
1 0.00000000000000000 -724.50903431118615572 1.00000000000000000 0.00000000000000000 
1 0.00000000000000000 0.00000000000000000 1.00000000000000000 0.00000000000000000 
1 0.00000000000000000 -724.50903431118615572 1.00000000000000000 0.00000000000000000 
1 0.00000000000000000 0.00000000000000000 1.00000000000000000 0.00000000000000000 
1 0.00000000000000000 -724.50903431118615572 1.00000000000000000 0.00000000000000000 
1 0.00000000000000000 0.00000000000000000 1.00000000000000000 0.00000000000000000 
1 0.00000000000000000 -724.50903431118615572 1.00000000000000000 0.00000000000000000 
1 0.00000000000000000 0.00000000000000000 1.00000000000000000 0.00000000000000000 
1 0.00000000000000000 -724.50903431118615572 1.00000000000000000 0.00000000000000000 
1 0.00000000000000000 0.00000000000000000 1.00000000000000000 0.00000000000000000 
1 0.00000000000000000 -724.50903431118615572 1.00000000000000000 0.00000000000000000 
1 0.00000000000000000 0.00000000000000000 1.00000000000000000 0.00000000000000000 
1 0.00000000000000000 -724.50903431118615572 1.00000000000000000 0.00000000000000000 
1 0.00000000000000000 0.00000000000000000 1.00000000000000000 0.00000000000000000 
1 0.00000000000000000 -724.50903431118615572 1.00000000000000000 0.00000000000000000 
1 0.00000000000000000 0.00000000000000000 1.00000000000000000 0.00000000000000000 
1 0.00000000000000000 -724.50903431118615572 1.00000000000000000 0.00000000000000000 
1 0.00000000000000000 0.00000000000000000 1.00000000000000000 0.00000000000000000 
1 0.00000000000000000 -724.50903431118615572 1.00000000000000000 0.00000000000000000 
1 0.00000000000000000 0.00000000000000000 1.00000000000000000 0.00000000000000000 
1 -0.00000000000000000 -724.50903431118615572 1.00000000000000000 0.00000000000000000 
1 0.00000000000000000 0.00000000000000000 1.00000000000000000 0.00000000000000000 
1 0.00000000000000000 -724.50903431118615572 1.00000000000000000 0.00000000000000000 
Curves 16
1 1.50000000000000488 180.50555349946515094 0.00000000000000000 -0.86602540378443649 0.50000000000000377 0.00000000000000000 
2 0.00000000000000000 177.90747728811183492 0.00000000000000000 0.00000000000000000 0.00000000000000000 1.00000000000000000 1.00000000000000000 0.00000000000000000 -0.00000000000000000 -0.00000000000000000 1.00000000000000000 0.00000000000000000 3.00000000000000000
1 0.00000000000000355 181.37157890324959908 0.00000000000000000 -0.00000000000000726 -1.00000000000000000 0.00000000000000000 
1 41.60000000000000142 152.15765528225452385 0.00000000000000000 0.00000000000000000 1.00000000000000000 0.00000000000000000 
2 38.60000000000000142 152.15765528225452385 0.00000000000000000 0.00000000000000000 0.00000000000000000 1.00000000000000000 1.00000000000000000 0.00000000000000000 -0.00000000000000000 -0.00000000000000000 1.00000000000000000 0.00000000000000000 3.00000000000000000
1 41.60000000000000142 153.88970608982339172 0.00000000000000000 -0.86602540378443527 0.50000000000000588 0.00000000000000000 
1 40.62774137686658094 -112.66012503947587220 0.00000000000000000 0.43011493384187993 0.90277413769236614 0.00000000000000000 
2 31.60000000000005471 -108.35897570093715103 0.00000000000000000 0.00000000000000000 0.00000000000000000 1.00000000000000000 1.00000000000000000 0.00000000000000000 -0.00000000000000000 -0.00000000000000000 1.00000000000000000 0.00000000000000000 10.00000000000000000
1 41.59999999996674092 -110.61943807182483113 0.00000000000000000 0.00000000000000000 1.00000000000000000 0.00000000000000000 
2 11.50000000000001599 -162.74759890374713223 0.00000000000000000 0.00000000000000000 0.00000000000000000 1.00000000000000000 1.00000000000000000 0.00000000000000000 -0.00000000000000000 -0.00000000000000000 1.00000000000000000 0.00000000000000000 4.75240109625286333
1 14.50000000000001066 -167.50000000000000000 0.00000000000000000 0.43011493384039179 0.90277413769307513 0.00000000000000000 
1 11.50000000000001066 -167.50000000000000000 0.00000000000000000 1.00000000000000000 0.00000000000000000 0.00000000000000000 
1 15.49999999999984013 168.95854811567275533 0.00000000000000000 0.50000000000006428 0.86602540378440163 0.00000000000000000 
1 16.99999999999998224 171.55662432702587239 0.00000000000000000 0.86602540378435910 -0.50000000000013789 0.00000000000000000 
1 19.59807621135244204 170.05662432702581555 0.00000000000000000 -0.44128542598000259 -0.89736679948483034 0.00000000000000000 
2 16.88564064605490600 168.15854811567285765 0.00000000000000000 0.00000000000000000 0.00000000000000000 1.00000000000000000 1.00000000000000000 0.00000000000000000 -0.00000000000000000 -0.00000000000000000 1.00000000000000000 0.00000000000000000 1.59999999999991460
Polygon3D 0
PolygonOnTriangulations 0
Surfaces 16
1 1.50000000000000488 180.50555349946515094 362.25451715559307786 0.50000000000000377 0.86602540378443649 -0.00000000000000000 -0.86602540378443649 0.50000000000000377 0.00000000000000000 0.00000000000000000 0.00000000000000000 1.00000000000000000 
2 0.00000000000000000 177.90747728811183492 362.25451715559307786 0.00000000000000000 0.00000000000000000 1.00000000000000000 1.00000000000000000 0.00000000000000000 -0.00000000000000000 -0.00000000000000000 1.00000000000000000 0.00000000000000000 3.00000000000000000
1 0.00000000000000355 181.37157890324959908 362.25451715559307786 -1.00000000000000000 0.00000000000000726 0.00000000000000000 -0.00000000000000726 -1.00000000000000000 0.00000000000000000 0.00000000000000000 0.00000000000000000 1.00000000000000000 
1 41.60000000000000142 152.15765528225452385 362.25451715559307786 1.00000000000000000 0.00000000000000000 0.00000000000000000 -0.00000000000000000 1.00000000000000000 0.00000000000000000 0.00000000000000000 -0.00000000000000000 1.00000000000000000 
2 38.60000000000000142 152.15765528225452385 362.25451715559307786 0.00000000000000000 0.00000000000000000 1.00000000000000000 1.00000000000000000 0.00000000000000000 -0.00000000000000000 -0.00000000000000000 1.00000000000000000 0.00000000000000000 3.00000000000000000
1 41.60000000000000142 153.88970608982339172 362.25451715559307786 0.50000000000000588 0.86602540378443527 -0.00000000000000000 -0.86602540378443527 0.50000000000000588 0.00000000000000000 0.00000000000000000 0.00000000000000000 1.00000000000000000 
1 40.62774137686658094 -112.66012503947587220 362.25451715559307786 0.90277413769236614 -0.43011493384187993 0.00000000000000000 0.43011493384187993 0.90277413769236614 0.00000000000000000 -0.00000000000000000 0.00000000000000000 1.00000000000000000 
2 31.60000000000005471 -108.35897570093715103 362.25451715559307786 0.00000000000000000 0.00000000000000000 1.00000000000000000 1.00000000000000000 0.00000000000000000 -0.00000000000000000 -0.00000000000000000 1.00000000000000000 0.00000000000000000 10.00000000000000000
1 41.59999999996674092 -110.61943807182483113 362.25451715559307786 1.00000000000000000 0.00000000000000000 0.00000000000000000 -0.00000000000000000 1.00000000000000000 0.00000000000000000 0.00000000000000000 -0.00000000000000000 1.00000000000000000 
2 11.50000000000001599 -162.74759890374713223 362.25451715559307786 0.00000000000000000 0.00000000000000000 1.00000000000000000 1.00000000000000000 0.00000000000000000 -0.00000000000000000 -0.00000000000000000 1.00000000000000000 0.00000000000000000 4.75240109625286333
1 14.50000000000001066 -167.50000000000000000 362.25451715559307786 0.90277413769307513 -0.43011493384039179 0.00000000000000000 0.43011493384039179 0.90277413769307513 0.00000000000000000 -0.00000000000000000 0.00000000000000000 1.00000000000000000 
1 11.50000000000001066 -167.50000000000000000 362.25451715559307786 0.00000000000000000 -1.00000000000000000 0.00000000000000000 1.00000000000000000 0.00000000000000000 0.00000000000000000 -0.00000000000000000 0.00000000000000000 1.00000000000000000 
1 15.49999999999984013 168.95854811567275533 362.25451715559307786 0.86602540378440163 -0.50000000000006428 0.00000000000000000 0.50000000000006428 0.86602540378440163 0.00000000000000000 -0.00000000000000000 0.00000000000000000 1.00000000000000000 
1 16.99999999999998224 171.55662432702587239 362.25451715559307786 -0.50000000000013789 -0.86602540378435910 0.00000000000000000 0.86602540378435910 -0.50000000000013789 0.00000000000000000 0.00000000000000000 0.00000000000000000 1.00000000000000000 
1 19.59807621135244204 170.05662432702581555 362.25451715559307786 -0.89736679948483034 0.44128542598000259 0.00000000000000000 -0.44128542598000259 -0.89736679948483034 0.00000000000000000 0.00000000000000000 0.00000000000000000 1.00000000000000000 
2 16.88564064605490600 168.15854811567285765 362.25451715559307786 0.00000000000000000 0.00000000000000000 1.00000000000000000 1.00000000000000000 0.00000000000000000 -0.00000000000000000 -0.00000000000000000 1.00000000000000000 0.00000000000000000 1.59999999999991460
Triangulations 0

TShapes 38
Ve
0.000000100000000
1.500000000000005 180.505553499465151 0.000000000000000
0 0

0101101
*
Ve
0.000000100000000
0.000000000000004 181.371578903249599 0.000000000000000
0 0

0101101
*
Ed
 0.000000100000000 1 1 0
1  1 0 0.000000000000000 1.732050807568883
2  1 1 6 0.000000000000000 1.732050807568883
2  2 1 8 0.000000000000000 1.732050807568883
0

0101000
+38 0 -37 0 *
Ve
0.000000100000000
0.000000000000000 180.907477288111835 0.000000000000000
0 0

0101101
*
Ed
 0.000000100000000 1 1 0
1  2 0 1.047197551196596 1.570796326794897
2  3 2 6 1.047197551196596 1.570796326794897
2  4 2 8 1.047197551196596 1.570796326794897
0

0101000
+38 0 -35 0 *
Ed
 0.000000100000000 1 1 0
1  3 0 0.000000000000000 0.464101615137764
2  5 3 6 0.000000000000000 0.464101615137764
2  6 3 8 0.000000000000000 0.464101615137764
0

0101000
+37 0 -35 0 *
Wi

0101100
-36 0 +34 0 -33 0 *
Ve
0.000000100000000
41.600000000000001 152.157655282254524 0.000000000000000
0 0

0101101
*
Ve
0.000000100000000
41.600000000000001 153.889706089823392 0.000000000000000
0 0

0101101
*
Ed
 0.000000100000000 1 1 0
1  4 0 0.000000000000000 1.732050807568868
2  7 4 6 0.000000000000000 1.732050807568868
2  8 4 8 0.000000000000000 1.732050807568868
0

0101000
+31 0 -30 0 *
Ve
0.000000100000000
40.100000000000009 154.755731493607840 0.000000000000000
0 0

0101101
*
Ed
 0.000000100000000 1 1 0
1  5 0 -0.000000000000004 1.047197551196596
2  9 5 6 -0.000000000000004 1.047197551196596
2  10 5 8 -0.000000000000004 1.047197551196596
0

0101000
+31 0 -28 0 *
Ed
 0.000000100000000 1 1 0
1  6 0 0.000000000000000 1.732050807568876
2  11 6 6 0.000000000000000 1.732050807568876
2  12 6 8 0.000000000000000 1.732050807568876
0

0101000
+30 0 -28 0 *
Wi

0101100
-29 0 +27 0 -26 0 *
Ve
0.000000100000000
40.627741376866581 -112.660125039475872 0.000000000000000
0 0

0101101
*
Ve
0.000000100000000
41.599999999966741 -110.619438071824831 0.000000000000000
0 0

0101101
*
Ed
 0.000000100000000 1 1 0
1  7 0 0.000000000000000 2.260462370873141
2  13 7 6 0.000000000000000 2.260462370873141
2  14 7 8 0.000000000000000 2.260462370873141
0

0101000
+24 0 -23 0 *
Ve
0.000000100000000
41.599999999966741 -108.358949889400279 0.000000000000000
0 0

0101101
*
Ed
 0.000000100000000 1 1 0
1  8 0 5.838565222245146 6.283187888333274
2  15 8 6 5.838565222245146 6.283187888333274
2  16 8 8 5.838565222245146 6.283187888333274
0

0101000
+24 0 -21 0 *
Ed
 0.000000100000000 1 1 0
1  9 0 0.000000000000000 2.260488182424552
2  17 9 6 0.000000000000000 2.260488182424552
2  18 9 8 0.000000000000000 2.260488182424552
0

0101000
+23 0 -21 0 *
Wi

0101100
-22 0 +20 0 -19 0 *
Ve
0.000000100000000
11.500000000000011 -167.500000000000000 0.000000000000000
0 0

0101101
*
Ve
0.000000100000000
15.790333254159815 -164.791701823836036 0.000000000000000
0 0

0101101
*
Ed
 0.000000100000000 1 1 0
1  10 0 4.712388980384689 5.838559573058245
2  19 10 6 4.712388980384689 5.838559573058245
2  20 10 8 4.712388980384689 5.838559573058245
0

0101000
+17 0 -16 0 *
Ve
0.000000100000000
14.500000000000011 -167.500000000000000 0.000000000000000
0 0

0101101
*
Ed
 0.000000100000000 1 1 0
1  11 0 0.000000000000000 2.999973152847153
2  21 11 6 0.000000000000000 2.999973152847153
2  22 11 8 0.000000000000000 2.999973152847153
0

0101000
+14 0 -16 0 *
Ed
 0.000000100000000 1 1 0
1  12 0 0.000000000000000 3.000000000000000
2  23 12 6 0.000000000000000 3.000000000000000
2  24 12 8 0.000000000000000 3.000000000000000
0

0101000
+17 0 -14 0 *
Wi

0101100
+15 0 -13 0 -12 0 *
Ve
0.000000100000000
15.499999999999840 168.958548115672755 0.000000000000000
0 0

0101101
*
Ve
0.000000100000000
16.999999999999982 171.556624327025872 0.000000000000000
0 0

0101101
*
Ed
 0.000000100000000 1 1 0
1  13 0 0.000000000000000 2.999999999999899
2  25 13 6 0.000000000000000 2.999999999999899
2  26 13 8 0.000000000000000 2.999999999999899
0

0101000
+10 0 -9 0 *
Ve
0.000000100000000
19.598076211352442 170.056624327025816 0.000000000000000
0 0

0101101
*
Ed
 0.000000100000000 1 1 0
1  14 0 0.000000000000000 2.999999999999287
2  27 14 6 0.000000000000000 2.999999999999287
2  28 14 8 0.000000000000000 2.999999999999287
0

0101000
+9 0 -7 0 *
Ve
0.000000100000000
18.271281292109922 167.358548115672875 0.000000000000000
0 0

0101101
*
Ed
 0.000000100000000 1 1 0
1  15 0 0.000000000000000 3.006659275673984
2  29 15 6 0.000000000000000 3.006659275673984
2  30 15 8 0.000000000000000 3.006659275673984
0

0101000
+7 0 -5 0 *
Ed
 0.000000100000000 1 1 0
1  16 0 2.617993877991541 5.759586531581275
2  31 16 6 2.617993877991541 5.759586531581275
2  32 16 8 2.617993877991541 5.759586531581275
0

0101000
+10 0 -5 0 *
Wi

0101100
+8 0 +6 0 +4 0 -3 0 *
Co

1100000
+32 0 +25 0 +18 0 +11 0 +2 0 *

+1 1 