
CASCADE Topology V1, (c) Matra-Datavision
Locations 102
1
1.000000000000000 0.000000000000000 0.000000000000000 0.000000000000000 
0.000000000000000 1.000000000000000 0.000000000000000 0.000000000000000 
0.000000000000000 0.000000000000000 1.000000000000000 0.000000000000000 
1
1.000000000000000 0.000000000000000 0.000000000000000 0.000000000000000 
0.000000000000000 1.000000000000000 0.000000000000000 0.000000000000000 
0.000000000000000 0.000000000000000 1.000000000000000 0.000000000000000 
1
1.000000000000000 0.000000000000000 0.000000000000000 0.000000000000000 
0.000000000000000 1.000000000000000 0.000000000000000 0.000000000000000 
0.000000000000000 0.000000000000000 1.000000000000000 0.000000000000000 
2  2 1 3 -1 0
1
1.000000000000000 0.000000000000000 0.000000000000000 0.000000000000000 
0.000000000000000 1.000000000000000 0.000000000000000 0.000000000000000 
0.000000000000000 0.000000000000000 1.000000000000000 0.000000000000000 
1
1.000000000000000 0.000000000000000 0.000000000000000 0.000000000000000 
0.000000000000000 1.000000000000000 0.000000000000000 0.000000000000000 
0.000000000000000 0.000000000000000 1.000000000000000 0.000000000000000 
2  5 1 6 1 0
1
1.000000000000000 0.000000000000000 0.000000000000000 0.000000000000000 
0.000000000000000 1.000000000000000 0.000000000000000 0.000000000000000 
0.000000000000000 0.000000000000000 1.000000000000000 0.000000000000000 
1
1.000000000000000 0.000000000000000 0.000000000000000 0.000000000000000 
0.000000000000000 0.993288078374917 -0.115666734017457 0.000000000000000 
0.000000000000000 0.115666734017457 0.993288078374917 0.000000000000000 
1
1.000000000000000 0.000000000000000 0.000000000000000 0.000000000000000 
0.000000000000000 0.993288078374917 -0.115666734017457 0.000000000000000 
0.000000000000000 0.115666734017457 0.993288078374917 0.000000000000000 
1
1.000000000000000 0.000000000000000 0.000000000000000 0.000000000000000 
0.000000000000000 0.993288078374917 -0.115666734017457 0.000000000000000 
0.000000000000000 0.115666734017457 0.993288078374917 0.000000000000000 
2  8 1 9 1 10 -1 11 1 5 1 6 1 0
2  11 -1 10 1 9 -1 8 -1 0
2  9 -1 8 -1 0
2  6 -1 5 -1 11 -1 10 1 9 -1 8 -1 0
1
0.722169641273486 0.532611570807279 -0.441356912107569 -0.292035267998157 
0.416944836789821 0.173942993736566 0.892132746851202 -0.140071279647005 
0.551931166267348 -0.828292671446612 -0.096453295073839 5.546590692209772 
2  16 1 5 1 6 1 0
2  16 -1 0
2  5 -1 16 -1 0
2  6 -1 5 -1 16 -1 0
2  6 -1 5 -1 0
2  10 -1 11 1 5 1 6 1 0
1
1.000000000000000 0.000000000000000 0.000000000000000 -0.000000000000000 
0.000000000000000 1.000000000000000 0.000000000000000 -0.057833367008729 
0.000000000000000 0.000000000000000 1.000000000000000 0.496644039187458 
2  23 -1 0
2  10 1 9 -1 8 -1 0
2  6 1 2 1 3 -1 0
2  16 1 5 1 6 1 2 1 3 -1 0
1
1.000000000000000 0.000000000000000 0.000000000000000 -1.889530569913739 
0.000000000000000 1.000000000000000 0.000000000000000 3.228977330332622 
0.000000000000000 0.000000000000000 1.000000000000000 0.376009004987787 
1
0.722169641273486 0.532611570807279 -0.441356912107569 -0.292035267998131 
0.416944836789821 0.173942993736566 0.892132746851202 -0.140071279646975 
0.551931166267348 -0.828292671446612 -0.096453295073839 5.546590692209769 
2  28 1 29 1 2 1 3 -1 0
2  6 1 29 -1 28 -1 0
1
1.000000000000000 0.000000000000000 0.000000000000000 -0.250000000000000 
0.000000000000000 1.000000000000000 0.000000000000000 0.433012701892219 
0.000000000000000 0.000000000000000 1.000000000000000 0.000000000000001 
2  32 -1 29 -1 28 -1 0
2  29 -1 28 -1 0
2  6 1 32 -1 29 -1 28 -1 0
2  3 1 2 -1 29 -1 28 -1 0
1
0.722169641273486 0.532611570807279 -0.441356912107569 -0.292035267998157 
0.416944836789821 0.173942993736566 0.892132746851202 -0.140071279647005 
0.551931166267348 -0.828292671446612 -0.096453295073839 5.546590692209772 
2  37 1 5 1 6 1 2 1 3 -1 0
2  5 -1 37 -1 0
2  3 1 2 -1 6 -1 5 -1 37 -1 0
2  6 -1 5 -1 37 -1 0
2  6 -1 0
1
1.000000000000000 0.000000000000000 0.000000000000000 0.250000000000029 
0.000000000000000 1.000000000000000 0.000000000000000 -0.433012701892203 
0.000000000000000 0.000000000000000 1.000000000000000 0.000000000000000 
2  43 1 6 1 2 1 3 -1 0
2  43 -1 0
2  6 -1 43 -1 0
2  11 1 5 1 0
2  11 -1 0
2  6 -1 5 -1 11 -1 0
2  16 1 5 1 0
1
1.000000000000000 0.000000000000000 0.000000000000000 0.000000000000000 
0.000000000000000 1.000000000000000 0.000000000000000 -0.000000000000000 
0.000000000000000 0.000000000000000 1.000000000000000 0.500000000000000 
2  10 -1 51 1 11 1 5 1 6 1 23 -1 0
1
0.722169641273486 -0.532611570807279 0.441356912107569 0.292035267998169 
-0.416944836789821 0.173942993736566 0.892132746851202 -0.140071279646988 
-0.551931166267348 -0.828292671446612 -0.096453295073839 5.546590692209795 
2  53 1 5 1 6 1 0
2  53 -1 0
2  5 -1 53 -1 0
2  6 -1 5 -1 53 -1 0
2  5 1 6 1 2 1 3 -1 0
2  8 1 9 1 10 -1 11 1 0
2  8 1 9 1 10 -1 51 1 11 1 0
2  51 -1 10 1 9 -1 8 -1 0
2  6 -1 5 -1 11 -1 51 -1 10 1 9 -1 8 -1 0
2  11 1 5 1 6 1 2 1 3 -1 0
2  8 1 9 1 10 -1 0
2  8 1 9 1 10 -1 51 1 0
2  28 1 29 1 32 1 2 1 3 -1 0
2  3 1 2 -1 32 -1 29 -1 28 -1 0
2  8 1 9 1 10 -1 51 1 11 1 5 1 6 1 0
2  11 -1 51 -1 10 1 9 -1 8 -1 0
1
1.000000000000000 0.000000000000000 0.000000000000000 0.000000000000000 
0.000000000000000 1.000000000000000 0.000000000000000 -0.057833367008727 
0.000000000000000 0.000000000000000 1.000000000000000 0.496644039187459 
2  70 1 37 1 5 1 6 1 2 1 3 -1 0
2  70 -1 0
2  5 -1 37 -1 70 -1 0
2  3 1 2 -1 6 -1 5 -1 37 -1 70 -1 0
2  6 -1 5 -1 37 -1 70 -1 0
2  37 1 5 1 0
2  10 -1 51 1 11 1 5 1 6 1 0
1
1.000000000000000 0.000000000000000 0.000000000000000 -0.250000000000029 
0.000000000000000 1.000000000000000 0.000000000000000 -0.433012701892202 
0.000000000000000 0.000000000000000 1.000000000000000 0.000000000000000 
2  78 1 6 1 0
2  78 -1 0
2  6 -1 78 -1 0
1
0.722169641273486 -0.532611570807279 0.441356912107569 0.292035267998169 
-0.416944836789821 0.173942993736566 0.892132746851202 -0.140071279646988 
-0.551931166267348 -0.828292671446612 -0.096453295073839 5.546590692209795 
2  82 1 5 1 6 1 0
2  5 -1 82 -1 0
2  6 -1 5 -1 82 -1 0
1
1.000000000000000 0.000000000000000 0.000000000000000 1.889530569913742 
0.000000000000000 1.000000000000000 0.000000000000000 3.228977330332627 
0.000000000000000 0.000000000000000 1.000000000000000 0.376009004987787 
1
0.722169641273486 -0.532611570807279 0.441356912107569 0.292035267998131 
-0.416944836789821 0.173942993736566 0.892132746851202 -0.140071279646975 
-0.551931166267348 -0.828292671446612 -0.096453295073839 5.546590692209801 
2  86 1 87 1 0
2  6 1 87 -1 86 -1 0
2  87 -1 86 -1 0
1
1.000000000000000 0.000000000000000 0.000000000000000 0.250000000000000 
0.000000000000000 1.000000000000000 0.000000000000000 0.433012701892219 
0.000000000000000 0.000000000000000 1.000000000000000 0.000000000000001 
2  91 -1 87 -1 86 -1 0
2  53 1 5 1 0
2  86 1 87 1 91 1 0
2  6 1 91 -1 87 -1 86 -1 0
2  82 1 5 1 0
1
1.000000000000000 0.000000000000000 0.000000000000000 0.000000000000057 
0.000000000000000 1.000000000000000 0.000000000000000 -0.057833367008755 
0.000000000000000 0.000000000000000 1.000000000000000 0.496644039187455 
2  97 1 82 1 5 1 6 1 0
2  97 -1 0
2  5 -1 82 -1 97 -1 0
2  91 1 6 -1 5 -1 82 -1 97 -1 0
2  6 -1 5 -1 82 -1 97 -1 0
Curve2ds 166
8 0.00000000000000000 340.46054136575651228
1 0.00000000000000000 340.46054136575651228 -0.00000000000000000 -1.00000000000000000 
1 -147.22963457891168559 0.00000000000000561 0.50252756108117813 -0.86456118947926575 
1 -0.00000000000001617 -1.00000000000000910 1.00000000000000000 0.00000000000000001 
7 0 0  4 5 2  6.28318530717958534 -4.60508184414027788  5.87964621019556777 -4.90467497423370258  5.44761783840297031 -5.01135268971187919  5.01558946661052119 -4.90467497423289078  4.61205036962642989 -4.60508184414025301 
 0.00000000000000000 5 3.82444268201868542 5
1 3.82444268201868542 0.00000000000000000 -1.00000000000000000 0.00000000000000000 
7 0 0  5 6 2  1.67113493755311904 335.85545952161623973  1.34830805997489045 335.61578893817551261  1.00847602729851360 335.49185735052606105  0.66265891025460810 335.49185735052515156  0.32282687757817691 335.61578893817551261  -0.00000000000003197 335.85545952161623973 
 0.00000000000000000 6 3.82444268201868542 6
1 1.67113493755309550 0.00000000000000000 0.00000000000000000 1.00000000000000000 
1 -166.91834867126408426 38.80328386031746390 0.99830927095351418 0.05812572174401813 
1 -0.00000000000003932 -0.99999999999995526 1.00000000000000000 -0.00000000000000001 
1 0.00000000000000000 0.00000000000000000 1.00000000000000000 0.00000000000000000 
2 0.00000000000000000 0.00000000000000000 -1.00000000000000000 0.00000000000000675 0.00000000000000675 1.00000000000000000 2.50000000000000622
1 0.00000000000000000 0.00000000000000000 1.00000000000000000 0.00000000000000000 
2 -0.00000000000000022 -0.00000000000000021 -0.00000000000000000 -1.00000000000000000 1.00000000000000000 -0.00000000000000000 6.00000000000000000
2 -149.40417910811910929 -0.00000000000005123 0.00000000000000000 -1.00000000000000000 -1.00000000000000000 -0.00000000000000000 6.00000000000000000
1 0.00000000000000000 0.00000000000000000 1.00000000000000000 0.00000000000000000 
1 0.00000000000000000 -0.49999999999999989 1.00000000000000000 0.00000000000000000 
1 -147.22963457891168559 0.00000000000000561 0.50252756108117824 0.86456118947926575 
8 0.00000000000000000 340.46054136575645543
1 0.00000000000000000 340.46054136575645543 -0.00000000000000000 -1.00000000000000000 
1 0.00000000000001597 -1.00000000000001266 -1.00000000000000000 -0.00000000000000001 
2 -3.77784494146529637 246.79810519257358692 0.00000000000000000 -1.00000000000000000 1.00000000000000000 0.00000000000000000 54.99999999999997158
1 0.00000000000000000 0.00000000000000000 1.00000000000000000 0.00000000000000000 
2 -779.31879615018499408 0.00000000000000561 0.00000000000000000 -1.00000000000000000 1.00000000000000000 0.00000000000000000 868.86305465254429237
1 0.00000000000000000 0.00000000000000000 1.00000000000000000 0.00000000000000000 
2 -3.77784494146529592 -246.79810519257358692 0.00000000000000000 -1.00000000000000000 1.00000000000000000 0.00000000000000000 55.00000000000000000
1 0.00000000000000000 0.00000000000000000 1.00000000000000000 0.00000000000000000 
1 3.82444268201868542 0.00000000000000000 0.00000000000000000 1.00000000000000000 
1 0.00000000000000000 0.00000000000000000 0.00000000000000000 1.00000000000000000 
7 0 0  1 2 2  -0.20781401505938213 0.00000000000000000  -0.20781401505938213 -0.49999999999999983 
 0.00000000000000000 2 1.00000000000000000 2
7 0 0  4 5 2  6.28318530717958623 -4.60508184414027610  5.87965281135306750 -4.90467007344105888  5.44761783840191249 -5.01139768141479180  5.01558286545427290 -4.90467007344116812  4.61205036962643078 -4.60508184414025123 
 0.00000000000000000 5 3.82444268201868542 5
1 3.82444268201868542 1.00000000000000000 -1.00000000000000000 0.00000000000000000 
7 0 0  7 8 2  1.67113493755309639 4.60508184414027610  1.44054493993794042 4.77627511802642690  1.20104149765072066 4.89235483510265112  0.95975352846471651 4.95097995398418789  0.71138140908840342 4.95097995398691637  0.47009343990205821 4.89235483510083213  0.23058999761585333 4.77627511802649529  -0.00000000000005684 4.60508184414025035 
 0.00000000000000000 8 3.82444268201868542 8
1 5.43795968421742604 0.00000000000000000 0.00000000000000000 -1.00000000000000000 
1 4.60508184414021926 0.00000000000000250 -0.00000000000000001 -1.00000000000000000 
7 0 0  1 2 2  0.00000000000000000 0.00000000000000000  0.00000000000000000 1.00000000000000000 
 0.00000000000000000 2 0.49999999999999989 2
2 173.94820923628066112 60.53316470255654735 -0.83388967357964416 -0.55193116626734773 0.55193116626734773 -0.83388967357964416 5.99999999999999911
1 0.00000000000000000 -0.49999999999999983 1.00000000000000000 0.00000000000000000 
1 -6.28318530717958623 0.00000000000000000 1.00000000000000000 0.00000000000000000 
2 173.94820923628066112 60.53316470255654735 -0.83388967357964416 -0.55193116626734773 0.55193116626734773 -0.83388967357964416 5.99999999999999911
1 0.00000000000000000 0.00000000000000000 1.00000000000000000 0.00000000000000000 
1 0.00000000000000000 -0.49999999999999983 1.00000000000000000 0.00000000000000000 
1 0.00000000000000000 -0.00000000000000012 1.00000000000000000 -0.00000000000000016 
1 0.00000000000000000 -0.50000000000000011 1.00000000000000000 0.00000000000000000 
2 -173.94820923628057585 60.53316470255655446 0.83388967357964416 -0.55193116626734773 -0.55193116626734773 -0.83388967357964416 5.99999999999999822
8 20.17719720457268195 38.14792764210757525
1 170.00794435995453568 20.17719720457270682 -0.00000000000000011 1.00000000000000000 
8 20.17719720457268195 38.14792764210757525
1 -20.17719720457268195 -0.22471234748409052 1.00000000000000000 -0.00000000000000206 
2 174.07779935995569076 40.35439440914538523 -1.00000000000000000 -0.00000000000000011 0.00000000000000011 -1.00000000000000000 4.06985500000114619
1 0.00000000000000000 -0.22471234748413582 1.00000000000000000 0.00000000000000000 
2 170.00794435995453568 33.30519876970517146 -1.00000000000000000 -0.00000000000000011 0.00000000000000011 -1.00000000000000000 4.06985500000114619
1 0.00000000000000000 -0.22471234748412039 1.00000000000000000 0.00000000000000000 
1 0.00000000000000000 0.00000000000000000 1.00000000000000000 -0.00000000000000001 
1 174.02143577930695528 58.65421745278150212 -0.00000000000000001 -1.00000000000000000 
1 -161.25109080122228988 -58.53187005765015982 -0.99830927095351418 -0.05812572174401814 
1 141.27747296579829595 81.14012685515925227 0.86639137976953240 0.49936557456541381 
1 0.00000000000000190 -0.50000000000002032 1.00000000000000000 0.00000000000000000 
1 -171.23418351075747523 -59.11312727509034204 -0.05812572174401878 0.99830927095351418 
1 -0.00000000000005512 -0.50000000000002021 1.00000000000000000 -0.00000000000000007 
1 -176.90144138079932645 38.22202664287728169 0.99830927095351418 0.05812572174401805 
1 0.00000000000000000 340.46054136575651228 1.00000000000000000 0.00000000000000000 
2 0.00000000000000000 0.00000000000000000 -1.00000000000000000 -0.00000000000000444 -0.00000000000000444 1.00000000000000000 2.00000000000000622
1 -2.50000000000000266 0.00000000000003511 1.00000000000000000 -0.00000000000000944 
1 0.52651981901076517 0.00000000000000000 0.00000000000000000 -1.00000000000000000 
1 0.20034066006380513 1.98994060713516951 0.10017033003190741 0.99497030356754812 
1 10.00000000000002842 -0.00000000000000143 0.00000000000000029 -1.00000000000000000 
1 3.98681827655194354 0.00000000000000000 0.00000000000000000 -1.00000000000000000 
1 4.60508184414013932 0.00000000000000228 -0.00000000000000003 -1.00000000000000000 
7 0 0  1 2 2  3.82444268201855797 0.00000000000000000  3.82444268201855797 1.00000000000000000 
 0.00000000000000000 2 0.49999999999999989 2
2 -149.40417910811910929 -0.00000000000005123 0.00000000000000000 -1.00000000000000000 -1.00000000000000000 -0.00000000000000000 6.00000000000000000
7 0 0  4 5 2  4.81272759114294857 -4.60508184414017308  4.40918849415889014 -4.90467497423291299  3.97716012236636329 -5.01135268971230996  3.54513175057393193 -4.90467497423284016  3.14159265358983442 -4.60508184414020150 
 0.00000000000000000 5 3.82444268201855797 5
1 3.82444268201855797 0.00000000000000000 -1.00000000000000000 0.00000000000000000 
7 0 0  5 6 2  -0.00000000000004352 335.85545952161629657  0.32282687757814443 335.61578893817551261  0.66265891025461343 335.49185735052651580  1.00847602729847807 335.49185735052469681  1.34830805997483338 335.61578893817562630  1.67113493755305331 335.85545952161629657 
 0.00000000000000000 6 3.82444268201855797 6
1 1.67113493755309550 0.00000000000000000 0.00000000000000000 1.00000000000000000 
1 166.91834867126425479 38.80328386031743548 -0.99830927095351418 0.05812572174401817 
1 0.00000000000000363 -1.00000000000000822 -1.00000000000000000 0.00000000000000001 
1 0.00000000000000000 0.00000000000000000 1.00000000000000000 0.00000000000000000 
2 0.00000000000000000 0.00000000000000000 -1.00000000000000000 0.00000000000000657 0.00000000000000657 1.00000000000000000 2.50000000000000933
1 6.28318530717958623 0.00000000000000000 -1.00000000000000000 0.00000000000000000 
1 1.87889017630276323 0.00000000000000000 0.00000000000000000 -1.00000000000000000 
1 1.87889017630276300 0.00000000000000000 0.00000000000000000 -1.00000000000000000 
1 2.61507283457902817 0.00000000000000000 0.00000000000000000 -1.00000000000000000 
1 -2.50000000000000266 0.00000000000003464 1.00000000000000000 -0.00000000000000926 
2 -3.77784494146529637 246.79810519257358692 0.00000000000000000 -1.00000000000000000 1.00000000000000000 0.00000000000000000 54.99999999999997158
1 0.00000000000000000 -0.49999999999999989 1.00000000000000000 0.00000000000000000 
1 1.26270247728702989 0.00000000000000000 0.00000000000000000 -1.00000000000000000 
1 1.26270247728703011 0.00000000000000000 0.00000000000000000 -1.00000000000000000 
2 -779.31879615018499408 0.00000000000000561 0.00000000000000000 -1.00000000000000000 1.00000000000000000 0.00000000000000000 868.86305465254429237
1 0.00000000000000000 -0.49999999999999989 1.00000000000000000 0.00000000000000000 
2 -3.77784494146529592 -246.79810519257358692 0.00000000000000000 -1.00000000000000000 1.00000000000000000 0.00000000000000000 55.00000000000000000
1 0.00000000000000000 -0.49999999999999989 1.00000000000000000 0.00000000000000000 
1 0.00000000000000000 0.00000000000000000 1.00000000000000000 0.00000000000000000 
1 -6.28318530717958623 -0.49999999999999983 1.00000000000000000 0.00000000000000000 
2 -173.94820923628057585 60.53316470255655446 0.83388967357964416 -0.55193116626734773 -0.55193116626734773 -0.83388967357964416 5.99999999999999822
8 -0.50000059999999968 0.00000060000000433
1 0.26966906583163602 -0.00000000000000017 0.00000000000000000 1.00000000000000000 
8 -0.50000059999999968 0.00000060000000433
1 15.65391530077431703 -0.22471234748418686 0.00000000000000225 1.00000000000000000 
8 0.00000000000000000 340.46054136575651228
1 0.00000000000000000 0.00000000000000000 0.00000000000000000 1.00000000000000000 
1 -147.22963457891168559 0.00000000000000561 0.50252756108117813 -0.86456118947926575 
1 1.67113493755309550 0.00000000000000000 0.00000000000000000 1.00000000000000000 
1 -172.96656616802300732 58.59279855256119873 0.99830927095351418 -0.05812572174401813 
8 -38.14792764210756104 -20.17719720457268906
1 -170.00794435995447884 20.17719720457270682 -0.00000000000000011 -1.00000000000000000 
8 -38.14792764210756104 -20.17719720457268906
1 -20.17719720457268906 -0.72471234748410607 -1.00000000000000000 0.00000000000000206 
1 -0.00000000000000100 0.00000000000000000 0.00000000000000000 -1.00000000000000000 
1 0.00000000000000000 0.00000000000000000 0.00000000000000009 -1.00000000000000000 
1 4.18879020478639141 0.00000000000000000 0.00000000000000000 -1.00000000000000000 
1 1.04719755119659808 0.00000000000000000 0.00000000000000000 -1.00000000000000000 
2 -174.07779935995560550 40.35439440914539233 1.00000000000000000 -0.00000000000000011 -0.00000000000000011 -1.00000000000000000 4.06985500000114619
1 0.00000000000000000 -0.72471234748415003 1.00000000000000000 0.00000000000000000 
2 -170.00794435995445042 33.30519876970517146 1.00000000000000000 -0.00000000000000011 -0.00000000000000011 -1.00000000000000000 4.06985500000114619
1 0.00000000000000000 -0.72471234748413516 1.00000000000000000 0.00000000000000000 
8 -0.77471234748412399 -0.17471234748411935
1 24.67403249964830181 0.22471234748412294 0.00000000000000223 1.00000000000000000 
8 -0.77471234748412399 -0.17471234748411935
1 3.30821272181921966 -0.00000000000000986 0.00000000000000000 1.00000000000000000 
1 97.66512526411273143 0.00000000000000000 -0.00000000000000365 -1.00000000000000000 
1 -149.69170397621084589 -86.56697829069820216 -0.49936557456541597 0.86639137976953129 
1 -0.00000000000000180 -0.49999999999999994 1.00000000000000000 -0.00000000000000001 
1 -174.02143577930687002 58.65421745278150922 0.00000000000000001 -1.00000000000000000 
1 0.00000000000000000 0.00000000000000000 0.00000000000000138 -1.00000000000000000 
1 149.69170397621087432 86.56697829069814532 0.49936557456547548 -0.86639137976949698 
1 -174.02143577930689844 -39.01090781133120799 0.99830927095351418 -0.05812572174401813 
1 -149.94138676349354000 -86.13378260081343285 0.86639137976953007 0.49936557456541786 
1 -0.00000000000000000 0.00000000000000000 -0.00000000000006878 -1.00000000000000000 
1 97.50000000000000000 0.00000000000000084 0.00000000000000138 -1.00000000000000000 
1 0.00000000000000000 0.00000000000000000 1.00000000000000000 0.00000000000000000 
1 171.23418351075747523 -59.11312727509033493 0.05812572174401878 0.99830927095351418 
1 -0.00000000000000000 0.00000000000000000 1.00000000000000000 -0.00000000000000007 
1 176.90144138079935487 38.22202664287728879 -0.99830927095351429 0.05812572174401805 
7 0 0  4 5 2  4.81272759114294857 -4.60508184414017308  4.40919509531511178 -4.90467007344122496  3.97716012236638372 -5.01139768141443653  3.54512514941768320 -4.90467007344112815  3.14159265358983486 -4.60508184414020150 
 0.00000000000000000 5 3.82444268201855797 5
1 3.82444268201855797 1.00000000000000000 -1.00000000000000000 0.00000000000000000 
7 0 0  7 8 2  -0.00000000000005507 4.60508184414023614  0.23058999761585586 4.77627511802653704  0.47009343990360009 4.89235483510333324  0.71138140908690417 4.95097995398191415  0.95975352846901529 4.95097995398737112  1.20104149765072776 4.89235483510060476  1.44054493993713439 4.77627511802651306  1.67113493755304710 4.60508184414026456 
 0.00000000000000000 8 3.82444268201855797 8
1 4.60508184414022548 0.00000000000000000 0.00000000000000000 1.00000000000000000 
1 0.00000000000000000 0.00000000000000000 0.00000000000000000 1.00000000000000000 
7 0 0  1 2 2  3.34940666864918679 0.00000000000000000  3.34940666864918679 -0.49999999999999994 
 0.00000000000000000 2 1.00000000000000000 2
1 -147.22963457891168559 0.00000000000000561 0.50252756108117824 0.86456118947926575 
8 0.00000000000000000 340.46054136575645543
1 0.00000000000000000 0.00000000000000000 0.00000000000000000 1.00000000000000000 
1 0.00000000000000874 -0.50000000000002021 1.00000000000000000 0.00000000000000003 
1 176.90144138079932645 38.22202664287726037 -0.99830927095351418 0.05812572174401834 
1 0.00000000000000202 -0.50000000000002032 1.00000000000000000 0.00000000000000000 
1 171.23418351075753208 -59.11312727509036336 0.05812572174401864 0.99830927095351418 
1 -174.02143577930689844 -39.01090781133123642 0.99830927095351418 -0.05812572174401806 
1 149.69170397621300594 -86.56697829069440786 -0.86639137976954295 0.49936557456539576 
1 -0.00000000000000000 0.00000000000000000 1.00000000000000000 -0.00000000000000001 
1 -174.02143577930675633 58.65421745278147370 -0.00000000000000134 -1.00000000000000000 
2 -173.94820923628057585 60.53316470255657578 -0.83388967357964416 0.55193116626734784 -0.55193116626734784 -0.83388967357964416 6.00000000000000000
1 0.00000000000000000 0.00000000000000000 1.00000000000000000 0.00000000000000000 
1 0.00000000000000000 -0.49999999999999994 1.00000000000000000 0.00000000000000000 
1 0.00000000000000000 340.46054136575645543 1.00000000000000000 0.00000000000000000 
2 0.00000000000000000 0.00000000000000000 -1.00000000000000000 -0.00000000000000466 -0.00000000000000466 1.00000000000000000 2.00000000000000977
1 0.20034066006379447 1.98994060713505583 0.10017033003191478 0.99497030356754734 
1 9.99999999999997868 0.00000000000000022 0.00000000000000086 -1.00000000000000000 
1 1.67113493755309550 0.00000000000000000 0.00000000000000000 1.00000000000000000 
1 172.96656616802295048 58.59279855256117031 -0.99830927095351418 -0.05812572174401819 
1 2.14326992117322712 0.00000000000000000 0.00000000000000000 -1.00000000000000000 
1 4.12060588970090436 0.00000000000000664 -0.00000000000000019 -1.00000000000000000 
1 4.12060588970090436 0.00000000000000672 -0.00000000000000021 -1.00000000000000000 
2 173.94820923628054743 60.53316470255657578 0.83388967357964416 0.55193116626734784 0.55193116626734784 -0.83388967357964416 6.00000000000000000
1 0.00000000000000000 0.00000000000000000 0.00000000000005901 -1.00000000000000000 
1 97.50000000000000000 0.00000000000000029 0.00000000000000163 -1.00000000000000000 
1 0.00000000000000000 0.00000000000000000 1.00000000000000000 0.00000000000000003 
1 -176.90144138079926961 38.22202664287726037 0.99830927095351418 0.05812572174401835 
1 0.00000000000000000 0.00000000000000000 0.00000000000000163 -1.00000000000000000 
1 -149.69170397621238067 86.56697829069544525 -0.49936557456545333 -0.86639137976950964 
1 0.00000000000000000 0.00000000000000000 1.00000000000000000 0.00000000000000000 
1 -171.23418351075747523 -59.11312727509036336 -0.05812572174401864 0.99830927095351418 
1 97.66512526411271722 -0.00000000000000355 -0.00000000000001932 -1.00000000000000000 
1 149.69170397621300594 -86.56697829069440786 0.49936557456550373 0.86639137976948077 
1 -161.25109080122234673 -58.53187005765018114 -0.99830927095351418 -0.05812572174401835 
1 -141.02779017851759136 81.57332254504041202 -0.86639137976948022 0.49936557456550440 
1 -0.00000000000000969 -0.49999999999999989 1.00000000000000000 -0.00000000000000001 
1 174.02143577930678475 58.65421745278148080 0.00000000000000134 -1.00000000000000000 
Curves 66
1 0.00000000000000000 3.22610691872901167 0.00000000000000000 0.86456118947926575 0.50252756108117802 0.00000000000000000 
7 0 0  3 52 50  5.23137503681929150 3.04887114668408454 3.12404715269876876  5.23972948404978567 3.05386862427618899 3.09711614465947749  5.25571168714097237 3.06449259456835899 3.04313107848816999  5.27771514258359176 3.08193698447449993 2.96184207173558223  5.29749871737310496 3.10130184713394819 2.88035443844805084  5.31504229465873834 3.12260199906246871 2.79877623744946780  5.33032832372520193 3.14584791953025844 2.71721716394087975  5.34334190631517369 3.17104567311390051 2.63578829859421138  5.35407085330853860 3.19819683289035783 2.55460183815108888  5.36250574020509863 3.22729842027273328 2.47377082191566799  5.36863995333612909 3.25834285784257860 2.39340885149866089  5.37246972862026873 3.29131793661248651 2.31362980577228594  5.37399418205205670 3.32620679774624106 2.23454755181423703  5.37321533186285194 3.36298792905358734 2.15627565297427370  5.37013811213636494 3.40163517641959467 2.07892707513621211  5.36477037775005527 3.44211777028612076 2.00261389229112119  5.35712290053789975 3.48440036722863455 1.92744699254583796  5.34720935661310381 3.52844310660461691 1.85353578570112432  5.33504630482797815 3.57420168217981615 1.78098791353587060  5.32065315638895164 3.62162742856944986 1.70990896393049785  5.30405213568512579 3.67066742226224907 1.64040218995310405  5.28526823242922195 3.72126459692685119 1.57256823501639875  5.26432914525021722 3.77335787263299371 1.50650486519186622  5.24126521691641223 3.82688229855419459 1.44230670974013764  5.21610936140689585 3.88176920865521158 1.38006501088330191  5.18889698308709146 3.93794638980620793 1.31986738380607616  5.15966588828093276 3.99533826170729700 1.26179758782847595  5.12845618956733151 4.05386606795179905 1.20593530964334517  5.09531020316217642 4.11344807750479013 1.15235595945789959  5.06027233977875213 4.17399979582559588 1.10113048081974818  5.02338898938899359 4.23543418481904510 1.05232517484502464  4.98470840033525064 4.29766189076075378 1.00600153949966109  4.94428055326712190 4.36059147930690028 0.96221612451485483  4.90215703040015072 4.42412967666891532 0.92102040244488315  4.85839088061273738 4.48818161600831989 0.88246065630007720  4.81303648091434333 4.55265108808706387 0.84657788411037549  4.76614939483196132 4.61744079519395179 0.81340772069597955  4.71778622827260019 4.68245260735819002 0.78298037684171318  4.66800448342740015 4.74758781985691414 0.75532059599119483  4.61686241128784491 4.81274741102470571 0.73044762849638678  4.56441886334626634 4.87783229937945872 0.70837522337799896  4.51073314305099871 4.94274359908975747 0.68911163747304727  4.45586485758495687 5.00738287282861005 0.67265966176800385  4.39987377051842188 5.07165238106742766 0.65901666464013697  4.34281965591727026 5.13545532693680506 0.64817465165619925  4.28476215432345153 5.19869609563689039 0.64012034150325681  4.22576063157403681 5.26128048806645232 0.63483525758075787  4.16587403930095856 5.32311594594593274 0.63229583460038796  4.10516078378440952 5.38411177483143266 0.63247354005220924  4.04367858053459273 5.44417933759046679 0.63533500771267981  4.00221800938058170 5.48357919452089604 0.63870535537747930  3.98137503681919513 5.50310149118894909 0.64082695676144397 
 0.00000000000000000 4 0.07804985065345837 1 0.15609970130690076 1 0.23414955196034271 1 0.31219940261378509 1 0.39024925326722748 1 0.46829910392066987 1 0.54634895457411181 1 0.62439880522755420 1 0.70244865588099614 1 0.78049850653443853 1 0.85854835718788136 1 0.93659820784132286 1 1.01464805849476569 1 1.09269790914820808 1 1.17074775980165002 1 1.24879761045509197 1 1.32684746110853391 1 1.40489731176197630 1 1.48294716241541824 1 1.56099701306886063 1 1.63904686372230302 1 1.71709671437574496 1 1.79514656502918690 1 1.87319641568262840 1 1.95124626633607079 1 2.02929611698951362 1 2.10734596764295601 1 2.18539581829639840 1 2.26344566894984034 1 2.34149551960328273 1 2.41954537025672467 1 2.49759522091016750 1 2.57564507156360945 1 2.65369492221705228 1 2.73174477287049422 1 2.80979462352393616 1 2.88784447417737899 1 2.96589432483082094 1 3.04394417548426377 1 3.12199402613770571 1 3.20004387679114854 1 3.27809372744459004 1 3.35614357809803199 1 3.43419342875147482 1 3.51224327940491632 1 3.59029313005835871 1 3.66834298071180109 1 3.74639283136524393 1 3.82444268201868542 4
1 294.34897061393320428 173.14691096157991979 20.16266794312426569 -0.86456118947926575 -0.49915463547675704 -0.05812572174401819 
2 294.34897061393320428 172.85774412653626086 22.64588813906156162 -0.86456118947926575 -0.49915463547675692 -0.05812572174401819 -0.00000000000000259 0.11566673401746183 -0.99328807837491628 0.50252756108117802 -0.85875832253539164 -0.10000096914531995 2.50000000000000577
2 0.00000000000005684 1.04450438517923772 0.12163078721155074 0.00000000000000000 0.11566673401745742 -0.99328807837491684 1.00000000000000000 -0.00000000000000000 0.00000000000000000 0.00000000000000000 -0.99328807837491684 -0.11566673401745742 6.00000000000000000
1 0.00000000000000000 3.22610691872901167 0.00000000000000000 -0.86456118947926575 0.50252756108117813 0.00000000000000000 
2 -246.79810519257358692 146.67789655617536937 0.00000000000000000 0.00000000000000000 0.00000000000000000 1.00000000000000000 1.00000000000000000 0.00000000000000000 -0.00000000000000000 -0.00000000000000000 1.00000000000000000 0.00000000000000000 54.99999999999997158
2 0.00000000000000000 -628.86305465254429237 0.00000000000000000 0.00000000000000000 0.00000000000000000 1.00000000000000000 1.00000000000000000 0.00000000000000000 -0.00000000000000000 -0.00000000000000000 1.00000000000000000 0.00000000000000000 868.86305465254429237
2 246.79810519257358692 146.67789655617536937 0.00000000000000000 0.00000000000000000 0.00000000000000000 1.00000000000000000 1.00000000000000000 0.00000000000000000 -0.00000000000000000 -0.00000000000000000 1.00000000000000000 0.00000000000000000 55.00000000000000000
7 0 0  1 2 2  5.23137503681929150 3.04887114668408454 3.12404715269876876  4.98137503681929061 3.48188384857630950 3.12404715269873279 
 0.00000000000000000 2 1.00000000000000000 2
7 0 0  5 6 2  4.98137503681929061 3.48188384857630950 3.12404715269873279  5.22108597860116674 3.62028102534177476 2.49341780759862353  5.23453389132025215 3.92382897173099598 1.81881467784920159  4.96339670396103116 4.45617546192232883 1.28018000623877559  4.51304284303451375 5.01044178416304220 1.08683619652911201  3.98137503681920890 5.44526812418019368 1.13747099594890422 
 0.00000000000000000 6 3.82444268201868542 6
1 3.98137503681917870 5.50310149118890912 0.64082695676144152 -0.00000000000000000 -0.11566673401745742 0.99328807837491684 
1 3.81224164597805926 2.22953410146581987 41.27197479480629028 -0.00000000000000103 0.00000000000000201 -1.00000000000000000 
2 0.28764382625793211 0.19460660146529307 21.09477759023361187 0.50000000000000011 -0.86602540378443871 -0.00000000000000019 0.86602540378443871 0.50000000000000011 0.00000000000000011 -0.00000000000000000 -0.00000000000000022 1.00000000000000000 4.06985500000114619
2 3.81224164597804949 2.22953410146585185 28.14397322967382920 0.50000000000000011 -0.86602540378443871 -0.00000000000000019 0.86602540378443871 0.50000000000000011 0.00000000000000011 -0.00000000000000000 -0.00000000000000022 1.00000000000000000 4.06985500000114619
1 -0.91354388105204665 2.67701873629442977 0.31173435066019511 0.55193116626734773 -0.82829267144661145 -0.09645329507384109 
1 290.69098132867992490 167.85905168205403015 119.98104205702915692 0.86456118947926819 0.49915463547675287 0.05812572174401814 
1 299.08659322347256193 173.28361073871377585 120.56229927446933914 0.05033835164362455 0.02906286087201154 -0.99830927095351418 
1 303.99458250872595499 176.11723967373490041 23.22714535650171541 -0.86456118947926697 -0.49915463547675498 -0.05812572174401805 
2 294.34897061393326112 172.85774412653628929 22.64588813906156517 -0.86456118947926575 -0.49915463547675692 -0.05812572174401819 -0.00000000000000474 0.11566673401746549 -0.99328807837491584 0.50252756108117802 -0.85875832253539119 -0.10000096914532418 2.00000000000000622
1 294.34897061393320428 174.31691241564016082 0.00000000000000726 0.00000000000000000 -0.00000000000000004 1.00000000000000000 
1 294.34897061393320428 173.08907759457119369 20.65931198231172417 0.00000000000000000 0.11566673401745226 -0.99328807837491739 
1 -3.98137503681910854 5.50310149118887004 0.64082695676143708 -0.00000000000000000 -0.11566673401745742 0.99328807837491684 
7 0 0  3 52 50  -3.98137503681912674 5.50310149118890912 0.64082695676143864  -4.00221800938051864 5.48357919452085341 0.63870535537747442  -4.04367858053453411 5.44417933759041972 0.63533500771267626  -4.10516078378435001 5.38411177483138026 0.63247354005220391  -4.16587403930089728 5.32311594594588300 0.63229583460038352  -4.22576063157397197 5.26128048806640258 0.63483525758075343  -4.28476215432338492 5.19869609563684243 0.64012034150325192  -4.34281965591720098 5.13545532693676066 0.64817465165619392  -4.39987377051835082 5.07165238106738503 0.65901666464013209  -4.45586485758488138 5.00738287282856653 0.67265966176799941  -4.51073314305092143 4.94274359908971483 0.68911163747304194  -4.56441886334618729 4.87783229937941964 0.70837522337799275  -4.61686241128776320 4.81274741102466663 0.73044762849637923  -4.66800448342731755 4.74758781985687861 0.75532059599118595  -4.71778622827251404 4.68245260735815627 0.78298037684170341  -4.76614939483187516 4.61744079519392159 0.81340772069596756  -4.81303648091425362 4.55265108808703189 0.84657788411036217  -4.85839088061264590 4.48818161600828969 0.88246065630006232  -4.90215703040005835 4.42412967666888868 0.92102040244486583  -4.94428055326702687 4.36059147930687629 0.96221612451483418  -4.98470840033515472 4.29766189076072802 1.00600153949963866  -5.02338898938889589 4.23543418481902467 1.05232517484499821  -5.06027233977865443 4.17399979582557457 1.10113048081972020  -5.09531020316207695 4.11344807750476704 1.15235595945786939  -5.12845618956723559 4.05386606795178039 1.20593530964331208  -5.15966588828083239 3.99533826170727835 1.26179758782843909  -5.18889698308698932 3.93794638980618927 1.31986738380603730  -5.21610936140679371 3.88176920865519470 1.38006501088325884  -5.24126521691630920 3.82688229855417728 1.44230670974009056  -5.26432914525011597 3.77335787263297817 1.50650486519181648  -5.28526823242912336 3.72126459692683786 1.57256823501634457  -5.30405213568502276 3.67066742226223308 1.64040218995304521  -5.32065315638885483 3.62162742856943742 1.70990896393043568  -5.33504630482787512 3.57420168217979928 1.78098791353580488  -5.34720935661300523 3.52844310660460270 1.85353578570105504  -5.35712290053780116 3.48440036722861990 1.92744699254576424  -5.36477037774995846 3.44211777028610477 2.00261389229104392  -5.37013811213626990 3.40163517641957780 2.07892707513613129  -5.37321533186275779 3.36298792905356869 2.15627565297418844  -5.37399418205196433 3.32620679774622241 2.23454755181414910  -5.37246972862018168 3.29131793661246741 2.31362980577219668  -5.36863995333603938 3.25834285784255728 2.39340885149856497  -5.36250574020501514 3.22729842027271152 2.47377082191556807  -5.35407085330845778 3.19819683289033341 2.55460183815098807  -5.34334190631509287 3.17104567311387386 2.63578829859410524  -5.33032832372512644 3.14584791953023180 2.71721716394077051  -5.31504229465866107 3.12260199906243674 2.79877623744935411  -5.29749871737303124 3.10130184713391355 2.88035443844793537  -5.27771514258352425 3.08193698447446618 2.96184207173546410  -5.25571168714090575 3.06449259456832079 3.04313107848804210  -5.23972948404972616 3.05386862427615258 3.09711614465934382  -5.23137503681923555 3.04887114668404724 3.12404715269862887 
 0.00000000000000000 4 0.07804985065345793 1 0.15609970130689810 1 0.23414955196033782 1 0.31219940261377666 1 0.39024925326721638 1 0.46829910392065610 1 0.54634895457409538 1 0.62439880522753510 1 0.70244865588097483 1 0.78049850653441410 1 0.85854835718785383 1 0.93659820784129399 1 1.01464805849473372 1 1.09269790914817344 1 1.17074775980161272 1 1.24879761045505244 1 1.32684746110849261 1 1.40489731176193144 1 1.48294716241537028 1 1.56099701306881000 1 1.63904686372224928 1 1.71709671437568945 1 1.79514656502912917 1 1.87319641568256889 1 1.95124626633600817 1 2.02929611698944701 1 2.10734596764288717 1 2.18539581829632645 1 2.26344566894976573 1 2.34149551960320501 1 2.41954537025664473 1 2.49759522091008446 1 2.57564507156352374 1 2.65369492221696257 1 2.73174477287040229 1 2.80979462352384246 1 2.88784447417728174 1 2.96589432483072191 1 3.04394417548416119 1 3.12199402613760091 1 3.20004387679103974 1 3.27809372744448035 1 3.35614357809792008 1 3.43419342875135936 1 3.51224327940479908 1 3.59029313005823925 1 3.66834298071167897 1 3.74639283136511825 1 3.82444268201855797 4
1 -294.34897061393314743 173.14691096157991979 20.16266794312426214 0.86456118947926575 -0.49915463547675709 -0.05812572174401819 
2 -294.34897061393314743 172.85774412653628929 22.64588813906156517 -0.86456118947926575 0.49915463547675704 0.05812572174401821 -0.00000000000000247 0.11566673401745320 -0.99328807837491739 -0.50252756108117813 -0.85875832253539264 -0.10000096914530993 2.50000000000000977
1 -263.47645876568981294 199.08812954640470139 0.00000000000000829 0.00000000000000000 -0.00000000000000004 1.00000000000000000 
1 -294.34897061393314743 174.31691241564016082 0.00000000000000726 0.00000000000000000 -0.00000000000000004 1.00000000000000000 
2 -246.79810519257358692 146.67789655617536937 0.00000000000000000 0.00000000000000000 0.00000000000000000 1.00000000000000000 1.00000000000000000 0.00000000000000000 -0.00000000000000000 -0.00000000000000000 1.00000000000000000 0.00000000000000000 54.99999999999997158
1 263.47645876568981294 199.08812954640470139 0.00000000000000829 0.00000000000000000 -0.00000000000000004 1.00000000000000000 
2 0.00000000000000000 -628.86305465254429237 0.00000000000000000 0.00000000000000000 0.00000000000000000 1.00000000000000000 1.00000000000000000 0.00000000000000000 -0.00000000000000000 -0.00000000000000000 1.00000000000000000 0.00000000000000000 868.86305465254429237
2 246.79810519257358692 146.67789655617536937 0.00000000000000000 0.00000000000000000 0.00000000000000000 1.00000000000000000 1.00000000000000000 0.00000000000000000 -0.00000000000000000 -0.00000000000000000 1.00000000000000000 0.00000000000000000 55.00000000000000000
