
CASCADE Topology V1, (c) Matra-Datavision
Locations 48
1
1.000000000000000 0.000000000000000 0.000000000000000 0.000000000000000 
0.000000000000000 1.000000000000000 0.000000000000000 0.000000000000000 
0.000000000000000 0.000000000000000 1.000000000000000 0.000000000000000 
1
1.000000000000000 0.000000000000000 0.000000000000000 0.000000000000000 
0.000000000000000 1.000000000000000 0.000000000000000 0.000000000000000 
0.000000000000000 0.000000000000000 1.000000000000000 0.000000000000000 
1
1.000000000000000 0.000000000000000 0.000000000000000 0.000000000000000 
0.000000000000000 1.000000000000000 0.000000000000000 0.000000000000000 
0.000000000000000 0.000000000000000 1.000000000000000 0.000000000000000 
1
1.000000000000000 0.000000000000000 0.000000000000000 0.000000000000000 
0.000000000000000 1.000000000000000 0.000000000000000 0.000000000000000 
0.000000000000000 0.000000000000000 1.000000000000000 0.000000000000000 
1
1.000000000000000 0.000000000000000 0.000000000000000 0.000000000000000 
0.000000000000000 1.000000000000000 0.000000000000000 0.000000000000000 
0.000000000000000 0.000000000000000 1.000000000000000 0.000000000000000 
1
-0.500000000000001 0.866025403784439 0.000000000000000 0.000000000000000 
-0.866025403784439 -0.500000000000001 0.000000000000000 0.000000000000000 
0.000000000000000 0.000000000000000 1.000000000000001 0.000000000000000 
1
1.000000000000000 0.000000000000000 0.000000000000000 0.000000000000000 
0.000000000000000 1.000000000000000 0.000000000000000 0.000000000000000 
0.000000000000000 0.000000000000000 1.000000000000000 0.000000000000000 
1
1.000000000000000 0.000000000000000 0.000000000000000 0.000000000000000 
0.000000000000000 1.000000000000000 0.000000000000000 0.000000000000000 
0.000000000000000 0.000000000000000 1.000000000000000 0.000000000000000 
1
1.000000000000000 0.000000000000000 0.000000000000000 0.000000000000000 
0.000000000000000 1.000000000000000 0.000000000000000 0.000000000000000 
0.000000000000000 0.000000000000000 1.000000000000000 0.000000000000000 
2  2 1 3 1 4 1 5 1 6 1 7 1 8 1 9 1 0
2  4 -1 3 -1 2 -1 0
1
1.000000000000000 0.000000000000000 0.000000000000000 0.000000000000000 
0.000000000000000 1.000000000000000 0.000000000000000 0.000000000000000 
0.000000000000000 0.000000000000000 1.000000000000000 0.000000000000000 
1
1.000000000000000 0.000000000000000 0.000000000000000 0.000000000000000 
0.000000000000000 1.000000000000000 0.000000000000000 0.000000000000000 
0.000000000000000 0.000000000000000 1.000000000000000 0.000000000000000 
2  12 -1 13 -1 7 -1 6 -1 5 -1 4 -1 3 -1 2 -1 0
1
1.000000000000000 0.000000000000000 0.000000000000000 0.000000000000000 
0.000000000000000 1.000000000000000 0.000000000000000 0.000000000000000 
0.000000000000000 0.000000000000000 1.000000000000000 0.000000000000000 
2  12 -1 13 -1 7 -1 15 -1 5 -1 4 -1 3 -1 2 -1 0
1
-0.500000000000000 -0.866025403784439 0.000000000000000 0.000000000000000 
0.866025403784439 -0.500000000000000 0.000000000000000 0.000000000000000 
0.000000000000000 0.000000000000000 1.000000000000000 0.000000000000000 
2  12 -1 13 -1 7 -1 17 -1 5 -1 4 -1 3 -1 2 -1 0
1
1.000000000000000 0.000000000000000 0.000000000000000 0.000000000000000 
0.000000000000000 1.000000000000000 0.000000000000000 0.000000000000000 
0.000000000000000 0.000000000000000 1.000000000000000 0.000000000000000 
1
1.000000000000000 0.000000000000000 0.000000000000000 0.000000000000000 
0.000000000000000 1.000000000000000 0.000000000000000 0.000000000000000 
0.000000000000000 0.000000000000000 1.000000000000000 0.000000000000000 
1
1.000000000000000 0.000000000000000 0.000000000000000 0.000000000000000 
0.000000000000000 1.000000000000000 0.000000000000000 0.000000000000000 
0.000000000000000 0.000000000000000 1.000000000000000 0.000000000000000 
2  19 1 20 -1 21 -1 12 -1 13 -1 7 -1 6 -1 5 -1 4 -1 3 -1 2 -1 0
1
1.000000000000000 0.000000000000000 0.000000000000000 0.000000000000000 
0.000000000000000 1.000000000000000 0.000000000000000 0.000000000000000 
0.000000000000000 0.000000000000000 1.000000000000000 0.300000000000000 
2  23 -1 19 1 20 -1 21 -1 12 -1 13 -1 7 -1 6 -1 5 -1 4 -1 3 -1 2 -1 0
2  19 1 20 -1 21 -1 12 -1 13 -1 7 -1 17 -1 5 -1 4 -1 3 -1 2 -1 0
2  23 -1 19 1 20 -1 21 -1 12 -1 13 -1 7 -1 17 -1 5 -1 4 -1 3 -1 2 -1 0
2  19 1 20 -1 21 -1 12 -1 13 -1 7 -1 15 -1 5 -1 4 -1 3 -1 2 -1 0
2  23 -1 19 1 20 -1 21 -1 12 -1 13 -1 7 -1 15 -1 5 -1 4 -1 3 -1 2 -1 0
2  5 1 15 1 6 -1 5 -1 4 -1 3 -1 2 -1 0
1
1.000000000000000 0.000000000000000 0.000000000000000 0.000000000000000 
0.000000000000000 1.000000000000000 0.000000000000000 0.000000000000000 
0.000000000000000 0.000000000000000 1.000000000000000 0.000000000000000 
1
1.000000000000000 0.000000000000000 0.000000000000000 0.000000000000000 
0.000000000000000 1.000000000000000 0.000000000000000 0.000000000000000 
0.000000000000000 0.000000000000000 1.000000000000000 0.000000000000000 
2  30 1 31 1 4 1 5 1 15 1 7 1 8 1 9 1 0
2  4 -1 31 -1 30 -1 0
2  19 1 20 -1 21 -1 12 -1 13 -1 7 -1 15 -1 5 -1 4 -1 31 -1 30 -1 0
2  23 -1 19 1 20 -1 21 -1 12 -1 13 -1 7 -1 15 -1 5 -1 4 -1 31 -1 30 -1 0
2  19 1 20 -1 21 -1 12 -1 13 -1 7 -1 17 -1 5 -1 4 -1 31 -1 30 -1 0
2  23 -1 19 1 20 -1 21 -1 12 -1 13 -1 7 -1 17 -1 5 -1 4 -1 31 -1 30 -1 0
2  19 1 20 -1 21 -1 12 -1 13 -1 7 -1 6 -1 5 -1 4 -1 31 -1 30 -1 0
2  23 -1 19 1 20 -1 21 -1 12 -1 13 -1 7 -1 6 -1 5 -1 4 -1 31 -1 30 -1 0
2  12 -1 13 -1 7 -1 15 -1 5 -1 4 -1 31 -1 30 -1 0
2  12 -1 13 -1 7 -1 17 -1 5 -1 4 -1 31 -1 30 -1 0
2  12 -1 13 -1 7 -1 6 -1 5 -1 4 -1 31 -1 30 -1 0
2  2 1 3 1 4 1 5 1 15 1 7 1 8 1 9 1 0
2  30 1 31 1 4 1 5 1 17 1 7 1 8 1 9 1 0
2  5 1 15 1 17 -1 5 -1 4 -1 31 -1 30 -1 0
2  2 1 3 1 4 1 5 1 17 1 7 1 8 1 9 1 0
2  30 1 31 1 4 1 5 1 6 1 7 1 8 1 9 1 0
2  5 1 17 1 6 -1 5 -1 4 -1 31 -1 30 -1 0
Curve2ds 36
1 334.16119246900399276 -176.41583672588279796 -0.86602540378443837 0.50000000000000067 
1 -14.29999999999995453 377.60000000000007958 0.00000000000000000 -1.00000000000000000 
1 -319.86119246900415192 -201.18416327411731004 0.86602540378443882 0.49999999999999978 
1 0.00000000000000000 0.00000000000000000 1.00000000000000000 0.00000000000000000 
1 0.00000000000000000 -0.29999999999999999 1.00000000000000000 0.00000000000000000 
1 0.00000000000000000 0.00000000000000000 1.00000000000000000 0.00000000000000000 
1 0.00000000000000000 -0.29999999999999999 1.00000000000000000 0.00000000000000000 
1 0.00000000000000000 0.00000000000000000 1.00000000000000000 0.00000000000000000 
1 0.00000000000000000 -0.29999999999999999 1.00000000000000000 0.00000000000000000 
1 0.00000000000000000 0.00000000000000000 1.00000000000000000 0.00000000000000000 
1 0.00000000000000000 -0.29999999999999999 1.00000000000000000 0.00000000000000000 
1 0.00000000000000000 0.00000000000000000 1.00000000000000000 0.00000000000000000 
1 0.00000000000000000 -0.29999999999999999 1.00000000000000000 0.00000000000000000 
1 0.00000000000000000 0.00000000000000000 1.00000000000000000 0.00000000000000000 
1 0.00000000000000000 -0.29999999999999999 1.00000000000000000 0.00000000000000000 
2 540.09933648387595895 300.27949192431128722 0.50000000000000067 0.86602540378443837 0.86602540378443837 -0.50000000000000067 515.79933648387600442
2 -530.09933648387573157 317.60000000000007958 -1.00000000000000000 0.00000000000000000 0.00000000000000000 1.00000000000000000 515.79933648387577705
2 -10.00000000000005684 -617.87949192431142365 0.49999999999999978 -0.86602540378443882 -0.86602540378443882 -0.49999999999999978 515.79933648387589074
1 0.00000000000000000 0.00000000000000000 1.00000000000000000 0.00000000000000000 
1 0.00000000000000000 -0.29999999999999999 1.00000000000000000 0.00000000000000000 
1 0.00000000000000000 0.00000000000000000 1.00000000000000000 0.00000000000000000 
1 0.00000000000000000 -0.29999999999999999 1.00000000000000000 0.00000000000000000 
1 0.00000000000000000 0.00000000000000000 1.00000000000000000 0.00000000000000000 
1 0.00000000000000000 -0.29999999999999999 1.00000000000000000 0.00000000000000000 
2 530.09933648387573157 317.60000000000007958 1.00000000000000000 0.00000000000000000 -0.00000000000000000 1.00000000000000000 515.79933648387577705
2 -540.09933648387550420 300.27949192431168512 -0.49999999999999978 0.86602540378443882 -0.86602540378443882 -0.49999999999999978 515.79933648387577705
2 9.99999999999943334 -617.87949192431153733 -0.50000000000000067 -0.86602540378443837 0.86602540378443837 -0.50000000000000067 515.79933648387611811
1 14.29999999999995453 377.60000000000007958 0.00000000000000000 -1.00000000000000000 
1 -334.16119246900410644 -176.41583672588242848 0.86602540378443882 0.49999999999999978 
1 319.86119246900403823 -201.18416327411770794 -0.86602540378443837 0.50000000000000067 
1 0.00000000000000000 0.00000000000000000 1.00000000000000000 0.00000000000000000 
1 0.00000000000000000 -0.29999999999999999 1.00000000000000000 0.00000000000000000 
1 0.00000000000000000 0.00000000000000000 1.00000000000000000 0.00000000000000000 
1 0.00000000000000000 -0.29999999999999999 1.00000000000000000 0.00000000000000000 
1 0.00000000000000000 0.00000000000000000 1.00000000000000000 0.00000000000000000 
1 0.00000000000000000 -0.29999999999999999 1.00000000000000000 0.00000000000000000 
Curves 8
1 0.00000000000000000 377.60000000000002274 0.00000000000000000 -1.00000000000000000 -0.00000000000000000 -0.00000000000000000 
1 -14.29999999999995453 377.60000000000002274 0.00000000000000000 -0.00000000000000000 -1.00000000000000000 -0.00000000000000000 
2 -530.09933648387573157 317.60000000000002274 0.00000000000000000 0.00000000000000000 0.00000000000000000 -1.00000000000000000 -1.00000000000000000 -0.00000000000000000 -0.00000000000000000 -0.00000000000000000 1.00000000000000000 0.00000000000000000 515.79933648387577705
1 -88.40400783368164639 51.04007772021786593 0.00000000000000000 0.50000000000000211 0.86602540378443749 -0.00000000000000000 
1 88.40400783368164639 51.04007772021786593 0.00000000000000000 -0.50000000000000211 0.86602540378443749 0.00000000000000000 
2 530.09933648387573157 317.60000000000002274 0.00000000000000000 0.00000000000000000 0.00000000000000000 1.00000000000000000 1.00000000000000000 0.00000000000000000 -0.00000000000000000 -0.00000000000000000 1.00000000000000000 0.00000000000000000 515.79933648387577705
1 14.29999999999995453 377.60000000000002274 0.00000000000000000 0.00000000000000000 -1.00000000000000000 0.00000000000000000 
1 0.00000000000000000 377.60000000000002274 0.00000000000000000 1.00000000000000000 0.00000000000000000 0.00000000000000000 
Polygon3D 0
PolygonOnTriangulations 0
Surfaces 14
1 0.00000000000000021 -0.00000000000006016 0.00000000000000000 0.00000000000000000 0.00000000000000000 1.00000000000000000 1.00000000000000000 0.00000000000000000 -0.00000000000000000 -0.00000000000000000 1.00000000000000000 0.00000000000000000 
1 0.00000000000000021 -0.00000000000006016 0.00000000000000000 0.00000000000000000 0.00000000000000000 1.00000000000000000 1.00000000000000000 0.00000000000000000 -0.00000000000000000 -0.00000000000000000 1.00000000000000000 0.00000000000000000 
1 334.16119246900399276 -176.41583672588285481 0.00000000000000000 -0.50000000000000067 -0.86602540378443837 0.00000000000000000 -0.86602540378443837 0.50000000000000067 0.00000000000000000 -0.00000000000000000 0.00000000000000000 -1.00000000000000000 
1 -319.86119246900415192 -201.18416327411736688 0.00000000000000000 -0.49999999999999978 0.86602540378443882 0.00000000000000000 0.86602540378443882 0.49999999999999978 -0.00000000000000000 -0.00000000000000000 0.00000000000000000 -1.00000000000000000 
1 -14.29999999999995453 377.60000000000002274 0.00000000000000000 1.00000000000000000 0.00000000000000000 0.00000000000000000 0.00000000000000000 -1.00000000000000000 0.00000000000000000 0.00000000000000000 0.00000000000000000 -1.00000000000000000 
2 540.09933648387595895 300.27949192431123038 0.00000000000000000 0.00000000000000000 -0.00000000000000000 -1.00000000000000000 0.50000000000000067 0.86602540378443837 0.00000000000000000 0.86602540378443837 -0.50000000000000067 0.00000000000000000 515.79933648387589074
2 -530.09933648387573157 317.60000000000002274 0.00000000000000000 0.00000000000000000 0.00000000000000000 -1.00000000000000000 -1.00000000000000000 -0.00000000000000000 -0.00000000000000000 -0.00000000000000000 1.00000000000000000 0.00000000000000000 515.79933648387577705
2 -10.00000000000005684 -617.87949192431153733 0.00000000000000000 -0.00000000000000000 0.00000000000000000 -1.00000000000000000 0.49999999999999978 -0.86602540378443882 -0.00000000000000000 -0.86602540378443882 -0.49999999999999978 0.00000000000000000 515.79933648387577705
2 530.09933648387573157 317.60000000000002274 0.00000000000000000 -0.00000000000000000 -0.00000000000000000 -1.00000000000000000 1.00000000000000000 0.00000000000000000 0.00000000000000000 -0.00000000000000000 1.00000000000000000 -0.00000000000000000 515.79933648387577705
2 -540.09933648387550420 300.27949192431162828 0.00000000000000000 -0.00000000000000000 -0.00000000000000000 -1.00000000000000000 -0.49999999999999978 0.86602540378443882 0.00000000000000000 -0.86602540378443882 -0.49999999999999978 0.00000000000000000 515.79933648387577705
2 9.99999999999943334 -617.87949192431165102 0.00000000000000000 -0.00000000000000000 -0.00000000000000000 -1.00000000000000000 -0.50000000000000067 -0.86602540378443837 0.00000000000000000 0.86602540378443837 -0.50000000000000067 -0.00000000000000000 515.79933648387589074
1 319.86119246900403823 -201.18416327411776479 0.00000000000000000 -0.50000000000000067 -0.86602540378443837 0.00000000000000000 -0.86602540378443837 0.50000000000000067 0.00000000000000000 -0.00000000000000000 0.00000000000000000 -1.00000000000000000 
1 -334.16119246900410644 -176.41583672588248533 0.00000000000000000 -0.49999999999999978 0.86602540378443882 0.00000000000000000 0.86602540378443882 0.49999999999999978 0.00000000000000000 0.00000000000000000 0.00000000000000000 -1.00000000000000000 
1 14.29999999999995453 377.60000000000002274 0.00000000000000000 1.00000000000000000 0.00000000000000000 -0.00000000000000000 0.00000000000000000 -1.00000000000000000 0.00000000000000000 0.00000000000000000 -0.00000000000000000 -1.00000000000000000 
Triangulations 0

TShapes 26
Ve
0.000000100000070
-0.000000000000028 377.600000000000250 0.000000000000000
0 0

0101101
*
Ve
0.000000100000000
-14.299999999999955 377.600000000000023 0.000000000000000
0 0

0101101
*
Ed
 0.000000100000000 1 1 0
1  1 0 0.000000000000000 14.299999999999955
0

0101000
+26 11 -25 11 *
Ve
0.000000100000000
-14.299999999999955 317.600000000000080 0.000000000000000
0 0

0101101
*
Ed
 0.000000100000000 1 1 0
1  2 0 0.000000000000000 59.999999999999943
2  1 2 14 0.000000000000000 59.999999999999943
2  2 2 16 0.000000000000000 59.999999999999943
2  3 2 18 0.000000000000000 59.999999999999943
2  4 3 22 0.000000000000000 59.999999999999943
2  5 3 24 0.000000000000000 59.999999999999943
2  6 4 25 0.000000000000000 59.999999999999943
2  7 4 26 0.000000000000000 59.999999999999943
2  8 5 27 0.000000000000000 59.999999999999943
2  9 5 28 0.000000000000000 59.999999999999943
0

0101000
+25 11 -23 11 *
Ve
0.000000100000000
-83.404007833681590 59.700331758062305 0.000000000000000
0 0

0101101
*
Ed
 0.000000100000000 1 1 0
1  3 0 3.141592653589793 3.665191429188092
2  10 6 22 3.141592653589793 3.665191429188092
2  11 6 24 3.141592653589793 3.665191429188092
2  12 7 27 3.141592653589793 3.665191429188092
2  13 7 28 3.141592653589793 3.665191429188092
2  14 8 25 3.141592653589793 3.665191429188092
2  15 8 26 3.141592653589793 3.665191429188092
2  16 2 14 3.141592653589793 3.665191429188092
2  17 2 16 3.141592653589793 3.665191429188092
2  18 2 18 3.141592653589793 3.665191429188092
0

0101000
+23 11 -21 11 *
Ve
0.000000100000115
88.404007833681746 51.040077720217816 0.000000000000000
0 0

0101101
*
Ed
 0.000000100000000 1 1 0
1  4 0 0.000000000000000 10.000000000000075
0

0101000
+19 29 -21 11 *
Ve
0.000000100000000
83.404007833681646 59.700331758062347 0.000000000000000
0 0

0101101
*
Ed
 0.000000100000000 1 1 0
1  5 0 0.000000000000000 10.000000000000075
0

0101000
+19 33 -17 33 *
Ve
0.000000100000000
14.299999999999955 317.600000000000080 0.000000000000000
0 0

0101101
*
Ed
 0.000000100000000 1 1 0
1  6 0 3.141592653589793 3.665191429188092
2  19 9 34 3.141592653589793 3.665191429188092
2  20 9 35 3.141592653589793 3.665191429188092
2  21 10 36 3.141592653589793 3.665191429188092
2  22 10 37 3.141592653589793 3.665191429188092
2  23 11 38 3.141592653589793 3.665191429188092
2  24 11 39 3.141592653589793 3.665191429188092
2  25 2 40 3.141592653589793 3.665191429188092
2  26 2 41 3.141592653589793 3.665191429188092
2  27 2 42 3.141592653589793 3.665191429188092
0

0101000
+15 33 -17 33 *
Ve
0.000000100000000
14.299999999999955 377.600000000000023 0.000000000000000
0 0

0101101
*
Ed
 0.000000100000000 1 1 0
1  7 0 0.000000000000000 59.999999999999943
2  28 2 40 0.000000000000000 59.999999999999943
2  29 2 41 0.000000000000000 59.999999999999943
2  30 2 42 0.000000000000000 59.999999999999943
2  31 12 38 0.000000000000000 59.999999999999943
2  32 12 39 0.000000000000000 59.999999999999943
2  33 13 36 0.000000000000000 59.999999999999943
2  34 13 37 0.000000000000000 59.999999999999943
2  35 14 34 0.000000000000000 59.999999999999943
2  36 14 35 0.000000000000000 59.999999999999943
0

0101000
+13 33 -15 33 *
Ed
 0.000000100000000 1 1 0
1  8 0 0.000000000000000 14.299999999999955
0

0101000
+26 33 -13 33 *
Ve
0.000000100000154
-88.404007833681661 51.040077720218029 0.000000000000000
0 0

0101101
*
Ed
 0.000000100000000 1 1 0
1  4 0 0.000000000000000 10.000000000000075
0

0101000
+10 11 -21 11 *
Ed
 0.000000100000000 1 1 0
1  5 0 0.000000000000000 10.000000000000075
0

0101000
+10 45 -17 33 *
Ve
0.000000100000064
0.000000000000000 377.600000000000136 0.000000000000000
0 0

0101101
*
Ed
 0.000000100000000 1 1 0
1  8 0 0.000000000000000 14.299999999999955
0

0101000
+7 33 -13 33 *
Ed
 0.000000100000000 1 1 0
1  1 0 0.000000000000000 14.299999999999955
0

0101000
+7 11 -25 11 *
Ed
 0.000000100000000 1 1 0
1  5 0 0.000000000000000 10.000000000000075
0

0101000
+10 48 -17 33 *
Ed
 0.000000100000000 1 1 0
1  8 0 0.000000000000000 14.299999999999955
0

0101000
+26 33 -13 33 *
Wi

0101100
+24 10 +22 10 +20 10 -18 10 +16 32 -14 32 -12 32 -11 32 +24 43 +22 43 
+20 43 -9 43 +8 44 -14 44 -12 44 -6 44 +5 46 +22 46 +20 46 -9 46 
+4 47 -14 47 -12 47 -3 47 *
Fa
0  0.000000100000000 1 0

0101000
+2 0 *

+1 1 