
CASCADE Topology V1, (c) Matra-Datavision
Locations 6
1
1.000000000000000 0.000000000000000 0.000000000000000 0.000000000000000 
0.000000000000000 1.000000000000000 0.000000000000000 0.000000000000000 
0.000000000000000 0.000000000000000 1.000000000000000 0.000000000000000 
1
1.000000000000000 0.000000000000000 0.000000000000000 0.000000000000000 
0.000000000000000 1.000000000000000 0.000000000000000 0.000000000000000 
0.000000000000000 0.000000000000000 1.000000000000000 0.000000000000000 
1
1.000000000000000 0.000000000000000 0.000000000000000 0.000000000000000 
0.000000000000000 1.000000000000000 0.000000000000000 0.000000000000000 
0.000000000000000 0.000000000000000 1.000000000000000 0.000000000000000 
2  2 1 3 -1 1 -1 0
1
1.000000000000000 0.000000000000000 0.000000000000000 0.000000000000000 
0.000000000000000 1.000000000000000 0.000000000000000 0.000000000000000 
0.000000000000000 0.000000000000000 1.000000000000000 3.000000000000000 
2  5 -1 2 1 3 -1 1 -1 0
Curve2ds 54
1 0.00000000000000000 0.00000000000000000 1.00000000000000000 0.00000000000000000 
1 0.00000000000000000 -3.00000000000000000 1.00000000000000000 0.00000000000000000 
2 930.37557344124957126 537.15258786147887804 1.00000000000000000 0.00000000000000000 -0.00000000000000000 1.00000000000000000 901.30517559137683747
1 0.00000000000000000 0.00000000000000000 1.00000000000000000 0.00000000000000000 
1 0.00000000000000000 -3.00000000000000000 1.00000000000000000 0.00000000000000000 
7 0 0  6 7 2  338.47065402137445744 -142.55292631601719222  301.00338904903054527 -109.92547516415335451  265.69434375276279070 -74.81966408958932391  232.74843721585187950 -37.41394119069283875  202.35092505806042595 2.09064231225897945  174.66362325525165033 43.47373028081047153  149.82239484880247460 86.50000001022721108 
 2.61799387792078031 7 2.94873062387872187 7
1 0.00000000000000000 0.00000000000000000 1.00000000000000000 0.00000000000000000 
1 0.00000000000000000 -3.00000000000000000 1.00000000000000000 0.00000000000000000 
2 320.08250071357934985 -163.66869809753302434 0.50000000000000033 0.86602540378443860 0.86602540378443860 -0.50000000000000033 28.00000000000018829
1 0.00000000000000000 0.00000000000000000 1.00000000000000000 0.00000000000000000 
1 0.00000000000000000 -3.00000000000000000 1.00000000000000000 0.00000000000000000 
2 -0.00000000000013429 0.00000000000000467 0.50000000000000033 0.86602540378443860 0.86602540378443860 -0.50000000000000033 387.50000000000022737
1 0.00000000000000000 0.00000000000000000 1.00000000000000000 0.00000000000000000 
1 0.00000000000000000 -3.00000000000000000 1.00000000000000000 0.00000000000000000 
2 0.00000000000006510 0.00000000000035004 -0.50000000000000033 -0.86602540378443860 0.86602540378443860 -0.50000000000000033 387.50000000000022737
1 0.00000000000000000 0.00000000000000000 1.00000000000000000 0.00000000000000000 
1 0.00000000000000000 -3.00000000000000000 1.00000000000000000 0.00000000000000000 
2 301.78250071357916795 -195.36522787604383211 -0.50000000000000033 -0.86602540378443860 0.86602540378443860 -0.50000000000000033 28.00000000000018829
1 0.00000000000000000 0.00000000000000000 1.00000000000000000 0.00000000000000000 
1 0.00000000000000000 -3.00000000000000000 1.00000000000000000 0.00000000000000000 
2 0.00000007596821679 -1074.30517559137615535 -0.50000000000000033 -0.86602540378443860 0.86602540378443860 -0.50000000000000033 901.30517559137695116
1 0.00000000000000000 0.00000000000000000 1.00000000000000000 0.00000000000000000 
1 0.00000000000000000 -3.00000000000000000 1.00000000000000000 0.00000000000000000 
7 0 0  6 7 2  -292.68978258416933613 -221.84772166003551774  -245.69994853974756666 -205.71384395959481139  -197.64290168058366248 -192.68821928693245127  -148.77564213476330224 -182.85908872471011932  -99.36491317638696330 -176.28636273568994852  -49.68245680717132018 -172.99999999648815674  0.00000001180959627 -172.99999999999937472 
 2.61799387792078031 7 2.94873062387872187 7
1 0.00000000000000000 0.00000000000000000 1.00000000000000000 0.00000000000000000 
1 0.00000000000000000 -3.00000000000000000 1.00000000000000000 0.00000000000000000 
2 -301.78250071357899742 -195.36522787604411633 0.50000000000000056 -0.86602540378443837 -0.86602540378443837 -0.50000000000000056 28.00000000000018829
1 0.00000000000000000 0.00000000000000000 1.00000000000000000 0.00000000000000000 
1 0.00000000000000000 -3.00000000000000000 1.00000000000000000 0.00000000000000000 
2 -0.00000000000000079 0.00000000000022214 0.50000000000000056 -0.86602540378443837 -0.86602540378443837 -0.50000000000000056 387.50000000000028422
1 0.00000000000000000 0.00000000000000000 1.00000000000000000 0.00000000000000000 
1 0.00000000000000000 -3.00000000000000000 1.00000000000000000 0.00000000000000000 
2 0.00000000000019860 -0.00000000000012323 -0.50000000000000056 0.86602540378443837 -0.86602540378443837 -0.50000000000000056 387.50000000000028422
1 0.00000000000000000 0.00000000000000000 1.00000000000000000 0.00000000000000000 
1 0.00000000000000000 -3.00000000000000000 1.00000000000000000 0.00000000000000000 
2 -320.08250071357917932 -163.66869809753328013 -0.50000000000000056 0.86602540378443837 -0.86602540378443837 -0.50000000000000056 28.00000000000016342
1 0.00000000000000000 0.00000000000000000 1.00000000000000000 0.00000000000000000 
1 0.00000000000000000 -3.00000000000000000 1.00000000000000000 0.00000000000000000 
2 -930.37557351721864052 537.15258772989716363 -0.50000000000000056 0.86602540378443837 -0.86602540378443837 -0.50000000000000056 901.30517559137695116
1 0.00000000000000000 0.00000000000000000 1.00000000000000000 0.00000000000000000 
1 0.00000000000000000 -3.00000000000000000 1.00000000000000000 0.00000000000000000 
7 0 0  6 7 2  -45.78087143720502894 364.40064797605265312  -55.30344050928283650 315.63931912374829380  -68.05144207217874452 267.50788337652267046  -83.97279508108854884 220.27302991540167909  -102.98601188167313580 174.19572042343216367  -124.98116644808035858 129.52626971567747205  -149.82239486061229172 86.49999998977241944 
 2.61799387792078031 7 2.94873062387872187 7
1 0.00000000000000000 0.00000000000000000 1.00000000000000000 0.00000000000000000 
1 0.00000000000000000 -3.00000000000000000 1.00000000000000000 0.00000000000000000 
2 -18.30000000000021743 359.03392597357702698 -1.00000000000000000 0.00000000000000000 0.00000000000000000 1.00000000000000000 28.00000000000015632
1 0.00000000000000000 0.00000000000000000 1.00000000000000000 0.00000000000000000 
1 0.00000000000000000 -3.00000000000000000 1.00000000000000000 0.00000000000000000 
2 0.00000000000017826 0.00000000000001764 -1.00000000000000000 0.00000000000000000 0.00000000000000000 1.00000000000000000 387.50000000000011369
1 0.00000000000000000 0.00000000000000000 1.00000000000000000 0.00000000000000000 
1 0.00000000000000000 -3.00000000000000000 1.00000000000000000 0.00000000000000000 
2 -0.00000000000022053 0.00000000000001764 1.00000000000000000 0.00000000000000000 -0.00000000000000000 1.00000000000000000 387.50000000000011369
1 0.00000000000000000 0.00000000000000000 1.00000000000000000 0.00000000000000000 
1 0.00000000000000000 -3.00000000000000000 1.00000000000000000 0.00000000000000000 
2 18.30000000000017479 359.03392597357702698 1.00000000000000000 0.00000000000000000 -0.00000000000000000 1.00000000000000000 28.00000000000015632
Curves 18
2 930.37557344124957126 537.15258786147876435 0.00000000000000000 0.00000000000000000 -0.00000000000000000 1.00000000000000000 1.00000000000000000 0.00000000000000000 0.00000000000000000 -0.00000000000000000 1.00000000000000000 0.00000000000000000 901.30517559137683747
7 0 0  6 7 2  338.47065402137445744 -142.55292631601724906 0.00000000000000000  301.00338904903054527 -109.92547516415341136 0.00000000000000000  265.69434375276279070 -74.81966408958938075 0.00000000000000000  232.74843721585190792 -37.41394119069289559 0.00000000000000000  202.35092505806045438 2.09064231225892172 0.00000000000000000  174.66362325525167876 43.47373028081041468 0.00000000000000000  149.82239484880250302 86.50000001022715423 0.00000000000000000 
 2.61799387792078031 7 2.94873062387872187 7
2 320.08250071357934985 -163.66869809753308118 0.00000000000000000 0.00000000000000000 0.00000000000000000 -1.00000000000000000 0.50000000000000033 0.86602540378443860 0.00000000000000000 0.86602540378443860 -0.50000000000000033 0.00000000000000000 28.00000000000018829
2 -0.00000000000011316 -0.00000000000005313 0.00000000000000000 0.00000000000000000 0.00000000000000000 -1.00000000000000000 0.50000000000000033 0.86602540378443860 0.00000000000000000 0.86602540378443860 -0.50000000000000033 0.00000000000000000 387.50000000000017053
2 0.00000000000008624 0.00000000000029224 0.00000000000000000 0.00000000000000000 0.00000000000000000 1.00000000000000000 -0.50000000000000033 -0.86602540378443860 0.00000000000000000 0.86602540378443860 -0.50000000000000033 0.00000000000000000 387.50000000000017053
2 301.78250071357916795 -195.36522787604388895 0.00000000000000000 0.00000000000000000 0.00000000000000000 1.00000000000000000 -0.50000000000000033 -0.86602540378443860 0.00000000000000000 0.86602540378443860 -0.50000000000000033 0.00000000000000000 28.00000000000018829
2 0.00000007596823792 -1074.30517559137615535 0.00000000000000000 0.00000000000000000 0.00000000000000000 1.00000000000000000 -0.50000000000000033 -0.86602540378443860 0.00000000000000000 0.86602540378443860 -0.50000000000000033 0.00000000000000000 901.30517559137672379
7 0 0  6 7 2  -292.68978258416933613 -221.84772166003557459 0.00000000000000000  -245.69994853974753823 -205.71384395959486824 0.00000000000000000  -197.64290168058363406 -192.68821928693250811 0.00000000000000000  -148.77564213476327382 -182.85908872471017617 0.00000000000000000  -99.36491317638694909 -176.28636273569000537 0.00000000000000000  -49.68245680717129886 -172.99999999648821358 0.00000000000000000  0.00000001180961741 -172.99999999999943157 0.00000000000000000 
 2.61799387792078031 7 2.94873062387872187 7
2 -301.78250071357899742 -195.36522787604417317 0.00000000000000000 -0.00000000000000000 0.00000000000000000 -1.00000000000000000 0.50000000000000056 -0.86602540378443837 -0.00000000000000000 -0.86602540378443837 -0.50000000000000056 0.00000000000000000 28.00000000000018829
2 0.00000000000002034 0.00000000000016434 0.00000000000000000 -0.00000000000000000 0.00000000000000000 -1.00000000000000000 0.50000000000000056 -0.86602540378443837 -0.00000000000000000 -0.86602540378443837 -0.50000000000000056 0.00000000000000000 387.50000000000028422
2 0.00000000000021974 -0.00000000000018103 0.00000000000000000 0.00000000000000000 0.00000000000000000 1.00000000000000000 -0.50000000000000056 0.86602540378443837 0.00000000000000000 -0.86602540378443837 -0.50000000000000056 0.00000000000000000 387.50000000000028422
2 -320.08250071357917932 -163.66869809753333698 0.00000000000000000 0.00000000000000000 0.00000000000000000 1.00000000000000000 -0.50000000000000056 0.86602540378443837 0.00000000000000000 -0.86602540378443837 -0.50000000000000056 0.00000000000000000 28.00000000000016342
2 -930.37557351721864052 537.15258772989704994 0.00000000000000000 0.00000000000000000 0.00000000000000000 1.00000000000000000 -0.50000000000000056 0.86602540378443837 0.00000000000000000 -0.86602540378443837 -0.50000000000000056 0.00000000000000000 901.30517559137695116
7 0 0  6 7 2  -45.78087143720500762 364.40064797605259628 0.00000000000000000  -55.30344050928281519 315.63931912374823696 0.00000000000000000  -68.05144207217873031 267.50788337652261362 0.00000000000000000  -83.97279508108853463 220.27302991540162225 0.00000000000000000  -102.98601188167312159 174.19572042343210683 0.00000000000000000  -124.98116644808034437 129.52626971567741521 0.00000000000000000  -149.82239486061226330 86.49999998977236260 0.00000000000000000 
 2.61799387792078031 7 2.94873062387872187 7
2 -18.30000000000019611 359.03392597357697014 0.00000000000000000 0.00000000000000000 0.00000000000000000 -1.00000000000000000 -1.00000000000000000 0.00000000000000000 0.00000000000000000 0.00000000000000000 1.00000000000000000 0.00000000000000000 28.00000000000015632
2 0.00000000000019940 -0.00000000000004015 0.00000000000000000 0.00000000000000000 0.00000000000000000 -1.00000000000000000 -1.00000000000000000 0.00000000000000000 0.00000000000000000 0.00000000000000000 1.00000000000000000 0.00000000000000000 387.50000000000011369
2 -0.00000000000019940 -0.00000000000004015 0.00000000000000000 0.00000000000000000 -0.00000000000000000 1.00000000000000000 1.00000000000000000 0.00000000000000000 0.00000000000000000 -0.00000000000000000 1.00000000000000000 0.00000000000000000 387.50000000000011369
2 18.30000000000019611 359.03392597357697014 0.00000000000000000 0.00000000000000000 -0.00000000000000000 1.00000000000000000 1.00000000000000000 0.00000000000000000 0.00000000000000000 -0.00000000000000000 1.00000000000000000 0.00000000000000000 28.00000000000015632
Polygon3D 0
PolygonOnTriangulations 0
Surfaces 19
1 0.00000000000002114 -0.00000000000005780 0.00000000000000000 0.00000000000000000 0.00000000000000000 1.00000000000000000 1.00000000000000000 0.00000000000000000 -0.00000000000000000 -0.00000000000000000 1.00000000000000000 0.00000000000000000 
2 930.37557344124957126 537.15258786147876435 0.00000000000000000 -0.00000000000000000 -0.00000000000000000 -1.00000000000000000 1.00000000000000000 0.00000000000000000 0.00000000000000000 -0.00000000000000000 1.00000000000000000 -0.00000000000000000 901.30517559137683747
6 -0.00000000000000000 -0.00000000000000000 -1.00000000000000000 
7 0 0  6 7 2  338.47065402137445744 -142.55292631601724906 0.00000000000000000  301.00338904903054527 -109.92547516415341136 0.00000000000000000  265.69434375276279070 -74.81966408958938075 0.00000000000000000  232.74843721585190792 -37.41394119069289559 0.00000000000000000  202.35092505806045438 2.09064231225892172 0.00000000000000000  174.66362325525167876 43.47373028081041468 0.00000000000000000  149.82239484880250302 86.50000001022715423 0.00000000000000000 
 2.61799387792078031 7 2.94873062387872187 7
2 320.08250071357934985 -163.66869809753308118 0.00000000000000000 0.00000000000000000 0.00000000000000000 -1.00000000000000000 0.50000000000000033 0.86602540378443860 0.00000000000000000 0.86602540378443860 -0.50000000000000033 0.00000000000000000 28.00000000000018829
2 -0.00000000000011316 -0.00000000000005313 0.00000000000000000 0.00000000000000000 0.00000000000000000 -1.00000000000000000 0.50000000000000033 0.86602540378443860 0.00000000000000000 0.86602540378443860 -0.50000000000000033 0.00000000000000000 387.50000000000017053
2 0.00000000000008624 0.00000000000029224 0.00000000000000000 -0.00000000000000000 -0.00000000000000000 -1.00000000000000000 -0.50000000000000033 -0.86602540378443860 0.00000000000000000 0.86602540378443860 -0.50000000000000033 -0.00000000000000000 387.50000000000017053
2 301.78250071357916795 -195.36522787604388895 0.00000000000000000 -0.00000000000000000 -0.00000000000000000 -1.00000000000000000 -0.50000000000000033 -0.86602540378443860 0.00000000000000000 0.86602540378443860 -0.50000000000000033 -0.00000000000000000 28.00000000000018829
2 0.00000007596823792 -1074.30517559137615535 0.00000000000000000 -0.00000000000000000 -0.00000000000000000 -1.00000000000000000 -0.50000000000000033 -0.86602540378443860 0.00000000000000000 0.86602540378443860 -0.50000000000000033 -0.00000000000000000 901.30517559137672379
6 -0.00000000000000000 -0.00000000000000000 -1.00000000000000000 
7 0 0  6 7 2  -292.68978258416933613 -221.84772166003557459 0.00000000000000000  -245.69994853974753823 -205.71384395959486824 0.00000000000000000  -197.64290168058363406 -192.68821928693250811 0.00000000000000000  -148.77564213476327382 -182.85908872471017617 0.00000000000000000  -99.36491317638694909 -176.28636273569000537 0.00000000000000000  -49.68245680717129886 -172.99999999648821358 0.00000000000000000  0.00000001180961741 -172.99999999999943157 0.00000000000000000 
 2.61799387792078031 7 2.94873062387872187 7
2 -301.78250071357899742 -195.36522787604417317 0.00000000000000000 0.00000000000000000 -0.00000000000000000 -1.00000000000000000 0.50000000000000056 -0.86602540378443837 0.00000000000000000 -0.86602540378443837 -0.50000000000000056 0.00000000000000000 28.00000000000018829
2 0.00000000000002034 0.00000000000016434 0.00000000000000000 0.00000000000000000 -0.00000000000000000 -1.00000000000000000 0.50000000000000056 -0.86602540378443837 0.00000000000000000 -0.86602540378443837 -0.50000000000000056 0.00000000000000000 387.50000000000028422
2 0.00000000000021974 -0.00000000000018103 0.00000000000000000 -0.00000000000000000 -0.00000000000000000 -1.00000000000000000 -0.50000000000000056 0.86602540378443837 0.00000000000000000 -0.86602540378443837 -0.50000000000000056 0.00000000000000000 387.50000000000028422
2 -320.08250071357917932 -163.66869809753333698 0.00000000000000000 -0.00000000000000000 -0.00000000000000000 -1.00000000000000000 -0.50000000000000056 0.86602540378443837 0.00000000000000000 -0.86602540378443837 -0.50000000000000056 0.00000000000000000 28.00000000000016342
2 -930.37557351721864052 537.15258772989704994 0.00000000000000000 -0.00000000000000000 -0.00000000000000000 -1.00000000000000000 -0.50000000000000056 0.86602540378443837 0.00000000000000000 -0.86602540378443837 -0.50000000000000056 0.00000000000000000 901.30517559137695116
6 -0.00000000000000000 -0.00000000000000000 -1.00000000000000000 
7 0 0  6 7 2  -45.78087143720500762 364.40064797605259628 0.00000000000000000  -55.30344050928281519 315.63931912374823696 0.00000000000000000  -68.05144207217873031 267.50788337652261362 0.00000000000000000  -83.97279508108853463 220.27302991540162225 0.00000000000000000  -102.98601188167312159 174.19572042343210683 0.00000000000000000  -124.98116644808034437 129.52626971567741521 0.00000000000000000  -149.82239486061226330 86.49999998977236260 0.00000000000000000 
 2.61799387792078031 7 2.94873062387872187 7
2 -18.30000000000019611 359.03392597357697014 0.00000000000000000 0.00000000000000000 0.00000000000000000 -1.00000000000000000 -1.00000000000000000 0.00000000000000000 0.00000000000000000 0.00000000000000000 1.00000000000000000 0.00000000000000000 28.00000000000015632
2 0.00000000000019940 -0.00000000000004015 0.00000000000000000 0.00000000000000000 0.00000000000000000 -1.00000000000000000 -1.00000000000000000 0.00000000000000000 0.00000000000000000 0.00000000000000000 1.00000000000000000 0.00000000000000000 387.50000000000011369
2 -0.00000000000019940 -0.00000000000004015 0.00000000000000000 -0.00000000000000000 -0.00000000000000000 -1.00000000000000000 1.00000000000000000 0.00000000000000000 0.00000000000000000 -0.00000000000000000 1.00000000000000000 -0.00000000000000000 387.50000000000011369
2 18.30000000000019611 359.03392597357697014 0.00000000000000000 -0.00000000000000000 -0.00000000000000000 -1.00000000000000000 1.00000000000000000 0.00000000000000000 0.00000000000000000 -0.00000000000000000 1.00000000000000000 -0.00000000000000000 28.00000000000015632
Triangulations 0

TShapes 38
Ve
0.000000100000000
45.780871437204723 364.400647976053051 0.000000000000000
0 0

0101101
*
Ve
0.000000100212280
149.822394848696348 86.500000010410986 0.000000000000000
0 0

0101101
*
Ed
 0.000000100000000 1 1 0
1  1 0 3.334454683300864 3.665191429258805
2  1 2 4 3.334454683300864 3.665191429258805
2  2 2 6 3.334454683300864 3.665191429258805
2  3 1 0 3.334454683300864 3.665191429258805
0

0101000
+38 0 -37 0 *
Ve
0.000000100000000
338.470654021374457 -142.552926316017249 0.000000000000000
0 0

0101101
*
Ed
 0.000000100000000 1 1 0
1  2 0 2.617993877920780 2.948730623878722
2  4 3 4 2.617993877920780 2.948730623878722
2  5 3 6 2.617993877920780 2.948730623878722
2  6 1 0 2.617993877920780 2.948730623878722
0

0101000
+35 0 -37 0 *
Ve
0.000000100000000
345.012431228128150 -176.416190578008610 0.000000000000000
0 0

0101101
*
Ed
 0.000000100000000 1 1 0
1  3 0 6.476047336890658 7.803055590990726
2  7 4 4 6.476047336890658 7.803055590990726
2  8 4 6 6.476047336890658 7.803055590990726
2  9 1 0 6.476047336890658 7.803055590990726
0

0101000
+35 0 -33 0 *
Ve
0.000000100000000
335.584843966470089 -193.750000000000028 0.000000000000000
0 0

0101101
*
Ed
 0.000000100000000 1 1 0
1  4 0 1.519870283811140 1.570796326794896
2  10 5 4 1.519870283811140 1.570796326794896
2  11 5 6 1.519870283811140 1.570796326794896
2  12 1 0 1.519870283811140 1.570796326794896
0

0101000
+33 0 -31 0 *
Ve
0.000000100000000
325.287118293496519 -210.581434775986310 0.000000000000000
0 0

0101101
*
Ed
 0.000000100000000 1 1 0
1  5 0 1.519870283811140 1.570796326794897
2  13 6 4 1.519870283811140 1.570796326794897
2  14 6 6 1.519870283811140 1.570796326794897
2  15 1 0 1.519870283811140 1.570796326794897
0

0101000
+29 0 -31 0 *
Ve
0.000000100000000
292.689782584170302 -221.847721660035063 0.000000000000000
0 0

0101101
*
Ed
 0.000000100000000 1 1 0
1  6 0 6.476047336890656 7.803055590990727
2  16 7 4 6.476047336890656 7.803055590990727
2  17 7 6 6.476047336890656 7.803055590990727
2  18 1 0 6.476047336890656 7.803055590990727
0

0101000
+27 0 -29 0 *
Ve
0.000000100212321
0.000000012021939 -172.999999999999375 0.000000000000000
0 0

0101101
*
Ed
 0.000000100000000 1 1 0
1  7 0 3.334454683300864 3.665191429258805
2  19 8 4 3.334454683300864 3.665191429258805
2  20 8 6 3.334454683300864 3.665191429258805
2  21 1 0 3.334454683300864 3.665191429258805
0

0101000
+27 0 -25 0 *
Ve
0.000000100000028
-292.689782584169336 -221.847721660035546 0.000000000000000
0 0

0101101
*
Ed
 0.000000100000000 1 1 0
1  8 0 2.617993877920780 2.948730623878722
2  22 9 4 2.617993877920780 2.948730623878722
2  23 9 6 2.617993877920780 2.948730623878722
2  24 1 0 2.617993877920780 2.948730623878722
0

0101000
+23 0 -25 0 *
Ve
0.000000100000000
-325.287118293496292 -210.581434775986565 0.000000000000000
0 0

0101101
*
Ed
 0.000000100000000 1 1 0
1  9 0 6.476047336890658 7.803055590990725
2  25 10 4 6.476047336890658 7.803055590990725
2  26 10 6 6.476047336890658 7.803055590990725
2  27 1 0 6.476047336890658 7.803055590990725
0

0101000
+23 0 -21 0 *
Ve
0.000000100000000
-335.584843966469919 -193.750000000000512 0.000000000000000
0 0

0101101
*
Ed
 0.000000100000000 1 1 0
1  10 0 1.519870283811140 1.570796326794896
2  28 11 4 1.519870283811140 1.570796326794896
2  29 11 6 1.519870283811140 1.570796326794896
2  30 1 0 1.519870283811140 1.570796326794896
0

0101000
+21 0 -19 0 *
Ve
0.000000100000000
-345.012431228128094 -176.416190578008923 0.000000000000000
0 0

0101101
*
Ed
 0.000000100000000 1 1 0
1  11 0 1.519870283811140 1.570796326794897
2  31 12 4 1.519870283811140 1.570796326794897
2  32 12 6 1.519870283811140 1.570796326794897
2  33 1 0 1.519870283811140 1.570796326794897
0

0101000
+17 0 -19 0 *
Ve
0.000000100000000
-338.470654021374571 -142.552926316018386 0.000000000000000
0 0

0101101
*
Ed
 0.000000100000000 1 1 0
1  12 0 6.476047336890655 7.803055590990726
2  34 13 4 6.476047336890655 7.803055590990726
2  35 13 6 6.476047336890655 7.803055590990726
2  36 1 0 6.476047336890655 7.803055590990726
0

0101000
+15 0 -17 0 *
Ve
0.000000100212120
-149.822394860718305 86.499999989588659 0.000000000000000
0 0

0101101
*
Ed
 0.000000100000000 1 1 0
1  13 0 3.334454683300864 3.665191429258806
2  37 14 4 3.334454683300864 3.665191429258806
2  38 14 6 3.334454683300864 3.665191429258806
2  39 1 0 3.334454683300864 3.665191429258806
0

0101000
+15 0 -13 0 *
Ve
0.000000100000007
-45.780871437205015 364.400647976052596 0.000000000000000
0 0

0101101
*
Ed
 0.000000100000000 1 1 0
1  14 0 2.617993877920780 2.948730623878722
2  40 15 4 2.617993877920780 2.948730623878722
2  41 15 6 2.617993877920780 2.948730623878722
2  42 1 0 2.617993877920780 2.948730623878722
0

0101000
+11 0 -13 0 *
Ve
0.000000100000000
-19.725312934631674 386.997625353994806 0.000000000000000
0 0

0101101
*
Ed
 0.000000100000000 1 1 0
1  15 0 6.476047336890657 7.803055590990726
2  43 16 4 6.476047336890657 7.803055590990726
2  44 16 6 6.476047336890657 7.803055590990726
2  45 1 0 6.476047336890657 7.803055590990726
0

0101000
+11 0 -9 0 *
Ve
0.000000100000000
-0.000000000000168 387.500000000000057 0.000000000000000
0 0

0101101
*
Ed
 0.000000100000000 1 1 0
1  16 0 1.519870283811140 1.570796326794896
2  46 17 4 1.519870283811140 1.570796326794896
2  47 17 6 1.519870283811140 1.570796326794896
2  48 1 0 1.519870283811140 1.570796326794896
0

0101000
+9 0 -7 0 *
Ve
0.000000100000000
19.725312934631678 386.997625353994806 0.000000000000000
0 0

0101101
*
Ed
 0.000000100000000 1 1 0
1  17 0 1.519870283811140 1.570796326794897
2  49 18 4 1.519870283811140 1.570796326794897
2  50 18 6 1.519870283811140 1.570796326794897
2  51 1 0 1.519870283811140 1.570796326794897
0

0101000
+5 0 -7 0 *
Ed
 0.000000100000000 1 1 0
1  18 0 6.476047336890655 7.803055590990726
2  52 19 4 6.476047336890655 7.803055590990726
2  53 19 6 6.476047336890655 7.803055590990726
2  54 1 0 6.476047336890655 7.803055590990726
0

0101000
+38 0 -5 0 *
Wi

0101100
-36 0 +34 0 -32 0 -30 0 +28 0 +26 0 -24 0 +22 0 -20 0 -18 0 
+16 0 +14 0 -12 0 +10 0 -8 0 -6 0 +4 0 +3 0 *
Fa
0  0.000000100000000 1 0

0101000
+2 0 *

+1 1 