
CASCADE Topology V1, (c) Matra-Datavision
Locations 15
1
1.000000000000000 0.000000000000000 0.000000000000000 0.000000000000000 
0.000000000000000 1.000000000000000 0.000000000000000 0.000000000000000 
0.000000000000000 0.000000000000000 1.000000000000000 0.000000000000000 
1
1.000000000000000 0.000000000000000 0.000000000000000 0.000000000000000 
0.000000000000000 1.000000000000000 0.000000000000000 0.000000000000000 
0.000000000000000 0.000000000000000 1.000000000000000 0.000000000000000 
1
1.000000000000000 0.000000000000000 0.000000000000000 0.000000000000000 
0.000000000000000 1.000000000000000 0.000000000000000 0.000000000000000 
0.000000000000000 0.000000000000000 1.000000000000000 0.000000000000000 
1
0.707106781186547 -0.707106781186548 0.000000000000000 0.000000000000000 
0.707106781186548 0.707106781186547 0.000000000000000 -309.170999999999992 
0.000000000000000 0.000000000000000 1.000000000000000 0.000000000000000 
1
1.000000000000000 0.000000000000000 0.000000000000000 0.000000000000000 
0.000000000000000 1.000000000000000 0.000000000000000 0.000000000000000 
0.000000000000000 0.000000000000000 1.000000000000000 0.000000000000000 
2  3 1 4 1 5 1 0
1
0.707106781186548 0.707106781186547 0.000000000000000 16.970562748477146 
-0.707106781186547 0.707106781186548 -0.000000000000000 -16.970562748477132 
-0.000000000000000 0.000000000000000 1.000000000000000 0.000000000000000 
1
1.000000000000000 0.000000000000000 0.000000000000000 0.000000000000000 
0.000000000000000 1.000000000000000 0.000000000000000 0.000000000000000 
0.000000000000000 0.000000000000000 1.000000000000000 0.000000000000000 
2  7 1 8 1 0
1
-0.707106781186547 0.707106781186548 0.000000000000000 -16.970562748477132 
-0.707106781186548 -0.707106781186547 0.000000000000000 -16.970562748477146 
0.000000000000000 0.000000000000000 1.000000000000000 0.000000000000000 
2  10 1 8 1 0
1
-0.707106781186548 -0.707106781186547 0.000000000000000 -16.970562748477146 
0.707106781186547 -0.707106781186548 0.000000000000000 16.970562748477132 
0.000000000000000 0.000000000000000 1.000000000000000 0.000000000000000 
2  12 1 8 1 0
1
0.707106781186547 -0.707106781186548 0.000000000000000 16.970562748477128 
0.707106781186548 0.707106781186547 0.000000000000000 16.970562748477150 
0.000000000000000 0.000000000000000 1.000000000000000 0.000000000000000 
2  14 1 8 1 0
Curve2ds 0
Curves 1
2 2.29999999999999982 0.00000000000000000 0.00000000000000000 0.00000000000000000 0.00000000000000000 1.00000000000000000 1.00000000000000000 0.00000000000000000 -0.00000000000000000 -0.00000000000000000 1.00000000000000000 0.00000000000000000 3.10000000000000009
Polygon3D 0
PolygonOnTriangulations 0
Surfaces 4
1 -0.00000000000000011 0.00000000000000254 0.00000000000000000 0.00000000000000000 0.00000000000000000 1.00000000000000000 1.00000000000000000 0.00000000000000000 -0.00000000000000000 -0.00000000000000000 1.00000000000000000 0.00000000000000000 
1 -0.00000000000000011 0.00000000000000254 0.00000000000000000 0.00000000000000000 0.00000000000000000 1.00000000000000000 1.00000000000000000 0.00000000000000000 -0.00000000000000000 -0.00000000000000000 1.00000000000000000 0.00000000000000000 
1 -0.00000000000000011 0.00000000000000254 0.00000000000000000 0.00000000000000000 0.00000000000000000 1.00000000000000000 1.00000000000000000 0.00000000000000000 -0.00000000000000000 -0.00000000000000000 1.00000000000000000 0.00000000000000000 
1 -0.00000000000000011 0.00000000000000254 0.00000000000000000 0.00000000000000000 0.00000000000000000 1.00000000000000000 1.00000000000000000 0.00000000000000000 -0.00000000000000000 -0.00000000000000000 1.00000000000000000 0.00000000000000000 
Triangulations 0

TShapes 13
Ve
0.000000100000000
5.400000000000000 0.000000000000000 0.000000000000000
0 0

0101101
*
Ed
 0.000000100000000 1 1 0
1  1 0 0.000000000000000 6.283185307179586
0

0101100
+13 0 -13 0 *
Wi

0101100
+12 9 *
Fa
0  0.000000100000000 1 0

0111000
+11 0 *
Wi

0101100
+12 11 *
Fa
0  0.000000100000000 2 0

0111000
+9 0 *
Wi

0101100
+12 13 *
Fa
0  0.000000100000000 3 0

0111000
+7 0 *
Wi

0101100
+12 15 *
Fa
0  0.000000100000000 4 0

0111000
+5 0 *
Co

0100000
+10 0 +8 0 +6 0 +4 0 *
Co

0100000
+3 6 *
Co

1100000
+2 2 *

+1 1 