
CASCADE Topology V1, (c) Matra-Datavision
Locations 151
1
1.000000000000000 0.000000000000000 0.000000000000000 0.000000000000000 
0.000000000000000 1.000000000000000 0.000000000000000 0.000000000000000 
0.000000000000000 0.000000000000000 1.000000000000000 0.000000000000000 
1
1.000000000000000 0.000000000000000 0.000000000000000 0.000000000000000 
0.000000000000000 1.000000000000000 0.000000000000000 0.000000000000000 
0.000000000000000 0.000000000000000 1.000000000000000 0.000000000000000 
1
1.000000000000000 0.000000000000000 0.000000000000000 0.000000000000000 
0.000000000000000 1.000000000000000 0.000000000000000 0.000000000000000 
0.000000000000000 0.000000000000000 1.000000000000000 0.000000000000000 
1
1.000000000000000 0.000000000000000 0.000000000000000 0.000000000000000 
0.000000000000000 1.000000000000000 0.000000000000000 0.000000000000000 
0.000000000000000 0.000000000000000 1.000000000000000 0.000000000000000 
1
1.000000000000000 0.000000000000000 0.000000000000000 0.000000000000000 
0.000000000000000 1.000000000000000 0.000000000000000 0.000000000000000 
0.000000000000000 0.000000000000000 1.000000000000000 0.000000000000000 
1
1.000000000000000 0.000000000000000 0.000000000000000 0.000000000000000 
0.000000000000000 1.000000000000000 0.000000000000000 0.000000000000000 
0.000000000000000 0.000000000000000 1.000000000000000 0.000000000000000 
1
1.000000000000000 0.000000000000000 0.000000000000000 0.000000000000000 
0.000000000000000 1.000000000000000 0.000000000000000 0.000000000000000 
0.000000000000000 0.000000000000000 1.000000000000000 0.000000000000000 
1
1.000000000000000 0.000000000000000 0.000000000000000 0.000000000000000 
0.000000000000000 1.000000000000000 0.000000000000000 0.000000000000000 
0.000000000000000 0.000000000000000 1.000000000000000 0.000000000000000 
2  2 1 3 -1 4 1 5 -1 6 1 7 -1 8 1 0
1
1.000000000000000 0.000000000000000 0.000000000000000 0.000000000000000 
0.000000000000000 1.000000000000000 0.000000000000000 0.000000000000000 
0.000000000000000 0.000000000000000 1.000000000000000 0.000000000000000 
2  10 -1 8 -1 7 1 6 -1 5 1 4 -1 3 1 2 -1 0
1
0.000000000000000 0.000000000000000 1.000000000000000 11.499999999999474 
0.000000000000000 1.000000000000000 0.000000000000000 0.000000000000000 
-1.000000000000000 0.000000000000000 0.000000000000000 10.699999999999475 
2  10 -1 8 -1 7 1 6 -1 5 1 4 -1 3 1 2 -1 12 -1 0
2  6 1 7 -1 8 1 0
2  2 1 3 -1 4 1 5 -1 0
1
1.000000000000000 0.000000000000000 0.000000000000000 0.000000000000000 
0.000000000000000 1.000000000000000 0.000000000000000 0.000000000000000 
0.000000000000000 0.000000000000000 1.000000000000000 0.000000000000000 
1
1.000000000000000 0.000000000000000 0.000000000000000 0.000000000000000 
0.000000000000000 1.000000000000000 0.000000000000000 0.000000000000000 
0.000000000000000 0.000000000000000 1.000000000000000 0.000000000000000 
2  16 1 17 1 2 1 3 -1 4 1 5 -1 0
2  17 -1 16 -1 0
2  10 -1 8 -1 7 1 6 -1 5 1 4 -1 3 1 2 -1 17 -1 16 -1 0
2  12 1 2 1 3 -1 4 1 5 -1 0
2  12 -1 0
1
1.000000000000000 0.000000000000000 0.000000000000000 -0.000000000000000 
0.000000000000000 1.000000000000000 0.000000000000000 -0.000000000000000 
0.000000000000000 0.000000000000000 1.000000000000000 -0.300000000000000 
2  16 1 23 1 17 1 2 1 3 -1 4 1 5 -1 0
2  17 -1 23 -1 16 -1 0
2  10 -1 8 -1 7 1 6 -1 5 1 4 -1 3 1 2 -1 17 -1 23 -1 16 -1 0
2  16 1 17 1 0
2  16 1 23 1 17 1 0
2  10 -1 8 -1 7 1 6 -1 5 1 4 -1 3 1 2 -1 17 -1 0
2  10 -1 8 -1 7 1 6 -1 0
2  17 1 2 1 3 -1 4 1 5 -1 6 1 7 -1 8 1 0
2  16 1 17 1 2 1 3 -1 4 1 5 -1 6 1 7 -1 8 1 0
1
1.000000000000000 0.000000000000000 0.000000000000000 0.000000000000000 
0.000000000000000 1.000000000000000 0.000000000000000 0.000000000000000 
0.000000000000000 0.000000000000000 1.000000000000000 0.000000000000000 
1
1.000000000000000 0.000000000000000 0.000000000000000 0.000000000000000 
0.000000000000000 1.000000000000000 0.000000000000000 0.000000000000000 
0.000000000000000 0.000000000000000 1.000000000000000 0.000000000000000 
1
1.000000000000000 0.000000000000000 0.000000000000000 0.000000000000000 
0.000000000000000 1.000000000000000 0.000000000000000 0.000000000000000 
0.000000000000000 0.000000000000000 1.000000000000000 0.000000000000000 
1
-0.500000000000000 0.866025403784438 -0.000000000000001 0.000000000000000 
-0.866025403784438 -0.500000000000000 0.000000000000001 0.000000000000000 
0.000000000000000 0.000000000000001 1.000000000000000 0.000000000000000 
2  33 1 34 1 7 -1 35 1 36 1 0
2  7 1 34 -1 33 -1 0
2  10 -1 36 -1 35 -1 7 1 34 -1 33 -1 0
1
-0.500000000000000 -0.866025403784439 -0.000000000000000 0.000000000000000 
0.866025403784439 -0.500000000000000 0.000000000000001 0.000000000000000 
-0.000000000000001 -0.000000000000000 1.000000000000000 0.000000000000000 
2  33 1 34 1 7 -1 35 1 40 1 0
2  10 -1 40 -1 35 -1 7 1 34 -1 33 -1 0
2  33 1 34 1 7 -1 8 1 0
2  10 -1 8 -1 7 1 34 -1 33 -1 0
1
0.000000000000000 0.000000000000000 1.000000000000000 11.499999999999474 
0.000000000000000 1.000000000000000 0.000000000000000 0.000000000000000 
-1.000000000000000 0.000000000000000 0.000000000000000 10.699999999999475 
2  45 1 2 1 3 -1 4 1 5 -1 0
2  10 -1 8 -1 7 1 6 -1 5 1 4 -1 3 1 2 -1 45 -1 0
1
1.000000000000000 0.000000000000000 0.000000000000000 0.000000000000000 
0.000000000000000 1.000000000000000 0.000000000000000 0.000000000000000 
0.000000000000000 0.000000000000000 1.000000000000000 0.000000000000000 
1
0.000000000000000 -0.000000000000000 1.000000000000000 0.000000000000001 
1.000000000000000 0.000000000000000 -0.000000000000000 6.708587988005342 
-0.000000000000000 1.000000000000000 0.000000000000000 -0.000000000000001 
1
1.000000000000000 0.000000000000000 0.000000000000000 11.500000000000000 
0.000000000000000 1.000000000000000 0.000000000000000 -0.000000000000003 
0.000000000000000 0.000000000000000 1.000000000000000 0.000000000000003 
2  48 1 49 1 5 -1 50 1 0
2  10 -1 8 -1 7 1 6 -1 50 -1 5 1 49 -1 48 -1 0
2  4 1 5 -1 0
2  10 -1 8 -1 7 1 6 -1 5 1 4 -1 0
2  23 1 17 1 2 1 3 -1 4 1 5 -1 6 1 7 -1 8 1 0
2  16 1 23 1 17 1 2 1 3 -1 4 1 5 -1 6 1 7 -1 8 1 0
2  35 1 36 1 0
2  10 -1 0
2  35 1 40 1 0
2  10 -1 8 -1 0
1
1.000000000000000 0.000000000000000 0.000000000000000 0.000000000000000 
0.000000000000000 1.000000000000000 0.000000000000000 0.000000000000000 
0.000000000000000 0.000000000000000 1.000000000000000 -0.300000000000000 
2  61 1 45 1 2 1 3 -1 4 1 5 -1 0
2  10 -1 8 -1 7 1 6 -1 5 1 4 -1 3 1 2 -1 45 -1 61 -1 0
2  17 1 2 1 3 -1 4 1 5 -1 6 1 7 -1 0
2  16 1 17 1 2 1 3 -1 4 1 5 -1 6 1 7 -1 0
2  16 1 23 1 17 1 2 1 3 -1 4 1 5 -1 6 1 7 -1 0
2  61 1 45 1 0
1
0.750000000000024 -0.433012701892206 0.499999999999977 5.749999999999723 
-0.433012701892206 0.249999999999977 0.866025403784452 9.959292143521195 
-0.499999999999977 -0.866025403784452 0.000000000000000 10.699999999999990 
2  68 1 2 1 3 -1 4 1 5 -1 6 1 7 -1 8 1 0
2  68 -1 0
2  10 -1 8 -1 7 1 6 -1 5 1 4 -1 3 1 2 -1 68 -1 0
2  10 -1 36 -1 35 -1 0
1
0.750000000000024 -0.433012701892205 -0.499999999999977 -5.749999999999734 
-0.433012701892206 0.249999999999977 -0.866025403784452 -9.959292143521207 
0.499999999999976 0.866025403784453 0.000000000000000 10.700000000000008 
2  73 1 2 1 3 -1 4 1 5 -1 6 1 7 -1 8 1 0
2  73 -1 0
2  10 -1 8 -1 7 1 6 -1 5 1 4 -1 3 1 2 -1 73 -1 0
1
0.749999999999954 0.433012701892246 0.500000000000047 5.750000000000277 
0.433012701892246 0.250000000000047 -0.866025403784412 -9.959292143520294 
-0.500000000000047 0.866025403784412 0.000000000000001 10.699999999999489 
2  77 1 2 1 3 -1 4 1 5 -1 6 1 7 -1 8 1 0
2  77 -1 0
2  10 -1 8 -1 7 1 6 -1 5 1 4 -1 3 1 2 -1 77 -1 0
2  10 -1 40 -1 35 -1 0
1
0.749999999999953 0.433012701892246 -0.500000000000047 -5.750000000000279 
0.433012701892246 0.250000000000047 0.866025403784412 9.959292143520283 
0.500000000000047 -0.866025403784412 0.000000000000000 10.699999999999479 
2  82 1 2 1 3 -1 4 1 5 -1 6 1 7 -1 8 1 0
2  82 -1 0
2  10 -1 8 -1 7 1 6 -1 5 1 4 -1 3 1 2 -1 82 -1 0
1
0.000000000000000 0.000000000000000 -1.000000000000000 -11.500000000000510 
0.000000000000000 1.000000000000000 0.000000000000000 0.000000000000000 
1.000000000000000 0.000000000000000 0.000000000000000 10.700000000000511 
2  86 1 2 1 3 -1 4 1 5 -1 0
2  86 -1 0
2  10 -1 8 -1 7 1 6 -1 5 1 4 -1 3 1 2 -1 86 -1 0
2  33 1 34 1 7 -1 0
2  4 1 5 -1 6 1 7 -1 8 1 0
1
1.000000000000000 0.000000000000000 0.000000000000000 0.000000000000000 
0.000000000000000 1.000000000000000 0.000000000000000 0.000000000000000 
0.000000000000000 0.000000000000000 1.000000000000000 0.000000000000000 
1
-0.500000000000000 0.866025403784438 -0.000000000000001 0.000000000000000 
-0.866025403784438 -0.500000000000000 0.000000000000001 0.000000000000000 
0.000000000000000 0.000000000000001 1.000000000000000 0.000000000000000 
2  92 1 93 1 0
2  10 -1 93 -1 92 -1 0
1
0.750000000000024 -0.433012701892206 0.499999999999977 5.749999999999723 
-0.433012701892206 0.249999999999977 0.866025403784452 9.959292143521195 
-0.499999999999977 -0.866025403784452 0.000000000000000 10.699999999999990 
2  96 1 2 1 3 -1 4 1 5 -1 6 1 7 -1 8 1 0
1
1.000000000000000 0.000000000000000 0.000000000000000 -23.000000000000000 
0.000000000000000 1.000000000000000 0.000000000000000 0.000000000000005 
0.000000000000000 0.000000000000000 1.000000000000000 -0.000000000000006 
2  48 1 49 1 5 -1 50 1 98 1 92 1 93 1 0
2  10 -1 93 -1 92 -1 98 -1 50 -1 5 1 49 -1 48 -1 0
2  10 -1 8 -1 7 1 6 -1 5 1 4 -1 3 1 2 -1 96 -1 0
1
1.000000000000000 0.000000000000000 0.000000000000000 0.000000000000000 
0.000000000000000 1.000000000000000 0.000000000000000 0.000000000000000 
0.000000000000000 0.000000000000000 1.000000000000000 0.000000000000000 
1
-0.500000000000000 0.866025403784438 -0.000000000000001 0.000000000000000 
-0.866025403784438 -0.500000000000000 0.000000000000001 0.000000000000000 
0.000000000000000 0.000000000000001 1.000000000000000 0.000000000000000 
2  102 1 103 1 0
1
0.750000000000024 -0.433012701892205 -0.499999999999977 -5.749999999999734 
-0.433012701892206 0.249999999999977 -0.866025403784452 -9.959292143521207 
0.499999999999976 0.866025403784453 0.000000000000000 10.700000000000008 
2  105 1 2 1 3 -1 4 1 5 -1 6 1 7 -1 8 1 0
2  10 -1 8 -1 7 1 6 -1 5 1 4 -1 3 1 2 -1 105 -1 0
2  48 1 49 1 5 -1 50 1 92 1 93 1 0
2  10 -1 93 -1 92 -1 50 -1 5 1 49 -1 48 -1 0
1
-0.500000000000000 -0.866025403784439 -0.000000000000000 0.000000000000000 
0.866025403784439 -0.500000000000000 0.000000000000001 0.000000000000000 
-0.000000000000001 -0.000000000000000 1.000000000000000 0.000000000000000 
2  92 1 110 1 0
2  10 -1 110 -1 92 -1 0
1
0.749999999999954 0.433012701892246 0.500000000000047 5.750000000000277 
0.433012701892246 0.250000000000047 -0.866025403784412 -9.959292143520294 
-0.500000000000047 0.866025403784412 0.000000000000001 10.699999999999489 
2  113 1 2 1 3 -1 4 1 5 -1 6 1 7 -1 8 1 0
2  48 1 49 1 5 -1 50 1 98 1 92 1 110 1 0
2  10 -1 110 -1 92 -1 98 -1 50 -1 5 1 49 -1 48 -1 0
2  10 -1 8 -1 7 1 6 -1 5 1 4 -1 3 1 2 -1 113 -1 0
1
-0.500000000000000 -0.866025403784439 -0.000000000000000 0.000000000000000 
0.866025403784439 -0.500000000000000 0.000000000000001 0.000000000000000 
-0.000000000000001 -0.000000000000000 1.000000000000000 0.000000000000000 
2  102 1 118 1 0
1
0.749999999999953 0.433012701892246 -0.500000000000047 -5.750000000000279 
0.433012701892246 0.250000000000047 0.866025403784412 9.959292143520283 
0.500000000000047 -0.866025403784412 0.000000000000000 10.699999999999479 
2  120 1 2 1 3 -1 4 1 5 -1 6 1 7 -1 8 1 0
2  10 -1 8 -1 7 1 6 -1 5 1 4 -1 3 1 2 -1 120 -1 0
2  48 1 49 1 5 -1 50 1 92 1 110 1 0
2  10 -1 110 -1 92 -1 50 -1 5 1 49 -1 48 -1 0
1
0.000000000000000 0.000000000000000 -1.000000000000000 -11.500000000000510 
0.000000000000000 1.000000000000000 0.000000000000000 0.000000000000000 
1.000000000000000 0.000000000000000 0.000000000000000 10.700000000000511 
2  125 1 2 1 3 -1 4 1 5 -1 0
2  48 1 49 1 5 -1 50 1 98 1 0
2  10 -1 8 -1 7 1 6 -1 98 -1 50 -1 5 1 49 -1 48 -1 0
2  10 -1 8 -1 7 1 6 -1 5 1 4 -1 3 1 2 -1 125 -1 0
1
1.000000000000000 0.000000000000000 0.000000000000000 0.000000000000000 
0.000000000000000 1.000000000000000 0.000000000000000 -0.000000000000001 
0.000000000000000 0.000000000000000 1.000000000000000 -0.300000000000000 
2  130 1 96 1 2 1 3 -1 4 1 5 -1 6 1 7 -1 8 1 0
2  10 -1 8 -1 7 1 6 -1 5 1 4 -1 3 1 2 -1 96 -1 130 -1 0
1
1.000000000000000 0.000000000000000 0.000000000000000 0.000000000000000 
0.000000000000000 1.000000000000000 0.000000000000000 0.000000000000000 
0.000000000000000 0.000000000000000 1.000000000000000 -0.300000000000000 
2  133 1 105 1 2 1 3 -1 4 1 5 -1 6 1 7 -1 8 1 0
2  10 -1 8 -1 7 1 6 -1 5 1 4 -1 3 1 2 -1 105 -1 133 -1 0
1
1.000000000000000 0.000000000000000 0.000000000000000 0.000000000000000 
0.000000000000000 1.000000000000000 0.000000000000000 0.000000000000000 
0.000000000000000 0.000000000000000 1.000000000000000 -0.300000000000000 
2  136 1 113 1 2 1 3 -1 4 1 5 -1 6 1 7 -1 8 1 0
2  10 -1 8 -1 7 1 6 -1 5 1 4 -1 3 1 2 -1 113 -1 136 -1 0
1
1.000000000000000 0.000000000000000 0.000000000000000 0.000000000000007 
0.000000000000000 1.000000000000000 0.000000000000000 0.000000000000004 
0.000000000000000 0.000000000000000 1.000000000000000 -0.300000000000000 
2  139 1 120 1 2 1 3 -1 4 1 5 -1 6 1 7 -1 8 1 0
2  10 -1 8 -1 7 1 6 -1 5 1 4 -1 3 1 2 -1 120 -1 139 -1 0
1
1.000000000000000 0.000000000000000 0.000000000000000 0.000000000000004 
0.000000000000000 1.000000000000000 0.000000000000000 0.000000000000000 
0.000000000000000 0.000000000000000 1.000000000000000 -0.300000000000000 
2  142 1 125 1 2 1 3 -1 4 1 5 -1 0
2  10 -1 8 -1 7 1 6 -1 5 1 4 -1 3 1 2 -1 125 -1 142 -1 0
2  130 1 96 1 0
2  10 -1 103 -1 102 -1 0
2  133 1 105 1 0
2  136 1 113 1 0
2  10 -1 118 -1 102 -1 0
2  139 1 120 1 0
2  142 1 125 1 0
Curve2ds 96
1 0.00000000000000000 40.26047190431879841 1.00000000000000000 0.00000000000000000 
1 0.00000000000000000 0.00000000000000000 1.00000000000000000 0.00000000000000000 
1 0.00000000000000000 0.00000000000000000 1.00000000000000000 0.00000000000000000 
1 0.00000000000000000 40.59141201199465598 -0.00000000000000000 -1.00000000000000000 
1 1.57079632679489656 0.00000000000000000 0.00000000000000000 1.00000000000000000 
1 0.00000000000000000 40.26047190431879841 1.00000000000000000 0.00000000000000000 
1 0.00000000000000000 -0.33094010767585669 0.00000000000000000 1.00000000000000000 
1 1.57079632679489656 0.00000000000000000 0.00000000000000000 1.00000000000000000 
1 0.00000000000000000 40.26047190431880551 -0.00000000000000000 -1.00000000000000000 
1 0.00000000000000000 0.00000000000000000 1.00000000000000000 0.00000000000000000 
1 0.00000000000000000 40.59141201199466309 -0.00000000000000000 -1.00000000000000000 
1 0.00000000000000000 40.26047190431880551 -0.00000000000000000 -1.00000000000000000 
1 0.00000000000000000 0.00000000000000000 1.00000000000000000 0.00000000000000000 
1 0.00000000000000000 40.59141201199466309 -0.00000000000000000 -1.00000000000000000 
1 0.00000000000000000 40.26047190432061029 -0.00000000000000000 -1.00000000000000000 
1 0.00000000000000000 0.00000000000000000 1.00000000000000000 0.00000000000000000 
1 0.00000000000000000 -3.00000000000053113 1.00000000000000000 0.00000000000000000 
1 0.00000000000000000 -3.00000000000053468 1.00000000000000000 0.00000000000000000 
1 0.00000000000000000 0.00000000000000000 0.00000000000000000 1.00000000000000000 
1 0.00000000000000000 -0.30000000000003701 1.00000000000000000 0.00000000000000000 
1 0.00000000000000000 -0.33094010767585480 0.00000000000000000 1.00000000000000000 
1 0.00000000000000000 0.00000000000000000 0.00000000000000000 1.00000000000000000 
1 0.00000000000000000 -0.30000000000000993 1.00000000000000000 0.00000000000000000 
1 0.00000000000000000 -0.33094010767582255 0.00000000000000000 1.00000000000000000 
1 0.00000000000000000 0.00000000000000000 0.00000000000000000 1.00000000000000000 
1 0.00000000000000000 -0.29999999999999999 1.00000000000000000 0.00000000000000000 
1 0.00000000000000000 -3.30000000000053184 1.00000000000000000 0.00000000000000000 
1 0.00000000000000000 -3.30000000000053539 1.00000000000000000 0.00000000000000000 
1 6.28318530717958623 0.00000000000000000 0.00000000000000000 -1.00000000000000000 
1 0.00000000000000000 0.00000000000000000 1.00000000000000000 0.00000000000000000 
1 0.00000000000000000 40.26047190431880551 1.00000000000000000 0.00000000000000000 
1 1.57079632679489656 0.00000000000000000 0.00000000000000000 1.00000000000000000 
1 3.14159265359007689 0.00000000000000000 0.00000000000000000 1.00000000000000000 
1 6.28318530717958623 0.00000000000000000 0.00000000000000000 -1.00000000000000000 
1 0.00000000000000000 0.00000000000000000 1.00000000000000000 0.00000000000000000 
1 0.00000000000000000 40.26047190431880551 1.00000000000000000 0.00000000000000000 
1 1.57079632679489656 0.00000000000000000 0.00000000000000000 1.00000000000000000 
1 0.00000000000000000 0.00000000000000000 1.00000000000000000 0.00000000000000000 
1 0.00000000000000000 40.26047190431880551 1.00000000000000000 0.00000000000000000 
1 1.57079632679489656 0.00000000000000000 0.00000000000000000 1.00000000000000000 
1 3.14159265358984729 0.00000000000000000 0.00000000000000000 1.00000000000000000 
1 6.28318530717958623 0.00000000000000000 0.00000000000000000 -1.00000000000000000 
1 0.00000000000000000 0.00000000000000000 1.00000000000000000 0.00000000000000000 
1 0.00000000000000000 40.26047190431883394 1.00000000000000000 0.00000000000000000 
1 1.57079632679489656 0.00000000000000000 0.00000000000000000 1.00000000000000000 
1 0.00000000000000000 0.00000000000000000 1.00000000000000000 0.00000000000000000 
1 0.00000000000000000 40.26047190432061029 1.00000000000000000 0.00000000000000000 
1 1.57079632679489656 0.00000000000000000 0.00000000000000000 1.00000000000000000 
1 3.14159265358979312 0.00000000000000000 0.00000000000000000 1.00000000000000000 
1 0.00000000000000000 0.00000000000000000 0.00000000000000000 -1.00000000000000000 
1 6.28318530717958623 0.00000000000000000 0.00000000000000000 -1.00000000000000000 
1 0.00000000000000000 0.00000000000000000 0.00000000000000000 -1.00000000000000000 
1 6.28318530717958623 0.00000000000000000 0.00000000000000000 -1.00000000000000000 
1 0.00000000000000000 0.00000000000000000 1.00000000000000000 0.00000000000000000 
1 0.00000000000000000 40.26047190431880551 1.00000000000000000 0.00000000000000000 
1 1.57079632679489656 0.00000000000000000 0.00000000000000000 1.00000000000000000 
1 0.00000000000000000 0.00000000000000000 1.00000000000000000 0.00000000000000000 
1 0.00000000000000000 40.26047190431880551 1.00000000000000000 0.00000000000000000 
1 1.57079632679489656 0.00000000000000000 0.00000000000000000 1.00000000000000000 
1 0.00000000000000000 0.00000000000000000 1.00000000000000000 0.00000000000000000 
1 0.00000000000000000 40.26047190431880551 1.00000000000000000 0.00000000000000000 
1 1.57079632679489656 0.00000000000000000 0.00000000000000000 1.00000000000000000 
1 0.00000000000000000 0.00000000000000000 1.00000000000000000 0.00000000000000000 
1 0.00000000000000000 40.26047190431883394 1.00000000000000000 0.00000000000000000 
1 1.57079632679489656 0.00000000000000000 0.00000000000000000 1.00000000000000000 
1 0.00000000000000000 0.00000000000000000 1.00000000000000000 0.00000000000000000 
1 0.00000000000000000 40.26047190432061029 1.00000000000000000 0.00000000000000000 
1 1.57079632679489656 0.00000000000000000 0.00000000000000000 1.00000000000000000 
1 0.00000000000000000 -26.00000000000116174 1.00000000000000000 0.00000000000000000 
1 0.00000000000000000 -26.00000000000060751 1.00000000000000000 0.00000000000000000 
1 0.00000000000000000 -3.00000000000116218 1.00000000000000000 0.00000000000000000 
1 0.00000000000000000 -3.00000000000060396 1.00000000000000000 0.00000000000000000 
1 0.00000000000000000 -26.00000000000176215 1.00000000000000000 0.00000000000000000 
1 0.00000000000000000 -26.00000000000067857 1.00000000000000000 0.00000000000000000 
1 0.00000000000000000 -3.00000000000280620 1.00000000000000000 0.00000000000000000 
1 0.00000000000000000 -3.00000000000171996 1.00000000000000000 0.00000000000000000 
1 0.00000000000000000 -26.00000000000051870 1.00000000000000000 0.00000000000000000 
1 0.00000000000000000 -26.00000000000052225 1.00000000000000000 0.00000000000000000 
1 0.00000000000000000 -25.70000000000116458 1.00000000000000000 0.00000000000000000 
1 0.00000000000000000 -25.70000000000060325 1.00000000000000000 0.00000000000000000 
1 0.00000000000000000 -3.30000000000115978 1.00000000000000000 0.00000000000000000 
1 0.00000000000000000 -3.30000000000060290 1.00000000000000000 0.00000000000000000 
1 0.00000000000000000 -25.70000000000175788 1.00000000000000000 0.00000000000000000 
1 0.00000000000000000 -25.70000000000067786 1.00000000000000000 0.00000000000000000 
1 0.00000000000000000 -3.30000000000280913 1.00000000000000000 0.00000000000000000 
1 0.00000000000000000 -3.30000000000171934 1.00000000000000000 0.00000000000000000 
1 0.00000000000000000 -25.70000000000051799 1.00000000000000000 0.00000000000000000 
1 0.00000000000000000 -25.70000000000052154 1.00000000000000000 0.00000000000000000 
1 0.00000000000000000 0.00000000000000000 0.00000000000000000 -1.00000000000000000 
1 6.28318530717958623 0.00000000000000000 0.00000000000000000 -1.00000000000000000 
1 0.00000000000000000 0.00000000000000000 0.00000000000000000 -1.00000000000000000 
1 6.28318530717958623 0.00000000000000000 0.00000000000000000 -1.00000000000000000 
1 0.00000000000000000 0.00000000000000000 0.00000000000000000 -1.00000000000000000 
1 6.28318530717958623 0.00000000000000000 0.00000000000000000 -1.00000000000000000 
1 0.00000000000000000 0.00000000000000000 0.00000000000000000 -1.00000000000000000 
1 6.28318530717958623 0.00000000000000000 0.00000000000000000 -1.00000000000000000 
Curves 213
2 11.09999999999947562 6.73952809568120070 -0.40000000000000002 0.00000000000000000 1.00000000000000000 0.00000000000000000 0.00000000000000000 -0.00000000000000000 1.00000000000000000 1.00000000000000000 0.00000000000000000 -0.00000000000000000 0.40000000000000002
2 11.09999999999947562 6.73952809568120070 -0.40000000000000002 0.00000000000000000 1.00000000000000000 0.00000000000000000 0.00000000000000000 -0.00000000000000000 1.00000000000000000 1.00000000000000000 0.00000000000000000 -0.00000000000000000 0.10000000000000003
1 11.09999999999947562 6.73952809568120070 0.00000000000000000 0.00000000000000000 0.00000000000000000 -1.00000000000000000 
1 11.09999999999947562 6.73952809568120070 0.00000000000000000 0.00000000000000000 0.00000000000000000 -1.00000000000000000 
2 11.09999999999947562 47.00000000000000000 -0.40000000000000002 0.00000000000000000 1.00000000000000000 0.00000000000000000 0.00000000000000000 -0.00000000000000000 1.00000000000000000 1.00000000000000000 0.00000000000000000 -0.00000000000000000 0.40000000000000002
1 11.09999999999947562 6.40858798800534402 0.00000000000000000 0.00000000000000000 1.00000000000000000 0.00000000000000000 
1 11.09999999999947562 47.00000000000000000 0.00000000000000000 0.00000000000000000 -1.00000000000000000 0.00000000000000000 
1 11.09999999999947562 47.00000000000000000 0.00000000000000000 0.00000000000000000 -1.00000000000000000 0.00000000000000000 
2 11.09999999999947562 47.00000000000000000 -0.40000000000000002 0.00000000000000000 1.00000000000000000 0.00000000000000000 0.00000000000000000 -0.00000000000000000 1.00000000000000000 1.00000000000000000 0.00000000000000000 -0.00000000000000000 0.10000000000000003
1 11.09999999999947562 6.40858798800534402 0.00000000000000000 0.00000000000000000 1.00000000000000000 0.00000000000000000 
1 11.09999999999947562 6.73952809568120070 -0.29999999999999999 0.00000000000000000 1.00000000000000000 0.00000000000000000 
1 11.09999999999947562 6.73952809568120070 -0.29999999999999999 0.00000000000000000 1.00000000000000000 0.00000000000000000 
1 11.09999999999947562 6.40858798800534402 0.00000000000000000 0.00000000000000000 1.00000000000000000 0.00000000000000000 
1 11.09999999999947562 6.40858798800534402 0.00000000000000000 0.00000000000000000 1.00000000000000000 0.00000000000000000 
1 11.09999999999947562 6.40858798800534402 0.00000000000000000 -0.00000000000000000 -0.00000000000000000 -1.00000000000000000 
1 11.50000000000000178 8.70858798800533940 -0.39999999999999730 -1.00000000000000000 0.00000000000000022 -0.00000000000000028 
1 11.09999999999947562 47.00000000000000000 0.00000000000000000 -0.00000000000000000 -0.00000000000000000 -1.00000000000000000 
1 11.09999999999947562 47.00000000000000000 -0.29999999999999999 0.00000000000000000 0.00000000000000000 1.00000000000000000 
1 46.25319397786821440 -13.88711801799103540 0.00000000000000000 -0.86602540378445214 0.49999999999997652 0.00000000000000000 
1 35.15319397786873878 -33.11288198200587374 0.00000000000000000 0.49999999999997641 0.86602540378445225 0.00000000000000000 
2 -0.00000000000000000 47.00000000000000000 -0.00000000000000000 0.00000000000000000 0.00000000000000000 1.00000000000000000 1.00000000000000000 0.00000000000000000 -0.00000000000000000 -0.00000000000000000 1.00000000000000000 0.00000000000000000 3.50000000000000000
1 35.15319397786873878 -33.11288198200587374 0.00000000000000000 0.49999999999997641 0.86602540378445225 0.00000000000000000 
1 0.00000000000000000 -12.81717597600950143 0.00000000000000000 0.86602540378445225 -0.49999999999997646 0.00000000000000000 
1 0.00000000000000000 -12.81717597600950143 0.00000000000000000 0.86602540378445225 -0.49999999999997646 0.00000000000000000 
1 -35.15319397786709743 -33.11288198200871591 0.00000000000000000 0.86602540378441184 0.50000000000004652 0.00000000000000000 
1 -35.15319397786709743 -33.11288198200871591 0.00000000000000000 0.86602540378441184 0.50000000000004652 0.00000000000000000 
1 -46.25319397786761044 -13.88711801799568235 0.00000000000000000 0.50000000000004674 -0.86602540378441173 0.00000000000000000 
2 -0.00000000000000000 46.99999999999999289 0.00000000000000000 -0.00000000000000000 -0.00000000000000000 1.00000000000000000 1.00000000000000000 0.00000000000000000 0.00000000000000000 -0.00000000000000000 1.00000000000000000 0.00000000000000000 3.50000000000000000
1 -46.25319397786761044 -13.88711801799568235 0.00000000000000000 0.50000000000004674 -0.86602540378441173 0.00000000000000000 
1 -11.10000000000051656 6.40858798800354634 0.00000000000000000 -0.86602540378441173 -0.50000000000004685 0.00000000000000000 
1 -11.10000000000051656 6.40858798800354634 0.00000000000000000 -0.86602540378441173 -0.50000000000004685 0.00000000000000000 
1 -11.10000000000051656 47.00000000000000000 0.00000000000000000 0.00000000000000000 -1.00000000000000000 0.00000000000000000 
1 -11.10000000000051656 47.00000000000000000 0.00000000000000000 0.00000000000000000 -1.00000000000000000 0.00000000000000000 
1 11.09999999999947562 47.00000000000000000 0.00000000000000000 -1.00000000000000000 0.00000000000000000 0.00000000000000000 
2 0.00000000000000000 47.00000000000000000 0.00000000000000000 0.00000000000000000 0.00000000000000000 1.00000000000000000 1.00000000000000000 0.00000000000000000 -0.00000000000000000 -0.00000000000000000 1.00000000000000000 0.00000000000000000 3.50000000000000000
1 11.09999999999947562 47.00000000000000000 0.00000000000000000 -1.00000000000000000 0.00000000000000000 0.00000000000000000 
1 46.25319397786821440 -13.88711801799103540 0.00000000000000000 -0.86602540378445214 0.49999999999997652 0.00000000000000000 
1 24.39999999999947278 47.00000000000000000 0.00000000000000000 -1.00000000000000000 0.00000000000000000 0.00000000000000000 
1 24.39999999999947278 6.73952809568119804 0.00000000000000000 0.00000000000000000 1.00000000000000000 0.00000000000000000 
1 2.00000000000000000 -0.39999999999999858 -0.00000000000000000 0.49999999996805183 -0.86602540380288406 -0.00000000000000000 
2 11.49999999999947597 21.99999999999999645 -7.00000000000000178 1.00000000000000000 -0.00000000000000022 0.00000000000000022 0.00000000000000022 1.00000000000000000 -0.00000000000000022 -0.00000000000000022 0.00000000000000022 1.00000000000000000 1.69999999999999996
2 11.49999999999947597 42.00000000000000000 -7.00000000000000533 1.00000000000000000 -0.00000000000000022 0.00000000000000022 0.00000000000000022 1.00000000000000000 -0.00000000000000022 -0.00000000000000022 0.00000000000000022 1.00000000000000000 1.69999999999999996
1 46.25319397786821440 -13.88711801799103540 0.00000000000000000 -0.86602540378445214 0.49999999999997652 0.00000000000000000 
1 35.15319397786873878 -33.11288198200587374 0.00000000000000000 0.49999999999997641 0.86602540378445225 0.00000000000000000 
2 40.70319397786860094 -23.50000000000002132 -0.29999999999999999 -0.00000000000000079 0.00000000000000021 1.00000000000000000 -0.50000000000000044 -0.86602540378443837 -0.00000000000000021 0.86602540378443837 -0.50000000000000044 0.00000000000000079 3.50000000000000000
1 35.15319397786873878 -33.11288198200587374 0.00000000000000000 0.49999999999997641 0.86602540378445225 0.00000000000000000 
1 0.00000000000000000 -12.81717597600950143 0.00000000000000000 0.86602540378445225 -0.49999999999997646 0.00000000000000000 
1 0.00000000000000000 -12.81717597600950143 0.00000000000000000 0.86602540378445225 -0.49999999999997646 0.00000000000000000 
1 -35.15319397786709743 -33.11288198200871591 0.00000000000000000 0.86602540378441184 0.50000000000004652 0.00000000000000000 
1 -35.15319397786709743 -33.11288198200871591 0.00000000000000000 0.86602540378441184 0.50000000000004652 0.00000000000000000 
1 -46.25319397786761044 -13.88711801799568235 0.00000000000000000 0.50000000000004674 -0.86602540378441173 0.00000000000000000 
2 -40.70319397786862226 -23.49999999999998934 -0.29999999999999999 -0.00000000000000021 0.00000000000000079 1.00000000000000000 -0.49999999999999983 0.86602540378443882 -0.00000000000000079 -0.86602540378443882 -0.49999999999999983 0.00000000000000021 3.50000000000000000
1 -46.25319397786761044 -13.88711801799568235 0.00000000000000000 0.50000000000004674 -0.86602540378441173 0.00000000000000000 
1 -11.10000000000051656 6.40858798800354634 0.00000000000000000 -0.86602540378441173 -0.50000000000004685 0.00000000000000000 
1 -11.10000000000051656 6.40858798800354634 0.00000000000000000 -0.86602540378441173 -0.50000000000004685 0.00000000000000000 
1 -11.10000000000051656 47.00000000000000000 0.00000000000000000 0.00000000000000000 -1.00000000000000000 0.00000000000000000 
1 -11.10000000000051656 47.00000000000000000 0.00000000000000000 0.00000000000000000 -1.00000000000000000 0.00000000000000000 
1 11.09999999999947562 47.00000000000000000 0.00000000000000000 -1.00000000000000000 0.00000000000000000 0.00000000000000000 
2 0.00000000000000000 47.00000000000000000 -0.29999999999999999 0.00000000000000000 0.00000000000000000 1.00000000000000000 1.00000000000000000 0.00000000000000000 -0.00000000000000000 -0.00000000000000000 1.00000000000000000 0.00000000000000000 3.50000000000000000
1 11.09999999999947562 47.00000000000000000 0.00000000000000000 -1.00000000000000000 0.00000000000000000 0.00000000000000000 
1 46.25319397786821440 -13.88711801799103540 0.00000000000000000 -0.86602540378445214 0.49999999999997652 0.00000000000000000 
1 24.39999999999947278 47.00000000000000000 0.00000000000000000 -1.00000000000000000 0.00000000000000000 0.00000000000000000 
1 24.39999999999947278 6.73952809568119804 0.00000000000000000 0.00000000000000000 1.00000000000000000 0.00000000000000000 
1 11.19999999999947526 12.41850222892493605 -6.82575995754350995 0.00000000000000010 0.49999999996805167 -0.86602540380288417 
2 11.19999999999947526 21.99999999999999645 -7.00000000000000178 1.00000000000000000 -0.00000000000000022 0.00000000000000022 0.00000000000000022 1.00000000000000000 -0.00000000000000022 -0.00000000000000022 0.00000000000000022 1.00000000000000000 1.69999999999999996
2 11.19999999999947526 42.00000000000000000 -7.00000000000000533 1.00000000000000000 -0.00000000000000022 0.00000000000000022 0.00000000000000022 1.00000000000000000 -0.00000000000000022 -0.00000000000000022 0.00000000000000022 1.00000000000000000 1.69999999999999996
1 11.38660254037792896 6.24311793416742145 -0.29999999999999999 0.00000000000000000 0.00000000000000296 1.00000000000000000 
1 11.49999999999974065 16.38734656757316799 -13.69999999999999929 -1.00000000000000000 0.00000000000000013 -0.00000000000000011 
1 3.50000000000000000 47.00000000000000000 0.00000000000000000 -0.00000000000000000 -0.00000000000000000 -1.00000000000000000 
1 24.39999999999947278 47.00000000000000000 0.00000000000000000 0.00000000000000000 0.00000000000000000 -1.00000000000000000 
2 11.38660254037792896 6.24311793416742056 -0.40000000000000002 -0.86602540378445214 0.49999999999997652 0.00000000000000000 0.00000000000000192 0.00000000000000333 1.00000000000000000 0.49999999999997652 0.86602540378445214 -0.00000000000000384 0.40000000000000002
2 46.25319397786821440 -13.88711801799103718 -0.40000000000000002 -0.86602540378445214 0.49999999999997652 0.00000000000000000 0.00000000000000192 0.00000000000000333 1.00000000000000000 0.49999999999997652 0.86602540378445214 -0.00000000000000384 0.40000000000000002
1 11.38660254037792896 6.24311793416742233 0.00000000000000107 0.86602540378445214 -0.49999999999997652 0.00000000000000001 
1 11.38660254037792896 6.24311793416742233 0.00000000000000107 0.86602540378445214 -0.49999999999997652 0.00000000000000001 
1 46.25319397786821440 -13.88711801799103540 0.00000000000000000 -0.00000000000000000 -0.00000000000000000 -1.00000000000000000 
1 42.45319397786774118 -20.46891108675399096 0.00000000000003778 -0.00000000000000079 0.00000000000000021 1.00000000000000000 
1 3.50000000000000000 47.00000000000000000 -0.00000000000000000 0.00000000000000000 0.00000000000000000 -1.00000000000000000 
1 35.15319397786873878 -33.11288198200587374 0.00000000000000000 -0.00000000000000000 -0.00000000000000000 -1.00000000000000000 
2 35.15319397786873878 -33.11288198200587374 -0.40000000000000002 0.86602540378445225 -0.49999999999997646 0.00000000000000000 0.00000000000000000 0.00000000000000000 1.00000000000000000 -0.49999999999997646 -0.86602540378445225 0.00000000000000000 0.40000000000000002
2 0.28660254037845229 -12.98264602984742133 -0.40000000000000002 0.86602540378445225 -0.49999999999997646 -0.00000000000000000 -0.00000000000000014 -0.00000000000000024 1.00000000000000000 -0.49999999999997646 -0.86602540378445225 -0.00000000000000028 0.40000000000000002
1 35.15319397786873878 -33.11288198200587374 0.00000000000000244 -0.86602540378445225 0.49999999999997641 -0.00000000000000006 
1 35.15319397786873878 -33.11288198200587374 0.00000000000000244 -0.86602540378445225 0.49999999999997641 -0.00000000000000006 
1 0.28660254037845206 -12.98264602984742133 0.00000000000000000 0.00000000000000000 0.00000000000000000 -1.00000000000000000 
1 0.00000000000000000 -12.81717597600950143 0.00000000000000000 -0.00000000000000000 -0.00000000000000000 -1.00000000000000000 
1 -0.28660254037843913 -12.98264602984744087 -0.29999999999999999 0.00000000000000000 0.00000000000000000 1.00000000000000000 
2 -0.28660254037843913 -12.98264602984744087 -0.40000000000000002 0.86602540378441184 0.50000000000004652 -0.00000000000000000 0.00000000000000000 0.00000000000000000 1.00000000000000000 0.50000000000004652 -0.86602540378441184 0.00000000000000000 0.40000000000000002
2 -35.15319397786709743 -33.11288198200871591 -0.40000000000000002 0.86602540378441184 0.50000000000004652 -0.00000000000000000 0.00000000000000000 0.00000000000000000 1.00000000000000000 0.50000000000004652 -0.86602540378441184 0.00000000000000000 0.40000000000000002
1 -0.28660254037843913 -12.98264602984744087 -0.00000000000000123 -0.86602540378441184 -0.50000000000004663 -0.00000000000000000 
1 -0.28660254037843913 -12.98264602984744087 -0.00000000000000123 -0.86602540378441184 -0.50000000000004663 -0.00000000000000000 
1 -35.15319397786709743 -33.11288198200871591 0.00000000000000000 -0.00000000000000000 -0.00000000000000000 -1.00000000000000000 
1 -38.95319397786845883 -26.53108891324542995 0.00000000000001268 -0.00000000000000021 0.00000000000000079 1.00000000000000000 
1 3.49999999999999956 46.99999999999999289 0.00000000000000000 0.00000000000000000 -0.00000000000000000 -1.00000000000000000 
1 -46.25319397786761044 -13.88711801799568235 0.00000000000000000 -0.00000000000000000 -0.00000000000000000 -1.00000000000000000 
2 -46.25319397786761755 -13.88711801799568946 -0.40000000000000002 -0.86602540378441173 -0.50000000000004685 0.00000000000000000 -0.00000000000000325 0.00000000000000563 1.00000000000000000 -0.50000000000004685 0.86602540378441173 -0.00000000000000650 0.40000000000000002
2 -11.38660254037893438 6.24311793416561489 -0.40000000000000002 -0.86602540378441173 -0.50000000000004685 -0.00000000000000000 -0.00000000000000096 0.00000000000000167 1.00000000000000000 -0.50000000000004685 0.86602540378441173 -0.00000000000000193 0.40000000000000002
1 -46.25319397786761044 -13.88711801799568057 -0.00000000000000141 0.86602540378441162 0.50000000000004685 0.00000000000000001 
1 -46.25319397786761044 -13.88711801799568057 -0.00000000000000141 0.86602540378441162 0.50000000000004685 0.00000000000000001 
1 -11.38660254037893438 6.24311793416561578 0.00000000000000000 0.00000000000002368 0.00000000000001184 -1.00000000000000000 
1 -11.10000000000051656 6.40858798800354634 0.00000000000000000 -0.00000000000000000 -0.00000000000000000 -1.00000000000000000 
1 -11.10000000000051301 6.73952809567938971 -0.29999999999999999 -0.00000000000001184 0.00000000000000000 1.00000000000000000 
2 -11.10000000000051124 6.73952809567938971 -0.40000000000000002 0.00000000000000000 -1.00000000000000000 0.00000000000000000 -0.00000000000001332 0.00000000000000000 1.00000000000000000 -1.00000000000000000 -0.00000000000000000 -0.00000000000001332 0.40000000000000002
2 -11.10000000000051124 47.00000000000000000 -0.40000000000000002 0.00000000000000000 -1.00000000000000000 0.00000000000000000 -0.00000000000001332 0.00000000000000000 1.00000000000000000 -1.00000000000000000 -0.00000000000000000 -0.00000000000001332 0.40000000000000002
1 -11.10000000000051656 6.73952809567938971 0.00000000000000000 0.00000000000000000 1.00000000000000000 0.00000000000000000 
1 -11.10000000000051656 6.73952809567938971 0.00000000000000000 0.00000000000000000 1.00000000000000000 0.00000000000000000 
1 -11.10000000000051656 47.00000000000000000 0.00000000000000000 -0.00000000000000000 -0.00000000000000000 -1.00000000000000000 
1 -3.50000000000000000 47.00000000000000000 0.00000000000000000 0.00000000000000000 0.00000000000000000 1.00000000000000000 
1 14.50000000000000711 23.69999999999999574 -7.00000000000000089 -1.00000000000000000 0.00000000000000022 -0.00000000000000028 
1 14.50000000000001066 43.70000000000000284 -7.00000000000000533 -1.00000000000000000 0.00000000000000022 -0.00000000000000028 
2 46.25319397786821440 -13.88711801799103718 -0.40000000000000002 -0.86602540378445214 0.49999999999997652 0.00000000000000000 0.00000000000000769 0.00000000000001332 1.00000000000000000 0.49999999999997652 0.86602540378445214 -0.00000000000001538 0.10000000000000003
2 11.38660254037792896 6.24311793416742056 -0.40000000000000002 -0.86602540378445214 0.49999999999997652 0.00000000000000000 0.00000000000000385 0.00000000000000666 1.00000000000000000 0.49999999999997652 0.86602540378445214 -0.00000000000000769 0.10000000000000003
1 46.25319397786821440 -13.88711801799103540 -0.29999999999999838 -0.86602540378445214 0.49999999999997652 -0.00000000000000001 
1 46.25319397786821440 -13.88711801799103540 -0.29999999999999838 -0.86602540378445214 0.49999999999997652 -0.00000000000000001 
2 0.28660254037845229 -12.98264602984742133 -0.40000000000000002 0.86602540378445225 -0.49999999999997646 -0.00000000000000000 -0.00000000000000056 -0.00000000000000096 1.00000000000000000 -0.49999999999997646 -0.86602540378445225 -0.00000000000000111 0.10000000000000003
