
CASCADE Topology V1, (c) Matra-Datavision
Locations 7
1
0.866025403784439 -0.000000000000000 -0.500000000000000 12.990381056766580 
-0.500000000000000 -0.000000000000000 -0.866025403784439 -723.499999953397037 
-0.000000000000000 1.000000000000000 -0.000000000000000 -0.000000000000161 
1
1.000000000000000 0.000000000000000 0.000000000000000 0.000000000000000 
0.000000000000000 1.000000000000000 0.000000000000000 0.000000000000000 
0.000000000000000 0.000000000000000 1.000000000000000 0.000000000000000 
1
0.866025403784439 -0.000000000000000 -0.500000000000000 12.990381056766580 
-0.500000000000000 0.000000000000000 -0.866025403784439 -723.499999953397037 
0.000000000000000 1.000000000000000 0.000000000000000 0.000000000000161 
1
1.000000000000000 0.000000000000000 0.000000000000000 0.000000000000000 
0.000000000000000 1.000000000000000 0.000000000000000 0.000000000000000 
0.000000000000000 0.000000000000000 1.000000000000000 0.000000000000000 
2  2 1 3 -1 4 -1 0
1
1.000000000000000 0.000000000000000 0.000000000000000 880.510619545626128 
0.000000000000000 1.000000000000000 0.000000000000000 1525.089129656974364 
0.000000000000000 0.000000000000000 1.000000000000000 -0.000000000000183 
2  6 -1 2 1 3 -1 4 -1 0
Curve2ds 4
1 0.00000000000000000 0.00000000000000000 1.00000000000000000 0.00000000000000000 
1 0.00000000000000000 -1761.02123909125248247 1.00000000000000000 0.00000000000000000 
1 0.00000000000000000 0.00000000000000000 1.00000000000000000 0.00000000000000000 
1 0.00000000000000000 -1761.02123909125248247 1.00000000000000000 0.00000000000000000 
Curves 2
2 0.00000000000000000 12.99999999999777778 0.00000000000000000 0.00000000000000000 0.00000000000000000 1.00000000000000000 1.00000000000000000 0.00000000000000000 -0.00000000000000000 -0.00000000000000000 1.00000000000000000 0.00000000000000000 1.70000000004957852
2 0.00000000000000000 82.99999999999640465 0.00000000000000000 0.00000000000000000 0.00000000000000000 1.00000000000000000 1.00000000000000000 0.00000000000000000 -0.00000000000000000 -0.00000000000000000 1.00000000000000000 0.00000000000000000 1.70000000004957852
Polygon3D 0
PolygonOnTriangulations 0
Surfaces 2
2 12.99038105676657828 -723.49999995339703673 12.99999999999793765 -0.50000000000000011 -0.86602540378443871 -0.00000000000000000 0.86602540378443871 -0.50000000000000011 0.00000000000000011 -0.00000000000000010 0.00000000000000006 1.00000000000000000 1.70000000004957852
2 12.99038105676657295 -723.49999995339703673 82.99999999999656097 -0.50000000000000011 -0.86602540378443871 -0.00000000000000000 0.86602540378443871 -0.50000000000000011 0.00000000000000011 -0.00000000000000010 0.00000000000000006 1.00000000000000000 1.70000000004957852
Triangulations 0

TShapes 7
Ve
0.000000100000000
1.700000000049579 12.999999999997778 0.000000000000000
0 0

0101101
*
Ed
 0.000000100000000 1 1 0
1  1 0 0.000000000000000 6.283185307179586
2  1 1 5 0.000000000000000 6.283185307179586
2  2 1 7 0.000000000000000 6.283185307179586
0

0101100
+7 0 -7 0 *
Wi

0101100
+6 0 *
Ve
0.000000100000000
1.700000000049579 82.999999999996405 0.000000000000000
0 0

0101101
*
Ed
 0.000000100000000 1 1 0
1  2 0 0.000000000000000 6.283185307179586
2  3 2 5 0.000000000000000 6.283185307179586
2  4 2 7 0.000000000000000 6.283185307179586
0

0101100
+4 0 -4 0 *
Wi

0101100
+3 0 *
Co

1100000
+5 0 +2 0 *

+1 1 