
CASCADE Topology V1, (c) Matra-Datavision
Locations 8
1
0.866025403784439 0.000000000000000 0.500000000000000 0.000000000000000 
0.500000000000000 -0.000000000000000 -0.866025403784439 0.000000000000000 
0.000000000000000 1.000000000000000 -0.000000000000000 0.000000000000000 
1
0.866025403784439 0.000000000000000 0.500000000000000 0.000000000000000 
0.500000000000000 -0.000000000000000 -0.866025403784439 0.000000000000000 
0.000000000000000 1.000000000000000 -0.000000000000000 0.000000000000000 
1
1.000000000000000 0.000000000000000 0.000000000000000 0.000000000000000 
0.000000000000000 1.000000000000000 0.000000000000000 0.000000000000000 
0.000000000000000 0.000000000000000 1.000000000000000 0.000000000000000 
2  2 -1 3 -1 0
1
1.000000000000000 0.000000000000000 0.000000000000000 0.000000000000000 
0.000000000000000 1.000000000000000 0.000000000000000 0.000000000000000 
0.000000000000000 0.000000000000000 1.000000000000000 0.000000000000000 
2  5 1 2 -1 3 -1 0
1
1.000000000000000 0.000000000000000 0.000000000000000 -1.394583417521822 
0.000000000000000 1.000000000000000 0.000000000000000 2.415489334540836 
0.000000000000000 0.000000000000000 1.000000000000000 0.000000000000000 
2  7 -1 5 1 2 -1 3 -1 0
Curve2ds 23
1 120.57591766551271917 108.26963706447723723 -0.00000000000000011 -1.00000000000000000 
1 0.00000000000000000 0.00000000000000000 1.00000000000000000 0.00000000000000000 
1 -0.00000000000000054 -2.78916683504363405 1.00000000000000000 0.00000000000000000 
1 0.00000000000000000 0.00000000000000000 1.00000000000000000 0.00000000000000000 
1 0.00000000000000000 -2.78916683504364382 1.00000000000000000 0.00000000000000000 
2 118.07591766551269075 43.39388421795830197 1.00000000000000000 -0.00000000000000011 -0.00000000000000011 -1.00000000000000000 2.50000000000002220
1 118.07591766551269075 40.89388421795830197 -1.00000000000000000 0.00000000000000011 
1 -0.00000000000000000 0.00000000000000000 1.00000000000000000 0.00000000000000000 
1 -0.00000000000001843 -2.78916683504363405 1.00000000000000000 0.00000000000000000 
1 0.00000000000000000 0.00000000000000000 1.00000000000000000 0.00000000000000000 
1 0.00000000000000000 -2.78916683504364382 1.00000000000000000 0.00000000000000000 
2 -218.42408233448742294 41.89388421795834461 1.00000000000000000 -0.00000000000000011 -0.00000000000000011 -1.00000000000000000 1.00000000000000000
1 -219.42408233448739452 41.89388421795834461 -0.00000000000000011 -1.00000000000000000 
1 0.00000000000000000 0.00000000000000000 1.00000000000000000 0.00000000000000000 
1 -0.00000000000000054 -2.78916683504364382 1.00000000000000000 0.00000000000000000 
1 -219.42408233448742294 -69.10611578204165539 1.00000000000000000 -0.00000000000000011 
1 180.17591766551265664 -69.10611578204171224 0.00000000000000011 1.00000000000000000 
1 -0.00000000000000000 0.00000000000000000 1.00000000000000000 0.00000000000000001 
1 -0.00000000000001843 -2.78916683504363405 1.00000000000000000 0.00000000000000001 
1 180.17591766551268506 107.60421900689574670 -0.99830927095351418 0.05812572174401819 
1 0.00000000000000000 0.00000000000000000 1.00000000000000000 0.00000000000000001 
1 0.00000000000000161 -2.78916683504363405 1.00000000000000000 0.00000000000000001 
1 120.57591766551271917 108.26963706447723723 0.05812572174402175 0.99830927095351396 
Curves 9
1 340.40000000000003411 22.62424715348107185 0.00000000000000000 0.00000000000000000 1.00000000000000000 0.00000000000000000 
2 337.90000000000003411 87.50000000000000000 0.00000000000000000 0.00000000000000000 0.00000000000000000 1.00000000000000000 1.00000000000000000 0.00000000000000000 -0.00000000000000000 -0.00000000000000000 1.00000000000000000 0.00000000000000000 2.50000000000000000
1 337.90000000000003411 90.00000000000000000 0.00000000000000000 -1.00000000000000000 0.00000000000000000 0.00000000000000000 
2 1.40000000000000013 89.00000000000000000 0.00000000000000000 0.00000000000000000 0.00000000000000000 1.00000000000000000 1.00000000000000000 0.00000000000000000 -0.00000000000000000 -0.00000000000000000 1.00000000000000000 0.00000000000000000 1.00000000000000000
1 0.40000000000000013 89.00000000000000000 0.00000000000000000 0.00000000000000000 1.00000000000000000 0.00000000000000000 
1 0.40000000000000013 200.00000000000000000 0.00000000000000000 1.00000000000000000 0.00000000000000000 0.00000000000000000 
1 400.00000000000000000 200.00000000000000000 0.00000000000000000 0.00000000000000000 -1.00000000000000000 0.00000000000000000 
1 400.00000000000000000 23.28966521106255527 0.00000000000000000 -0.99830927095351418 -0.05812572174401809 0.00000000000000000 
1 340.40000000000003411 22.62424715348107185 0.00000000000000000 0.05812572174402163 -0.99830927095351396 0.00000000000000000 
Polygon3D 0
PolygonOnTriangulations 0
Surfaces 8
1 190.37323966526813024 109.91204116724370010 130.89388421795834461 -0.50000000000000011 0.86602540378443860 0.00000000000000017 0.86602540378443860 0.50000000000000011 -0.00000000000000000 -0.00000000000000009 0.00000000000000015 -1.00000000000000000 
1 294.79504744822298790 170.20000000000004547 22.62424715348111093 0.86602540378443871 0.50000000000000000 0.00000000000000011 0.00000000000000000 -0.00000000000000022 1.00000000000000000 0.50000000000000000 -0.86602540378443871 -0.00000000000000019 
2 292.62998393876188175 168.95000000000001705 87.50000000000004263 0.50000000000000011 -0.86602540378443871 -0.00000000000000019 0.86602540378443871 0.50000000000000011 0.00000000000000011 -0.00000000000000000 -0.00000000000000022 1.00000000000000000 2.50000000000000000
1 292.62998393876188175 168.95000000000001705 90.00000000000004263 -0.00000000000000004 -0.00000000000000015 1.00000000000000000 -0.86602540378443871 -0.50000000000000011 -0.00000000000000011 0.50000000000000011 -0.86602540378443871 -0.00000000000000011 
2 1.21243556529821439 0.69999999999998042 89.00000000000000000 0.50000000000000011 -0.86602540378443871 -0.00000000000000019 0.86602540378443871 0.50000000000000011 0.00000000000000011 -0.00000000000000000 -0.00000000000000022 1.00000000000000000 1.00000000000000000
1 0.34641016151377557 0.19999999999998036 89.00000000000000000 0.86602540378443871 0.50000000000000000 0.00000000000000011 0.00000000000000000 -0.00000000000000022 1.00000000000000000 0.50000000000000000 -0.86602540378443871 -0.00000000000000019 
1 346.41016151377550614 200.00000000000005684 23.28966521106260146 -0.05033835164362523 -0.02906286087200919 0.99830927095351418 -0.86456118947926575 -0.49915463547675720 -0.05812572174401821 0.50000000000000011 -0.86602540378443871 -0.00000000000000010 
1 294.79504744822298790 170.20000000000004547 22.62424715348111093 -0.86456118947926552 -0.49915463547675698 -0.05812572174402175 0.05033835164362827 0.02906286087201104 -0.99830927095351396 0.50000000000000011 -0.86602540378443871 -0.00000000000000019 
Triangulations 0

TShapes 19
Ve
0.000000100000000
340.400000000000034 22.624247153481072 0.000000000000000
0 0

0101101
*
Ve
0.000000100000000
340.400000000000034 87.500000000000000 0.000000000000000
0 0

0101101
*
Ed
 0.000000100000000 1 1 0
1  1 0 0.000000000000000 64.875752846518935
2  1 1 4 0.000000000000000 64.875752846518935
2  2 2 6 0.000000000000000 64.875752846518935
2  3 2 8 0.000000000000000 64.875752846518935
0

0101000
+19 0 -18 0 *
Ve
0.000000100000000
337.900000000000034 90.000000000000000 0.000000000000000
0 0

0101101
*
Ed
 0.000000100000000 1 1 0
1  2 0 -0.000000000000001 1.570796326794887
2  4 3 6 -0.000000000000001 1.570796326794887
2  5 3 8 -0.000000000000001 1.570796326794887
2  6 1 4 -0.000000000000001 1.570796326794887
0

0101000
+18 0 -16 0 *
Ve
0.000000100000012
1.399999999999989 90.000000000000000 0.000000000000000
0 0

0101101
*
Ed
 0.000000100000000 1 1 0
1  3 0 0.000000000000000 336.500000000000057
2  7 1 4 0.000000000000000 336.500000000000057
2  8 4 6 0.000000000000000 336.500000000000057
2  9 4 8 0.000000000000000 336.500000000000057
0

0101000
+16 0 -14 0 *
Ve
0.000000100000000
0.400000000000000 89.000000000000000 0.000000000000000
0 0

0101101
*
Ed
 0.000000100000000 1 1 0
1  4 0 1.570796326794896 3.141592653589796
2  10 5 6 1.570796326794896 3.141592653589796
2  11 5 8 1.570796326794896 3.141592653589796
2  12 1 4 1.570796326794896 3.141592653589796
0

0101000
+14 0 -12 0 *
Ve
0.000000100000000
0.400000000000000 200.000000000000000 0.000000000000000
0 0

0101101
*
Ed
 0.000000100000000 1 1 0
1  5 0 0.000000000000000 111.000000000000000
2  13 1 4 0.000000000000000 111.000000000000000
2  14 6 6 0.000000000000000 111.000000000000000
2  15 6 8 0.000000000000000 111.000000000000000
0

0101000
+12 0 -10 0 *
Ve
0.000000100000000
400.000000000000000 200.000000000000000 0.000000000000000
0 0

0101101
*
Ed
 0.000000100000000 1 1 0
1  6 0 0.000000000000000 399.600000000000023
2  16 1 4 0.000000000000000 399.600000000000023
0

0101000
+10 0 -8 0 *
Ve
0.000000100000000
400.000000000000000 23.289665211062555 0.000000000000000
0 0

0101101
*
Ed
 0.000000100000000 1 1 0
1  7 0 0.000000000000000 176.710334788937445
2  17 1 4 0.000000000000000 176.710334788937445
0

0101000
+8 0 -6 0 *
Ve
0.000000100000000
340.562752020883295 19.828981194811231 0.000000000000000
0 0

0101101
*
Ed
 0.000000100000000 1 1 0
1  8 0 0.000000000000000 59.537910453687829
2  18 7 6 0.000000000000000 59.537910453687829
2  19 7 8 0.000000000000000 59.537910453687829
2  20 1 4 0.000000000000000 59.537910453687829
0

0101000
+6 0 -4 0 *
Ed
 0.000000100000000 1 1 0
1  9 0 0.000000000000000 2.800000000000002
2  21 8 6 0.000000000000000 2.800000000000002
2  22 8 8 0.000000000000000 2.800000000000002
2  23 1 4 0.000000000000000 2.800000000000002
0

0101000
+19 0 -4 0 *
Wi

0101100
+17 0 +15 0 +13 0 +11 0 +9 0 +7 0 +5 0 +3 0 -2 0 *

+1 1 