
CASCADE Topology V1, (c) Matra-Datavision
Locations 22
1
1.000000000000000 0.000000000000000 0.000000000000000 0.000000000000000 
0.000000000000000 0.993288078374917 -0.115666734017457 0.000000000000000 
0.000000000000000 0.115666734017457 0.993288078374917 0.000000000000000 
1
1.000000000000000 0.000000000000000 0.000000000000000 0.000000000000000 
0.000000000000000 1.000000000000000 0.000000000000000 0.000000000000000 
0.000000000000000 0.000000000000000 1.000000000000000 0.000000000000000 
1
1.000000000000000 0.000000000000000 0.000000000000000 0.000000000000000 
0.000000000000000 0.993288078374917 -0.115666734017457 0.000000000000000 
0.000000000000000 0.115666734017457 0.993288078374917 0.000000000000000 
1
1.000000000000000 0.000000000000000 0.000000000000000 0.000000000000000 
0.000000000000000 1.000000000000000 0.000000000000000 0.000000000000000 
0.000000000000000 0.000000000000000 1.000000000000000 0.000000000000000 
2  2 1 3 -1 4 -1 0
1
1.000000000000000 0.000000000000000 0.000000000000000 -0.000000000000000 
0.000000000000000 1.000000000000000 0.000000000000000 -0.578333670087287 
0.000000000000000 0.000000000000000 1.000000000000000 4.966440391874583 
2  6 -1 2 1 3 -1 4 -1 0
2  3 -1 4 -1 0
1
1.000000000000000 0.000000000000000 0.000000000000000 0.000000000000000 
0.000000000000000 0.993288078374917 -0.115666734017457 0.000000000000000 
0.000000000000000 0.115666734017457 0.993288078374917 0.000000000000000 
1
1.000000000000000 0.000000000000000 0.000000000000000 0.000000000000000 
0.000000000000000 0.993288078374917 -0.115666734017457 0.000000000000000 
0.000000000000000 0.115666734017457 0.993288078374917 0.000000000000000 
1
1.000000000000000 0.000000000000000 0.000000000000000 0.000000000000000 
0.000000000000000 1.000000000000000 0.000000000000000 0.000000000000000 
0.000000000000000 0.000000000000000 1.000000000000000 0.000000000000000 
1
1.000000000000000 0.000000000000000 0.000000000000000 0.000000000000000 
0.000000000000000 1.000000000000000 0.000000000000000 0.000000000000000 
0.000000000000000 0.000000000000000 1.000000000000000 0.000000000000000 
1
1.000000000000000 0.000000000000000 0.000000000000000 0.000000000000000 
0.000000000000000 1.000000000000000 0.000000000000000 0.000000000000000 
0.000000000000000 0.000000000000000 1.000000000000000 0.000000000000000 
1
1.000000000000000 0.000000000000000 0.000000000000000 0.000000000000000 
0.000000000000000 1.000000000000000 0.000000000000000 0.000000000000000 
0.000000000000000 0.000000000000000 1.000000000000000 0.000000000000000 
1
1.000000000000000 0.000000000000000 0.000000000000000 0.000000000000000 
0.000000000000000 1.000000000000000 0.000000000000000 0.000000000000000 
0.000000000000000 0.000000000000000 1.000000000000000 0.000000000000000 
1
1.000000000000000 0.000000000000000 0.000000000000000 0.000000000000000 
0.000000000000000 1.000000000000000 0.000000000000000 0.000000000000000 
0.000000000000000 0.000000000000000 1.000000000000000 0.000000000000000 
1
1.000000000000000 0.000000000000000 0.000000000000000 0.000000000000000 
0.000000000000000 1.000000000000000 0.000000000000000 0.000000000000000 
0.000000000000000 0.000000000000000 1.000000000000000 0.000000000000000 
1
1.000000000000000 0.000000000000000 0.000000000000000 0.000000000000000 
0.000000000000000 1.000000000000000 0.000000000000000 0.000000000000000 
0.000000000000000 0.000000000000000 1.000000000000000 0.000000000000000 
1
1.000000000000000 0.000000000000000 0.000000000000000 0.000000000000000 
0.000000000000000 1.000000000000000 0.000000000000000 0.000000000000000 
0.000000000000000 0.000000000000000 1.000000000000000 0.000000000000000 
1
1.000000000000000 0.000000000000000 0.000000000000000 0.000000000000000 
0.000000000000000 1.000000000000000 0.000000000000000 0.000000000000000 
0.000000000000000 0.000000000000000 1.000000000000000 0.000000000000000 
1
1.000000000000000 0.000000000000000 0.000000000000000 0.000000000000000 
0.000000000000000 1.000000000000000 0.000000000000000 0.000000000000000 
0.000000000000000 0.000000000000000 1.000000000000000 0.000000000000000 
2  9 -1 10 1 11 1 12 1 13 1 14 -1 15 1 16 -1 17 1 18 -1 19 1 20 -1 21 1 3 -1 4 -1 0
Curve2ds 13
1 0.00000000000000000 0.00000000000000000 1.00000000000000000 0.00000000000000000 
1 0.00000000000000000 -4.99999999999999911 1.00000000000000000 0.00000000000000000 
2 0.16409001162876172 1.54146577372370075 0.00000000000000000 -1.00000000000000000 1.00000000000000000 0.00000000000000000 1.50000000000000000
2 24.38005556803611995 -292.28857275333871257 0.00000000000000000 -1.00000000000000000 1.00000000000000000 0.00000000000000000 1.50000000000000000
1 0.00000000000000000 0.00000000000000000 1.00000000000000000 0.00000000000000000 
1 0.00000000000000000 -4.99999999999999911 1.00000000000000000 0.00000000000000000 
2 -27.99381049787260878 47.03193333448882640 0.00000000000000000 -1.00000000000000000 1.00000000000000000 0.00000000000000000 55.00000000000000000
1 0.00000000000000000 0.00000000000000000 1.00000000000000000 0.00000000000000000 
1 -0.00000000000000150 -4.99999999999999822 1.00000000000000000 0.00000000000000000 
1 -0.82828740334101680 0.29567690130028268 0.50252756108121832 -0.86456118947924243 
1 0.00000000000000000 0.00000000000000000 1.00000000000000000 0.00000000000000000 
1 0.00000000000000222 -5.00000000000000089 1.00000000000000000 0.00000000000000000 
1 -0.74183128439308033 0.34592965740847603 -0.86456118947899741 -0.50252756108163987 
Curves 4
2 292.28857275333871257 174.83579706567678613 0.00000000000000000 0.00000000000000000 0.00000000000000000 1.00000000000000000 1.00000000000000000 0.00000000000000000 -0.00000000000000000 -0.00000000000000000 1.00000000000000000 0.00000000000000000 1.50000000000000000
2 246.79810519257358692 146.67789655617539779 0.00000000000000000 0.00000000000000000 0.00000000000000000 1.00000000000000000 1.00000000000000000 0.00000000000000000 -0.00000000000000000 -0.00000000000000000 1.00000000000000000 0.00000000000000000 55.00000000000000000
1 293.53436162576213064 173.84341965070700553 0.00000000000000000 0.86456118947924243 0.50252756108121832 0.00000000000000000 
1 293.48410886965393729 173.92987576965495577 0.00000000000000000 0.50252756108163987 -0.86456118947899729 0.00000000000000000 
Polygon3D 0
PolygonOnTriangulations 0
Surfaces 6
2 292.28857275333871257 173.66231289851302222 20.22268563592578872 -0.00000000000000000 0.11566673401745736 -0.99328807837491684 1.00000000000000000 0.00000000000000000 0.00000000000000000 -0.00000000000000000 0.99328807837491684 0.11566673401745736 1.50000000000000000
1 293.83003852706241332 173.49932424618177151 20.20370588019580183 -0.00000000000000258 -0.11566673401745760 0.99328807837491673 0.00000000000000000 0.99328807837491673 0.11566673401745760 -1.00000000000000000 0.00000000000000030 -0.00000000000000256 
1 0.00000000000000561 149.44589435266473743 17.40272423320693207 -0.00000000000000000 -0.11566673401745739 0.99328807837491684 0.00000000000000000 0.99328807837491684 0.11566673401745739 -1.00000000000000000 0.00000000000000000 0.00000000000000000 
2 246.79810519257358692 145.69340601035830218 16.96575324720326350 -0.00000000000000000 0.11566673401745736 -0.99328807837491684 1.00000000000000000 0.00000000000000000 0.00000000000000000 -0.00000000000000000 0.99328807837491684 0.11566673401745736 55.00000000000000000
1 293.53436162576213064 172.67659624297502319 20.10790058142354653 -0.50252756108121832 0.85875832253536899 0.10000096914531210 0.86456118947924243 0.49915463547679700 0.05812572174402283 -0.00000000000000003 0.11566673401745739 -0.99328807837491684 
1 293.48410886965393729 172.76247207522857252 20.11790067833808138 0.86456118947899741 0.49915463547721567 0.05812572174407160 0.50252756108163987 -0.85875832253512563 -0.10000096914528374 0.00000000000000001 0.11566673401745735 -0.99328807837491673 
Triangulations 0

TShapes 9
Ve
0.000000150000222
293.484108869653937 173.929875769654956 0.000000000000000
0 0

0101101
*
Ve
0.000001663051722
293.564006423266676 175.625270911737573 0.000000000000000
0 0

0101101
*
Ed
 0.000000100000014 1 1 0
1  1 0 5.634740600231217 6.837447268530131
2  1 1 5 5.634740600231217 6.837447268530131
2  2 1 7 5.634740600231217 6.837447268530131
2  3 2 8 5.634740600231217 6.837447268530131
2  4 3 22 5.634740600231217 6.837447268530131
0

0101000
+9 0 -8 0 *
Ve
0.000000100000000
294.348970613933204 174.316912415640189 0.000000000000000
0 0

0101101
*
Ed
 0.000000100000000 1 1 0
1  2 0 0.526519819010765 0.554261961350541
2  5 4 5 0.526519819010765 0.554261961350541
2  6 4 7 0.526519819010765 0.554261961350541
2  7 2 8 0.526519819010765 0.554261961350541
0

0101000
+6 0 -8 0 *
Ve
0.000000100000000
293.534361625762131 173.843419650707006 0.000000000000000
0 0

0101101
*
Ed
 0.000000100000000 1 1 0
1  3 0 0.000000000000000 0.942222480125141
2  8 5 5 0.000000000000000 0.942222480125141
2  9 5 7 0.000000000000000 0.942222480125141
2  10 2 8 0.000000000000000 0.942222480125141
0

0101000
+4 0 -6 0 *
Ed
 0.000000100000000 1 1 0
1  4 0 0.000000000000000 0.100000000000058
2  11 6 5 0.000000000000000 0.100000000000058
2  12 6 7 0.000000000000000 0.100000000000058
2  13 2 8 0.000000000000000 0.100000000000058
0

0101000
+9 0 -4 0 *
Wi

0101100
+7 0 -5 0 -3 0 -2 0 *

+1 1 