
CASCADE Topology V1, (c) Matra-Datavision
Locations 56
1
1.000000000000000 0.000000000000000 0.000000000000000 0.000000000000000 
0.000000000000000 1.000000000000000 0.000000000000000 0.000000000000000 
0.000000000000000 0.000000000000000 1.000000000000000 0.000000000000000 
1
1.000000000000000 0.000000000000000 0.000000000000000 0.000000000000000 
0.000000000000000 1.000000000000000 0.000000000000000 0.000000000000000 
0.000000000000000 0.000000000000000 1.000000000000000 0.000000000000000 
2  2 -1 0
1
1.000000000000000 0.000000000000000 0.000000000000000 0.000000000000000 
0.000000000000000 0.993288078374917 -0.115666734017457 0.000000000000000 
0.000000000000000 0.115666734017457 0.993288078374917 0.000000000000000 
2  4 1 2 1 0
2  4 -1 0
2  2 -1 4 -1 0
1
0.722169641273486 0.532611570807279 -0.441356912107569 -0.292035267998157 
0.416944836789821 0.173942993736566 0.892132746851202 -0.140071279647005 
0.551931166267348 -0.828292671446612 -0.096453295073839 5.546590692209772 
2  8 1 2 1 0
1
0.722169641273486 0.532611570807279 -0.441356912107569 -0.292035267998157 
0.416944836789821 0.173942993736566 0.892132746851202 -0.140071279647005 
0.551931166267348 -0.828292671446612 -0.096453295073839 5.546590692209772 
2  10 1 8 -1 0
2  8 -1 0
2  2 -1 8 -1 0
1
1.000000000000000 0.000000000000000 0.000000000000000 0.000000000000000 
0.000000000000000 1.000000000000000 0.000000000000000 0.000000000000000 
0.000000000000000 0.000000000000000 1.000000000000000 0.000000000000000 
1
1.000000000000000 0.000000000000000 0.000000000000000 0.000000000000000 
0.000000000000000 0.993288078374917 -0.115666734017457 0.000000000000000 
0.000000000000000 0.115666734017457 0.993288078374917 0.000000000000000 
1
1.000000000000000 0.000000000000000 0.000000000000000 0.000000000000000 
0.000000000000000 0.993288078374917 -0.115666734017457 0.000000000000000 
0.000000000000000 0.115666734017457 0.993288078374917 0.000000000000000 
2  14 1 15 1 16 -1 4 1 2 1 0
2  4 -1 16 1 15 -1 14 -1 0
2  15 -1 14 -1 0
2  2 -1 4 -1 16 1 15 -1 14 -1 0
1
1.000000000000000 0.000000000000000 0.000000000000000 0.000000000000000 
0.000000000000000 1.000000000000000 0.000000000000000 -0.000000000000000 
0.000000000000000 0.000000000000000 1.000000000000000 0.500000000000000 
2  14 1 15 1 16 -1 21 1 4 1 2 1 0
2  4 -1 21 -1 16 1 15 -1 14 -1 0
2  2 -1 4 -1 21 -1 16 1 15 -1 14 -1 0
1
1.000000000000000 0.000000000000000 0.000000000000000 0.000000000000000 
0.000000000000000 1.000000000000000 0.000000000000000 -0.057833367008727 
0.000000000000000 0.000000000000000 1.000000000000000 0.496644039187459 
2  25 1 10 1 8 -1 0
1
0.722169641273486 -0.532611570807279 0.441356912107569 0.292035267998169 
-0.416944836789821 0.173942993736566 0.892132746851202 -0.140071279646988 
-0.551931166267348 -0.828292671446612 -0.096453295073839 5.546590692209795 
2  27 1 2 1 0
2  27 -1 0
1
0.722169641273486 -0.532611570807279 0.441356912107569 0.292035267998169 
-0.416944836789821 0.173942993736566 0.892132746851202 -0.140071279646988 
-0.551931166267348 -0.828292671446612 -0.096453295073839 5.546590692209795 
2  30 1 27 -1 0
2  2 -1 27 -1 0
2  10 1 2 1 0
2  2 -1 10 -1 0
2  25 1 10 1 2 1 0
2  25 -1 0
2  2 -1 10 -1 25 -1 0
2  16 -1 4 1 0
2  14 1 15 1 16 -1 4 1 0
2  16 1 15 -1 14 -1 0
2  16 -1 21 1 4 1 0
2  14 1 15 1 16 -1 21 1 4 1 0
2  21 -1 16 1 15 -1 14 -1 0
1
1.000000000000000 0.000000000000000 0.000000000000000 0.000000000000057 
0.000000000000000 1.000000000000000 0.000000000000000 -0.057833367008755 
0.000000000000000 0.000000000000000 1.000000000000000 0.496644039187455 
2  44 1 30 1 27 -1 0
2  30 1 2 1 0
2  2 -1 30 -1 0
2  44 1 30 1 2 1 0
2  44 -1 0
2  2 -1 30 -1 44 -1 0
1
1.000000000000000 0.000000000000000 0.000000000000000 0.250000000000029 
0.000000000000000 1.000000000000000 0.000000000000000 -0.433012701892203 
0.000000000000000 0.000000000000000 1.000000000000000 0.000000000000000 
2  51 -1 0
2  14 1 15 1 16 -1 0
2  14 1 15 1 16 -1 21 1 0
1
1.000000000000000 0.000000000000000 0.000000000000000 -0.250000000000029 
0.000000000000000 1.000000000000000 0.000000000000000 -0.433012701892202 
0.000000000000000 0.000000000000000 1.000000000000000 0.000000000000000 
2  55 -1 0
Curve2ds 106
2 0.00000000000000000 0.00000000000000000 1.00000000000000000 0.00000000000000000 -0.00000000000000000 1.00000000000000000 2.50000000000000000
1 0.00000000000000000 340.46054136575651228 1.00000000000000000 0.00000000000000000 
2 0.00000000000000000 0.00000000000000000 1.00000000000000000 0.00000000000000000 -0.00000000000000000 1.00000000000000000 2.00000000000000000
1 0.00000000000000000 0.00000000000000000 1.00000000000000000 0.00000000000000000 
1 2.50000000000000044 0.00000000000000003 -1.00000000000000000 0.00000000000000375 
1 2.50000000000000044 0.00000000000000006 -1.00000000000000000 0.00000000000001223 
1 340.46054136575662596 0.00000000000000711 -0.00000000000000214 -1.00000000000000000 
1 -0.25042582507973421 2.48742575891887396 0.10017033003189353 -0.99497030356754956 
1 -0.00000000000000113 -0.49999999999999989 0.00000000000000208 1.00000000000000000 
1 0.00000000000000000 0.00000000000000000 1.00000000000000000 0.00000000000000000 
2 0.00000000000000000 0.00000000000000000 -1.00000000000000000 0.00000000000000675 0.00000000000000675 1.00000000000000000 2.50000000000000622
8 0.00000000000000000 340.46054136575651228
1 0.00000000000000000 340.46054136575651228 -0.00000000000000000 -1.00000000000000000 
1 -147.22963457891168559 0.00000000000000561 0.50252756108117813 -0.86456118947926575 
1 126.99158950739229113 -122.10112323104107190 -0.50252756108117813 0.86456118947926575 
1 1.67113493755309550 0.00000000000000000 0.00000000000000000 1.00000000000000000 
1 340.46054136575656912 -0.49999999999998290 -1.00000000000000000 -0.00000000000000008 
1 0.00000000000000000 340.46054136575651228 1.00000000000000000 0.00000000000000000 
2 0.00000000000000000 0.00000000000000000 -1.00000000000000000 -0.00000000000000444 -0.00000000000000444 1.00000000000000000 2.00000000000000622
8 0.00000000000000000 340.46054136575651228
1 0.00000000000000000 0.00000000000000000 0.00000000000000000 1.00000000000000000 
1 -147.22963457891168559 0.00000000000000561 0.50252756108117813 -0.86456118947926575 
1 -44.09921598951888910 172.24784738289213237 0.50252756108117813 -0.86456118947926575 
1 1.67113493755309550 0.00000000000000000 0.00000000000000000 1.00000000000000000 
1 0.00000000000000000 0.00000000000000000 1.00000000000000000 0.00000000000000008 
2 0.00000000000000000 0.00000000000000000 1.00000000000000000 0.00000000000000000 -0.00000000000000000 1.00000000000000000 2.50000000000000000
1 0.00000000000000000 340.46054136575645543 1.00000000000000000 0.00000000000000000 
2 0.00000000000000000 0.00000000000000000 1.00000000000000000 0.00000000000000000 -0.00000000000000000 1.00000000000000000 2.00000000000000044
1 0.00000000000000000 0.00000000000000000 1.00000000000000000 0.00000000000000000 
1 -0.25042582507973288 2.48742575891887441 0.10017033003189348 -0.99497030356754956 
1 340.46054136575651228 0.00000000000000711 0.00000000000012446 -1.00000000000000000 
1 0.00000000000006219 -0.50000000000000000 -0.00000000000012446 1.00000000000000000 
1 -0.00000000000000000 0.00000000000000000 1.00000000000000000 0.00000000000000002 
1 126.99158950739231955 -122.10112323104107190 -0.50252756108117824 0.86456118947926575 
1 341.51719749625237910 0.00000000000000355 -0.00000000000000216 -1.00000000000000000 
1 0.00000000000000000 0.00000000000000000 -0.00000000000000365 -1.00000000000000000 
1 -0.00000000000000129 -0.49999999999999983 1.00000000000000000 0.00000000000000002 
1 126.99158950739231955 -122.10112323104107190 -0.50252756108117824 0.86456118947926575 
1 -2.50000000000000266 0.00000000000003511 1.00000000000000000 -0.00000000000000944 
1 0.52651981901076517 0.00000000000000000 0.00000000000000000 -1.00000000000000000 
1 97.49999999999995737 -0.49999999999999822 -0.00000000000000462 1.00000000000000000 
1 0.20034066006380513 1.98994060713516951 0.10017033003190741 0.99497030356754812 
1 340.46054136575662596 -0.00000000000001132 -0.00000000000000259 -1.00000000000000000 
2 -3.77784494146529592 -246.79810519257358692 0.00000000000000000 -1.00000000000000000 1.00000000000000000 0.00000000000000000 55.00000000000000000
1 0.00000000000000000 0.00000000000000000 1.00000000000000000 0.00000000000000000 
2 -779.31879615018499408 0.00000000000000561 0.00000000000000000 -1.00000000000000000 1.00000000000000000 0.00000000000000000 868.86305465254429237
1 0.00000000000000000 0.00000000000000000 1.00000000000000000 0.00000000000000000 
2 -3.77784494146529637 246.79810519257358692 0.00000000000000000 -1.00000000000000000 1.00000000000000000 0.00000000000000000 54.99999999999997158
1 0.00000000000000000 0.00000000000000000 1.00000000000000000 0.00000000000000000 
1 -147.22963457891168559 0.00000000000000561 0.50252756108117824 0.86456118947926575 
8 0.00000000000000000 340.46054136575645543
1 0.00000000000000000 340.46054136575645543 -0.00000000000000000 -1.00000000000000000 
2 -3.77784494146529592 -246.79810519257358692 0.00000000000000000 -1.00000000000000000 1.00000000000000000 0.00000000000000000 55.00000000000000000
1 0.00000000000000000 -0.49999999999999989 1.00000000000000000 0.00000000000000000 
2 -779.31879615018499408 0.00000000000000561 0.00000000000000000 -1.00000000000000000 1.00000000000000000 0.00000000000000000 868.86305465254429237
1 0.00000000000000000 -0.49999999999999989 1.00000000000000000 0.00000000000000000 
2 -3.77784494146529637 246.79810519257358692 0.00000000000000000 -1.00000000000000000 1.00000000000000000 0.00000000000000000 54.99999999999997158
1 0.00000000000000000 -0.49999999999999989 1.00000000000000000 0.00000000000000000 
1 -147.22963457891168559 0.00000000000000561 0.50252756108117824 0.86456118947926575 
8 0.00000000000000000 340.46054136575645543
1 0.00000000000000000 0.00000000000000000 0.00000000000000000 1.00000000000000000 
1 0.00000000000000000 0.00000000000000000 1.00000000000000000 0.00000000000000000 
2 0.00000000000000000 0.00000000000000000 -1.00000000000000000 0.00000000000000657 0.00000000000000657 1.00000000000000000 2.50000000000000933
1 1.67113493755309550 0.00000000000000000 0.00000000000000000 1.00000000000000000 
1 -126.99158950739229113 122.10112323104104348 0.50252756108117813 -0.86456118947926575 
1 340.46054136575651228 -0.49999999999998224 -1.00000000000000000 0.00000000000000003 
1 0.00000000000000000 340.46054136575645543 1.00000000000000000 0.00000000000000000 
2 0.00000000000000000 0.00000000000000000 -1.00000000000000000 -0.00000000000000466 -0.00000000000000466 1.00000000000000000 2.00000000000000977
1 1.67113493755309550 0.00000000000000000 0.00000000000000000 1.00000000000000000 
1 44.09921598951888200 -172.24784738289210395 -0.50252756108117813 0.86456118947926575 
1 0.00000000000000000 0.00000000000000000 1.00000000000000000 -0.00000000000000003 
1 0.00000000000000000 0.00000000000000000 1.00000000000000000 0.00000000000000001 
1 -126.99158950739231955 122.10112323104104348 0.50252756108117824 -0.86456118947926575 
1 341.51719749625226541 0.00000000000000355 0.00000000000012450 -1.00000000000000000 
1 -0.00000000000000000 0.00000000000000000 -0.00000000000001932 -1.00000000000000000 
1 0.00000000000006225 -0.49999999999999961 1.00000000000000000 0.00000000000000001 
1 -126.99158950739231955 122.10112323104104348 0.50252756108117824 -0.86456118947926575 
1 97.66512526411273143 0.00000000000000000 -0.00000000000000365 -1.00000000000000000 
1 0.00000000000000000 0.00000000000000000 0.00000000000000219 -1.00000000000000000 
1 -44.63021481767844989 173.16139126394418213 -0.83388967357964427 -0.55193116626734773 
1 0.00000000000000000 0.00000000000000000 1.00000000000000000 -0.00000000000000001 
1 -0.00000000000000180 -0.49999999999999994 1.00000000000000000 -0.00000000000000001 
1 -44.63021481767844989 173.16139126394418213 -0.83388967357964427 -0.55193116626734773 
1 1.26270247728702989 0.00000000000000000 0.00000000000000000 -1.00000000000000000 
1 1.26270247728703011 0.00000000000000000 0.00000000000000000 -1.00000000000000000 
1 -0.00000000000000000 0.00000000000000000 -0.00000000000006878 -1.00000000000000000 
1 -0.00000000000000000 0.00000000000000000 1.00000000000000000 -0.00000000000000007 
1 -0.00000000000005512 -0.50000000000002021 1.00000000000000000 -0.00000000000000007 
1 7.82517528978839216 48.37694835026372431 -0.99830927095351429 0.05812572174401805 
1 1.87889017630276323 0.00000000000000000 0.00000000000000000 -1.00000000000000000 
1 1.87889017630276300 0.00000000000000000 0.00000000000000000 -1.00000000000000000 
1 2.61507283457902817 0.00000000000000000 0.00000000000000000 -1.00000000000000000 
1 -2.50000000000000266 0.00000000000003464 1.00000000000000000 -0.00000000000000926 
1 0.20034066006379447 1.98994060713505583 0.10017033003191478 0.99497030356754734 
1 97.49999999999998579 -0.49999999999999822 -0.00000000000001214 1.00000000000000000 
1 340.46054136575645543 -0.00000000000001064 0.00000000000012446 -1.00000000000000000 
1 97.66512526411271722 -0.00000000000000355 -0.00000000000001932 -1.00000000000000000 
1 0.00000000000000000 0.00000000000000000 -0.00000000000012448 -1.00000000000000000 
1 44.63021481767842147 -173.16139126394412528 0.83388967357964483 0.55193116626734662 
1 -0.00000000000000000 0.00000000000000000 1.00000000000000000 -0.00000000000000001 
1 44.63021481767842147 -173.16139126394412528 0.83388967357964483 0.55193116626734662 
1 -0.00000000000000969 -0.49999999999999989 1.00000000000000000 -0.00000000000000001 
1 10.00000000000001421 0.00000000000000063 0.00000000000007122 -1.00000000000000000 
1 2.15791741974657469 -48.95820556770389942 0.05812572174401878 0.99830927095351418 
1 0.00000000000000000 0.00000000000000000 0.00000000000005901 -1.00000000000000000 
1 0.00000000000000000 0.00000000000000000 1.00000000000000000 0.00000000000000003 
1 0.00000000000000874 -0.50000000000002021 1.00000000000000000 0.00000000000000003 
1 7.82517528978850763 48.37694835026371010 -0.99830927095351418 0.05812572174401835 
1 9.99999999999997868 -0.00000000000000022 -0.00000000000005901 -1.00000000000000000 
1 2.15791741974669105 -48.95820556770391363 0.05812572174401863 0.99830927095351418 
Curves 55
2 -0.00000000000000473 2.91528670689272884 2.85637344681780059 -0.86456118947926575 -0.49915463547675692 -0.05812572174401819 0.00000000000000189 0.11566673401745417 -0.99328807837491717 0.50252756108117802 -0.85875832253539264 -0.10000096914531108 2.50000000000000000
2 -0.00000000000000378 2.91528670689272928 2.85637344681780059 -0.86456118947926575 -0.49915463547675692 -0.05812572174401819 0.00000000000000189 0.11566673401745417 -0.99328807837491717 0.50252756108117802 -0.85875832253539264 -0.10000096914531108 2.00000000000000000
1 0.00000000000000000 3.22610691872901167 0.00000000000000013 0.00000000000000000 -0.00000000000000004 1.00000000000000000 
1 0.00000000000000000 3.20445354193636422 0.37315325088050760 0.00000000000000000 -0.11566673401745312 0.99328807837491728 
2 294.34897061393320428 172.85774412653626086 22.64588813906156162 -0.86456118947926575 -0.49915463547675692 -0.05812572174401819 -0.00000000000000259 0.11566673401746183 -0.99328807837491628 0.50252756108117802 -0.85875832253539164 -0.10000096914531995 2.50000000000000577
1 0.00000000000000000 3.22610691872901167 0.00000000000000000 0.86456118947926575 0.50252756108117802 0.00000000000000000 
1 294.34897061393320428 173.14691096157991979 20.16266794312426569 -0.86456118947926575 -0.49915463547675704 -0.05812572174401819 
2 294.34897061393326112 172.85774412653628929 22.64588813906156517 -0.86456118947926575 -0.49915463547675692 -0.05812572174401819 -0.00000000000000474 0.11566673401746549 -0.99328807837491584 0.50252756108117802 -0.85875832253539119 -0.10000096914532418 2.00000000000000622
1 0.00000000000000000 3.22610691872901167 0.00000000000000000 0.86456118947926575 0.50252756108117802 0.00000000000000000 
1 0.00000000000000000 3.14662017492763768 0.86979729006796613 0.86456118947926575 0.49915463547675704 0.05812572174401819 
2 0.00000000000001529 2.91528670689274705 2.85637344681780281 -0.86456118947926575 0.49915463547675704 0.05812572174401821 -0.00000000000000615 0.11566673401744690 -0.99328807837491806 -0.50252756108117813 -0.85875832253539364 -0.10000096914530267 2.50000000000000000
2 0.00000000000006910 2.91528670689271596 2.85637344681779926 -0.86456118947926575 0.49915463547675704 0.05812572174401821 -0.00000000000000616 0.11566673401744690 -0.99328807837491806 -0.50252756108117813 -0.85875832253539364 -0.10000096914530265 2.00000000000000044
1 0.00000000000000000 3.20445354193636422 0.37315325088050760 0.00000000000011369 -0.11566673401750906 0.99328807837491073 
1 294.34897061393320428 173.14691096157991979 20.16266794312426569 -0.86456118947926575 -0.49915463547675709 -0.05812572174401819 
1 -0.91354388105204665 2.67701873629442977 0.31173435066019511 0.00000000000000000 -0.11566673401745306 0.99328807837491728 
1 294.34897061393320428 173.14691096157991979 20.16266794312426569 -0.86456118947926575 -0.49915463547675709 -0.05812572174401819 
1 294.34897061393320428 174.31691241564016082 0.00000000000000726 0.00000000000000000 -0.00000000000000004 1.00000000000000000 
1 294.34897061393320428 173.08907759457119369 20.65931198231172417 0.00000000000000000 0.11566673401745226 -0.99328807837491739 
2 246.79810519257358692 146.67789655617536937 0.00000000000000000 0.00000000000000000 0.00000000000000000 1.00000000000000000 1.00000000000000000 0.00000000000000000 -0.00000000000000000 -0.00000000000000000 1.00000000000000000 0.00000000000000000 55.00000000000000000
2 0.00000000000000000 -628.86305465254429237 0.00000000000000000 0.00000000000000000 0.00000000000000000 1.00000000000000000 1.00000000000000000 0.00000000000000000 -0.00000000000000000 -0.00000000000000000 1.00000000000000000 0.00000000000000000 868.86305465254429237
2 -246.79810519257358692 146.67789655617536937 0.00000000000000000 0.00000000000000000 0.00000000000000000 1.00000000000000000 1.00000000000000000 0.00000000000000000 -0.00000000000000000 -0.00000000000000000 1.00000000000000000 0.00000000000000000 54.99999999999997158
1 0.00000000000000000 3.22610691872901167 0.00000000000000000 -0.86456118947926575 0.50252756108117813 0.00000000000000000 
2 246.79810519257358692 146.67789655617536937 0.00000000000000000 0.00000000000000000 0.00000000000000000 1.00000000000000000 1.00000000000000000 0.00000000000000000 -0.00000000000000000 -0.00000000000000000 1.00000000000000000 0.00000000000000000 55.00000000000000000
2 0.00000000000000000 -628.86305465254429237 0.00000000000000000 0.00000000000000000 0.00000000000000000 1.00000000000000000 1.00000000000000000 0.00000000000000000 -0.00000000000000000 -0.00000000000000000 1.00000000000000000 0.00000000000000000 868.86305465254429237
2 -246.79810519257358692 146.67789655617536937 0.00000000000000000 0.00000000000000000 0.00000000000000000 1.00000000000000000 1.00000000000000000 0.00000000000000000 -0.00000000000000000 -0.00000000000000000 1.00000000000000000 0.00000000000000000 54.99999999999997158
1 0.00000000000000000 3.22610691872901167 0.00000000000000000 -0.86456118947926575 0.50252756108117813 0.00000000000000000 
2 -294.34897061393314743 172.85774412653628929 22.64588813906156517 -0.86456118947926575 0.49915463547675704 0.05812572174401821 -0.00000000000000247 0.11566673401745320 -0.99328807837491739 -0.50252756108117813 -0.85875832253539264 -0.10000096914530993 2.50000000000000977
1 -294.34897061393314743 173.14691096157991979 20.16266794312426214 0.86456118947926575 -0.49915463547675709 -0.05812572174401819 
2 -294.34897061393314743 172.85774412653626086 22.64588813906156162 -0.86456118947926575 0.49915463547675704 0.05812572174401821 0.00000000000000464 0.11566673401746533 -0.99328807837491584 -0.50252756108117813 -0.85875832253539119 -0.10000096914532400 2.00000000000000977
1 0.00000000000005684 3.14662017492760970 0.86979729006796291 -0.86456118947926575 0.49915463547675709 0.05812572174401819 
1 -294.34897061393314743 173.14691096157991979 20.16266794312426214 0.86456118947926575 -0.49915463547675715 -0.05812572174401820 
1 0.91354388105202566 2.67701873629444176 0.31173435066019650 0.00000000000011369 -0.11566673401750914 0.99328807837491073 
1 -294.34897061393314743 173.14691096157991979 20.16266794312426214 0.86456118947926575 -0.49915463547675715 -0.05812572174401820 
1 52.99088260961627839 -78.21828877588542639 -9.10838879486292008 0.00000000000000000 -0.11566673401745306 0.99328807837491728 
1 -0.91354388105204665 2.67701873629442977 0.31173435066019511 0.55193116626734773 -0.82829267144661145 -0.09645329507384109 
1 -0.91354388105204665 2.67701873629442977 0.31173435066019511 0.55193116626734773 -0.82829267144661145 -0.09645329507384109 
1 263.47645876568981294 199.08812954640470139 0.00000000000000829 0.00000000000000000 -0.00000000000000004 1.00000000000000000 
1 303.99458250872595499 176.11723967373490041 23.22714535650171541 0.50000000000005751 -0.86602540378440551 0.00000000000000000 
1 303.99458250872595499 176.11723967373490041 23.22714535650171541 -0.86456118947926697 -0.49915463547675498 -0.05812572174401805 
1 -263.47645876568981294 199.08812954640470139 0.00000000000000829 0.00000000000000000 -0.00000000000000004 1.00000000000000000 
1 -294.34897061393314743 174.31691241564016082 0.00000000000000726 0.00000000000000000 -0.00000000000000004 1.00000000000000000 
1 -294.34897061393309059 173.08907759457116526 20.65931198231171706 -0.00000000000011369 0.11566673401750914 -0.99328807837491073 
1 -52.99088260961620023 -78.21828877588548323 -9.10838879486292541 0.00000000000011369 -0.11566673401750914 0.99328807837491073 
1 0.91354388105202566 2.67701873629444176 0.31173435066019650 -0.55193116626734662 -0.82829267144661201 -0.09645329507384116 
1 0.91354388105202566 2.67701873629444176 0.31173435066019650 -0.55193116626734662 -0.82829267144661201 -0.09645329507384116 
1 299.08659322347256193 173.28361073871377585 120.56229927446933914 0.50000000000005751 -0.86602540378440551 0.00000000000000000 
1 299.08659322347256193 173.28361073871377585 120.56229927446933914 0.05033835164362455 0.02906286087201154 -0.99830927095351418 
1 -303.99458250872510234 176.11723967373600885 23.22714535650172962 -0.50000000000005751 -0.86602540378440551 0.00000000000000000 
1 -303.99458250872510234 176.11723967373600885 23.22714535650172962 0.86456118947920313 -0.49915463547686556 -0.05812572174401836 
1 -299.08659322347170928 173.28361073871491271 120.56229927446935335 -0.50000000000005751 -0.86602540378440551 0.00000000000000000 
1 -299.08659322347170928 173.28361073871491271 120.56229927446935335 -0.05033835164362455 0.02906286087201124 -0.99830927095351418 
1 290.69098132867992490 167.85905168205403015 119.98104205702915692 0.86456118947926819 0.49915463547675287 0.05812572174401814 
1 0.08645611894805838 0.65580109368171047 100.46007981071021220 0.86456118947926575 0.49915463547675692 0.05812572174401813 
1 -0.33645611894795668 0.22278839178946575 100.46007981071022641 -0.86456118947926586 0.49915463547675704 0.05812572174401807 
1 -290.44098132867969753 168.29206438394626844 119.98104205702917113 -0.86456118947920313 0.49915463547686556 0.05812572174401836 
Polygon3D 0
PolygonOnTriangulations 0
Surfaces 41
1 -0.00000000000000473 2.91528670689272884 2.85637344681780059 0.86456118947926575 0.49915463547675692 0.05812572174401819 0.00000000000000189 0.11566673401745417 -0.99328807837491717 0.50252756108117802 -0.85875832253539264 -0.10000096914531108 
2 294.34897061393320428 172.85774412653626086 22.64588813906156162 -0.86456118947926575 -0.49915463547675692 -0.05812572174401819 -0.00000000000000259 0.11566673401746183 -0.99328807837491628 0.50252756108117802 -0.85875832253539164 -0.10000096914531995 2.50000000000000622
2 -0.00000000000000378 2.91528670689272928 2.85637344681780059 0.86456118947926575 0.49915463547675692 0.05812572174401819 0.00000000000000189 0.11566673401745417 -0.99328807837491717 0.50252756108117802 -0.85875832253539264 -0.10000096914531108 2.00000000000000000
1 0.00000000000001529 2.91528670689274705 2.85637344681780281 0.86456118947926575 -0.49915463547675704 -0.05812572174401821 -0.00000000000000615 0.11566673401744690 -0.99328807837491806 -0.50252756108117813 -0.85875832253539364 -0.10000096914530267 
1 294.34897061393320428 173.14691096157991979 20.16266794312426569 0.50252756108117824 -0.85875832253539264 -0.10000096914531106 -0.86456118947926575 -0.49915463547675720 -0.05812572174401819 0.00000000000000187 0.11566673401745413 -0.99328807837491717 
1 0.99999999999999600 1.18323589932385120 2.85637344681780414 -0.05033835164362408 -0.02906286087201105 0.99830927095351418 0.86456118947926597 0.49915463547675692 0.05812572174401814 -0.49999999999999983 0.86602540378443871 0.00000000000000230 
1 294.34897061393326112 172.85774412653628929 22.64588813906156517 -0.86456118947926575 -0.49915463547675692 -0.05812572174401819 0.00000000000000474 -0.11566673401746549 0.99328807837491584 0.50252756108117802 -0.85875832253539119 -0.10000096914532418 
1 0.00000000000000561 149.44589435266473743 17.40272423320693207 -0.00000000000000000 -0.11566673401745739 0.99328807837491684 0.00000000000000000 0.99328807837491684 0.11566673401745739 -1.00000000000000000 0.00000000000000000 0.00000000000000000 
1 172.24784738289213237 47.00767905000598290 5.47396553711859113 -0.00000000000000007 -0.11566673401745728 0.99328807837491684 0.00000000000000000 0.99328807837491684 0.11566673401745728 -1.00000000000000000 0.00000000000000001 -0.00000000000000007 
1 0.00000000000000561 149.44589435266473743 17.40272423320693207 -0.00000000000000000 -0.11566673401745739 0.99328807837491684 0.00000000000000000 0.99328807837491684 0.11566673401745739 -1.00000000000000000 0.00000000000000000 0.00000000000000000 
1 172.24784738289213237 47.00767905000598290 5.47396553711859113 -0.00000000000000007 -0.11566673401745728 0.99328807837491684 0.00000000000000000 0.99328807837491684 0.11566673401745728 -1.00000000000000000 0.00000000000000001 -0.00000000000000007 
2 -294.34897061393314743 172.85774412653628929 22.64588813906156517 0.86456118947926575 -0.49915463547675704 -0.05812572174401821 -0.00000000000000247 0.11566673401745320 -0.99328807837491739 -0.50252756108117813 -0.85875832253539264 -0.10000096914530993 2.50000000000000977
2 0.00000000000006910 2.91528670689271596 2.85637344681779926 -0.86456118947926575 0.49915463547675704 0.05812572174401821 -0.00000000000000616 0.11566673401744690 -0.99328807837491806 -0.50252756108117813 -0.85875832253539364 -0.10000096914530265 2.00000000000000044
1 -294.34897061393314743 173.14691096157991979 20.16266794312426214 0.50252756108117824 0.85875832253539364 0.10000096914530281 0.86456118947926575 -0.49915463547675709 -0.05812572174401817 -0.00000000000000604 0.11566673401744698 -0.99328807837491806 
1 -0.99999999999992983 1.18323589932383766 2.85637344681781835 -0.05033835164362411 0.02906286087201112 -0.99830927095351418 -0.86456118947926563 0.49915463547675698 0.05812572174401818 0.50000000000000011 0.86602540378443871 0.00000000000000234 
1 -0.91354388105204665 2.67701873629442977 0.31173435066019511 0.83388967357964416 0.54822664753692063 0.06384007540458796 0.55193116626734762 -0.82829267144661145 -0.09645329507384107 -0.00000000000000199 0.11566673401745606 -0.99328807837491695 
2 246.79810519257358692 146.67789655617536937 0.00000000000000611 -0.00000000000000000 0.00000000000000004 -1.00000000000000000 1.00000000000000000 0.00000000000000000 0.00000000000000000 -0.00000000000000000 1.00000000000000000 0.00000000000000004 55.00000000000000000
1 343.34540781934805409 89.41797451437918198 10.41257345145607083 -0.86456118947926586 -0.49915463547675720 -0.05812572174401601 -0.50252756108117802 0.85875832253539230 0.10000096914531485 -0.00000000000000192 0.11566673401745631 -0.99328807837491684 
2 0.00000000000000000 -628.86305465254429237 -0.00000000000002618 -0.00000000000000000 0.00000000000000004 -1.00000000000000000 1.00000000000000000 0.00000000000000000 0.00000000000000000 -0.00000000000000000 1.00000000000000000 0.00000000000000004 868.86305465254429237
2 -246.79810519257358692 146.67789655617536937 0.00000000000000611 -0.00000000000000000 0.00000000000000004 -1.00000000000000000 1.00000000000000000 0.00000000000000000 0.00000000000000000 -0.00000000000000000 1.00000000000000000 0.00000000000000004 54.99999999999997158
1 -294.34897061393314743 172.85774412653626086 22.64588813906156162 -0.86456118947926575 0.49915463547675704 0.05812572174401821 -0.00000000000000464 -0.11566673401746533 0.99328807837491584 -0.50252756108117813 -0.85875832253539119 -0.10000096914532400 
1 -172.24784738289210395 47.00767905000597580 5.47396553711858846 -0.00000000000000000 0.11566673401745742 -0.99328807837491684 0.00000000000000000 -0.99328807837491684 -0.11566673401745742 -1.00000000000000000 -0.00000000000000000 0.00000000000000000 
1 -172.24784738289210395 47.00767905000597580 5.47396553711858846 -0.00000000000000000 0.11566673401745742 -0.99328807837491684 0.00000000000000000 -0.99328807837491684 -0.11566673401745742 -1.00000000000000000 -0.00000000000000000 0.00000000000000000 
1 0.91354388105202566 2.67701873629444176 0.31173435066019650 0.83388967357964483 -0.54822664753690509 -0.06384007540471295 -0.55193116626734662 -0.82829267144661201 -0.09645329507384118 -0.00000000000010301 0.11566673401752517 -0.99328807837490884 
1 52.99088260961627839 -78.21828877588542639 -9.10838879486292008 -0.50252756108117813 0.85875832253539264 0.10000096914531106 0.86456118947926563 0.49915463547675704 0.05812572174401819 0.00000000000000188 0.11566673401745414 -0.99328807837491717 
1 303.99458250872595499 176.11723967373490041 23.22714535650171541 0.05033835164362323 0.02906286087201237 -0.99830927095351429 -0.86456118947926697 -0.49915463547675487 -0.05812572174401805 -0.49999999999999800 0.86602540378443993 0.00000000000000401 
1 297.21778191870299679 172.20465202884062705 71.60409370676543972 -0.49999999999999695 0.86602540378444048 0.00000000000000257 0.86602540378444048 0.49999999999999695 0.00000000000000000 -0.00000000000000128 0.00000000000000223 -1.00000000000000000 
1 -343.34540781934799725 89.41797451437918198 10.41257345145606727 -0.86456118947926597 0.49915463547674249 0.05812572174414182 0.50252756108117802 0.85875832253539230 0.10000096914531485 -0.00000000000010760 0.11566673401751953 -0.99328807837490951 
1 -52.99088260961620023 -78.21828877588548323 -9.10838879486292541 -0.50252756108117824 -0.85875832253539364 -0.10000096914530281 -0.86456118947926575 0.49915463547675709 0.05812572174401818 -0.00000000000000605 0.11566673401744698 -0.99328807837491806 
1 299.08659322347256193 173.28361073871377585 120.56229927446933914 0.86456118947923255 0.49915463547681443 0.05812572174401877 0.05033835164362455 0.02906286087201154 -0.99830927095351418 -0.50000000000005740 0.86602540378440551 -0.00000000000000137 
1 290.44098132867986806 168.29206438394624001 119.98104205702915692 -0.05033835164362330 -0.02906286087201241 0.99830927095351418 0.86456118947926819 0.49915463547675276 0.05812572174401813 -0.49999999999999584 0.86602540378444104 0.00000000000000415 
1 -303.99458250872510234 176.11723967373600885 23.22714535650172962 0.05033835164362349 -0.02906286087201252 0.99830927095351429 0.86456118947920313 -0.49915463547686562 -0.05812572174401835 0.50000000000010847 0.86602540378437598 -0.00000000000000343 
1 -297.21778191870237151 172.20465202884111022 71.60409370676543972 -0.50000000000010825 -0.86602540378437620 0.00000000000000505 -0.86602540378437620 0.50000000000010825 0.00000000000000000 -0.00000000000000253 -0.00000000000000437 -1.00000000000000000 
1 -299.08659322347170928 173.28361073871491271 120.56229927446935335 0.86456118947923266 -0.49915463547681449 -0.05812572174401864 -0.05033835164362455 0.02906286087201124 -0.99830927095351418 0.50000000000005740 0.86602540378440562 -0.00000000000000162 
1 -290.44098132867969753 168.29206438394626844 119.98104205702917113 -0.05033835164362349 0.02906286087201252 -0.99830927095351429 -0.86456118947920313 0.49915463547686562 0.05812572174401835 0.50000000000010847 0.86602540378437598 -0.00000000000000343 
1 151.04344030687011013 87.23350628144302732 61.44917199937899710 0.49999999999999983 -0.86602540378443871 -0.00000000000000226 -0.86602540378443871 -0.49999999999999983 0.00000000000000000 -0.00000000000000113 0.00000000000000196 -1.00000000000000000 
1 150.79344030687002487 87.66651898333522297 61.44917199937900421 -0.49999999999999994 0.86602540378443871 0.00000000000000226 0.86602540378443871 0.49999999999999994 0.00000000000000000 -0.00000000000000113 0.00000000000000196 -1.00000000000000000 
1 149.71152467121029872 86.75319956525166276 110.51118954258978988 -0.05033835164362520 -0.02906286087200903 0.99830927095351418 0.99873114913083605 0.00000000000000000 0.05035962426189961 -0.00146359475349024 0.99957758584210676 0.02902598443573120 
1 -151.04344030686982592 87.23350628144311258 61.44917199937898999 -0.50000000000000089 -0.86602540378443826 -0.00000000000000211 -0.86602540378443826 0.50000000000000089 -0.00000000000000000 0.00000000000000106 0.00000000000000183 -1.00000000000000000 
1 -150.79344030686979750 87.66651898333532245 61.44917199937898999 0.50000000000000100 0.86602540378443815 0.00000000000000226 0.86602540378443815 -0.50000000000000100 -0.00000000000000000 0.00000000000000113 0.00000000000000196 -1.00000000000000000 
1 -149.71152467121012819 86.75319956525166276 110.51118954258977567 0.05033835164450561 -0.02906286087048409 0.99830927095351418 0.99873114913079175 0.00000000000000000 -0.05035962426277816 0.00146359475343898 0.99957758584215106 0.02902598443420690 
Triangulations 0

TShapes 144
Ve
0.000000100000059
0.000000000000000 3.204453541936365 0.373153250880508
0 0

0101101
*
Ve
0.000000100000223
1.249999999999995 0.750223197431632 2.856373446817804
0 0

0101101
*
Ed
 0.000000100000000 1 1 0
1  1 0 0.000000000000000 1.671134937553096
2  1 1 0 0.000000000000000 1.671134937553096
2  2 2 0 0.000000000000000 1.671134937553096
0

0101000
+144 3 -143 3 *
Ve
0.000000100000058
0.000000000000028 3.146620174927623 0.869797290067964
0 0

0101101
*
Ve
0.000000100000222
0.999999999999996 1.183235899323851 2.856373446817804
0 0

0101101
*
Ed
 0.000000100000000 1 1 0
1  2 0 0.000000000000000 1.671134937553096
2  3 1 0 0.000000000000000 1.671134937553096
2  4 3 0 0.000000000000000 1.671134937553096
0

0101000
+141 3 -140 3 *
Ed
 0.000000100000057 1 1 0
1  3 0 0.000000000000000 0.500000000000000
2  5 1 6 0.000000000000000 0.500000000000000
2  6 4 6 0.000000000000000 0.500000000000000
0

0101000
+144 7 -141 7 *
Ed
 0.000000100000107 1 1 0
1  4 0 0.000000000000000 0.500000000000000
2  7 5 11 0.000000000000000 0.500000000000000
2  8 1 12 0.000000000000000 0.500000000000000
2  9 6 13 0.000000000000000 0.500000000000000
0

0101000
+143 13 -140 13 *
Wi

0101100
+142 2 -139 2 -138 5 +137 9 *
Fa
0  0.000000100000000 1 2

0101000
+136 0 *
Ve
0.000000100000045
294.348970613933204 173.146910961579891 20.162667943124266
0 0

0101101
*
Ve
0.000000100000222
295.598970613933261 170.692680617075126 22.645888139061540
0 0

0101101
*
Ed
 0.000000100000000 1 1 0
1  5 0 0.000000000000000 1.671134937553096
2  10 2 0 0.000000000000000 1.671134937553096
2  11 7 0 0.000000000000000 1.671134937553096
0

0101000
+134 3 -133 3 *
Ed
 0.000000100000045 1 1 0
1  6 0 0.000000000000000 340.460541365756512
2  12 2 18 0.000000000000000 340.460541365756512
2  13 8 19 0.000000000000000 340.460541365756512
0

0101000
+144 20 -134 20 *
Ed
 0.000000100000222 1 1 0
1  7 0 0.000000000000000 340.460541365756512
2  14 9 11 0.000000000000000 340.460541365756512
2  15 2 12 0.000000000000000 340.460541365756512
2  16 6 13 0.000000000000000 340.460541365756512
0

0101000
+133 13 -143 13 *
Wi

0101100
+132 2 -142 2 +131 17 +130 9 *
Fa
0  0.000000100000000 2 2

0101000
+129 0 *
Ve
0.000000100000040
294.348970613933204 173.089077594571165 20.659311982311724
0 0

0101101
*
Ve
0.000000100000222
295.348970613933261 171.125693318967336 22.645888139061540
0 0

0101101
*
Ed
 0.000000100000000 1 1 0
1  8 0 0.000000000000000 1.671134937553096
2  17 3 0 0.000000000000000 1.671134937553096
2  18 7 0 0.000000000000000 1.671134937553096
0

0101000
+127 3 -126 3 *
Ed
 0.000000100000040 1 1 0
1  9 0 0.000000000000000 340.460541365756512
2  19 3 23 0.000000000000000 340.460541365756512
2  20 10 19 0.000000000000000 340.460541365756512
0

0101000
+141 24 -127 24 *
Ed
 0.000000100000222 1 1 0
1  10 0 0.000000000000000 340.460541365756512
2  21 11 26 0.000000000000000 340.460541365756512
2  22 3 12 0.000000000000000 340.460541365756512
2  23 6 13 0.000000000000000 340.460541365756512
0

0101000
+140 13 -126 13 *
Wi

0101100
+139 2 -125 2 -124 22 +123 9 *
Fa
0  0.000000100000000 3 2

0101000
+122 0 *
Ve
0.000000100000132
-1.249999999999965 0.750223197431639 2.856373446817823
0 0

0101101
*
Ed
 0.000000100000000 1 1 0
1  11 0 0.000000000000000 1.671134937553096
2  24 4 0 0.000000000000000 1.671134937553096
2  25 12 0 0.000000000000000 1.671134937553096
0

0101000
+144 3 -120 3 *
Ve
0.000000100000121
-0.999999999999930 1.183235899323838 2.856373446817818
0 0

0101101
*
Ed
 0.000000100000000 1 1 0
1  12 0 0.000000000000000 1.671134937553096
2  26 4 0 0.000000000000000 1.671134937553096
2  27 13 0 0.000000000000000 1.671134937553096
0

0101000
+141 3 -118 3 *
Ed
 0.000000100000103 1 1 0
1  13 0 0.000000000000000 0.500000000000000
2  28 4 29 0.000000000000000 0.500000000000000
2  29 14 31 0.000000000000000 0.500000000000000
2  30 15 32 0.000000000000000 0.500000000000000
0

0101000
+120 32 -118 32 *
Wi

0101100
+119 2 -117 2 -138 5 +116 28 *
Fa
0  0.000000100000000 4 2

0101000
+115 0 *
Ve
0.000000100000222
0.336456118947949 0.222788391789697 2.794954546597491
0 0

0101101
*
Ed
 0.000000100000222 1 1 0
1  14 0 340.460541365756626 341.517197496252322
2  31 5 0 340.460541365756626 341.517197496252322
2  32 9 0 340.460541365756626 341.517197496252322
0

0101000
+143 34 -113 34 *
Ve
0.000000100000222
0.086456118947949 0.655801093681917 2.794954546597491
0 0

0101101
*
Ed
 0.000000100000002 1 1 0
1  15 0 0.000000000000000 0.500000000000000
2  33 5 0 0.000000000000000 0.500000000000000
2  34 16 0 0.000000000000000 0.500000000000000
0

0101000
+113 34 -111 34 *
Ed
 0.000000100000222 1 1 0
1  16 0 340.460541365756626 341.517197496252322
2  35 5 36 340.460541365756626 341.517197496252322
2  36 11 0 340.460541365756626 341.517197496252322
0

0101000
+140 37 -111 37 *
Wi

0101100
+137 9 -112 33 -110 33 +109 35 *
Fa
0  0.000000100000000 5 33

0101000
+108 0 *
Ed
 0.000000100000029 1 1 0
1  17 0 0.000000000000000 0.500000000000000
2  37 7 6 0.000000000000000 0.500000000000000
2  38 17 0 0.000000000000000 0.500000000000000
0

0101000
+134 7 -127 7 *
Ed
 0.000000100000098 1 1 0
1  18 0 0.000000000000000 0.500000000000000
2  39 18 11 0.000000000000000 0.500000000000000
2  40 7 12 0.000000000000000 0.500000000000000
2  41 6 13 0.000000000000000 0.500000000000000
0

0101000
+126 13 -133 13 *
Wi

0101100
+125 2 -132 2 +106 5 +105 9 *
Fa
0  0.000000100000000 7 2

0101000
+104 0 *
Ve
0.000000100000040
263.476458765689813 197.751865624404843 23.027873726277093
0 0

0101101
*
Ed
 0.000000100000000 1 1 0
1  19 0 0.526519819010765 1.262702477287030
2  42 8 19 0.526519819010765 1.262702477287030
2  43 17 40 0.526519819010765 1.262702477287030
0

0101000
+134 20 -102 20 *
Ve
0.000000100000040
-263.476458765689813 197.751865624404843 23.027873726277093
0 0

0101101
*
Ed
 0.000000100000000 1 1 0
1  20 0 1.262702477287030 1.878890176302763
2  44 8 19 1.262702477287030 1.878890176302763
2  45 19 40 1.262702477287030 1.878890176302763
0

0101000
+102 20 -100 20 *
Ve
0.000000100000064
-294.348970613933147 173.146910961579920 20.162667943124262
0 0

0101101
*
Ed
 0.000000100000000 1 1 0
1  21 0 1.878890176302763 2.615072834579028
2  46 8 19 1.878890176302763 2.615072834579028
